72 77
16 54 58 24 18 71 84 90 2 15 55 20 57 59 38 32 92 95 6 59 71 52 28 64 44 45 73 3 54 11 66 26 52 83 13 15 62 73 58 6 73 19 5 88 22 95 74 16 9 100 79 5 59 66 94 16 98 29 54 87 67 8 68 50 77 6 69 53 24 1 43 23 36 97 43 57 91
55 92 30 40 6 57 33 53 30 99 100 12 100 87 32 37 85 43 40 39 74 67 87 56 62 70 40 50 66 48 12 40 74 78 42 48 17 24 25 74 59 11 72 44 73 43 34 63 69 98 37 51 6 98 23 55 22 11 69 7 42 25 64 57 74 25 61 93 5 85 85 64 63 37 32 84 1
59 21 94 45 14 51 55 96 83 35 67 95 44 98 95 81 37 85 50 61 68 73 3 46 72 16 77 32 25 93 54 9 90 78 56 45 47 48 97 70 29 19 25 83 55 96 6 6 2 43 71 32 16 49 38 19 4 78 51 11 33 10 12 18 85 56 98 25 24 32 51 24 69 33 6 72 36
42 60 78 29 3 61 98 84 62 58 42 94 95 39 32 90 51 44 95 47 64 48 25 49 49 27 28 95 35 73 6 56 93 77 62 52 20 34 97 29 70 51 97 77 88 78 47 35 97 4 71 73 72 83 4 100 33 63 17 86 41 33 47 55 84 77 55 63 14 95 47 14 40 77 41 46 35
19 28 77 71 43 45 15 50 61 43 90 19 1 66 46 93 80 73 48 27 13 96 9 66 61 21 44 84 88 65 16 79 61 62 3 41 12 90 52 22 24 78 82 28 12 84 4 65 57 22 24 82 99 60 95 83 30 47 99 91 9 99 96 89 54 98 39 23 97 50 48 46 30 93 38 55 32
83 48 56 51 12 78 50 20 86 52 69 52 37 94 32 90 37 50 63 97 64 49 10 45 33 64 4 53 28 98 72 65 15 54 63 4 52 83 14 25 23 33 57 57 27 58 84 53 84 33 60 2 44 11 69 4 54 48 12 11 42 75 100 47 63 88 41 71 33 82 66 60 19 82 38 91 32
22 73 48 76 25 1 65 41 70 17 54 99 40 40 46 17 57 69 78 52 41 42 20 5 92 43 39 26 34 32 49 93 63 1 25 21 96 69 66 13 48 45 75 18 34 58 41 83 71 54 90 7 63 46 39 98 73 60 8 68 46 24 43 70 28 15 66 95 71 72 65 2 41 93 79 72 53
29 100 93 85 40 83 22 58 62 64 1 56 45 77 68 69 56 65 7 38 76 21 77 5 18 38 5 53 9 43 53 75 10 7 19 77 61 89 61 24 89 44 86 49 35 89 55 8 3 91 4 25 19 37 52 36 72 9 38 59 22 9 25 100 56 94 84 60 24 37 30 46 96 45 77 33 80
88 61 94 62 13 12 56 60 26 8 96 61 55 37 79 35 18 19 89 79 45 69 61 85 89 63 71 69 84 90 96 43 45 22 16 95 3 69 76 92 67 65 78 78 98 89 2 100 47 72 90 23 56 39 74 9 6 70 32 66 25 20 66 29 38 6 85 61 17 65 36 54 70 51 94 37 75
71 96 78 66 24 46 57 43 44 39 39 17 93 88 35 81 88 45 20 38 57 70 9 59 81 29 94 46 93 47 52 43 12 32 44 49 51 18 48 66 20 69 63 12 49 89 19 46 98 44 15 81 82 63 17 17 44 86 40 4 92 34 31 36 26 91 46 98 65 98 89 37 61 48 18 85 85
75 53 66 10 45 87 8 98 83 95 96 40 80 65 50 16 70 8 76 13 92 17 19 82 28 66 85 42 71 79 91 59 43 40 36 100 40 18 17 21 35 79 42 7 26 20 57 37 36 13 62 31 100 96 79 85 79 65 84 94 39 70 53 57 49 5 27 99 95 42 13 3 86 31 92 34 77
65 65 31 95 5 77 18 46 3 45 63 13 62 60 66 59 92 61 8 4 6 69 93 47 67 28 3 25 77 63 97 29 9 78 73 40 5 23 3 43 35 87 76 11 63 51 30 12 23 34 8 77 27 33 84 11 44 31 79 95 37 86 28 17 71 1 49 51 92 79 34 39 99 68 16 84 70
51 41 90 90 92 89 95 10 75 96 72 37 84 61 37 25 40 75 18 12 68 5 99 42 77 43 25 51 20 82 61 11 94 9 20 58 87 86 43 97 67 75 25 90 53 14 43 51 23 73 47 6 81 98 49 28 29 18 97 87 7 8 1 76 38 64 6 77 71 9 92 23 29 16 72 56 100
74 64 86 46 47 97 7 74 52 52 12 63 30 97 52 57 32 49 51 50 19 61 38 24 28 11 85 65 2 53 34 55 80 9 31 36 37 31 47 13 26 53 25 23 76 34 65 66 59 8 47 50 46 37 78 98 92 88 5 59 70 53 68 45 42 9 77 39 75 22 32 29 86 51 52 69 32
31 95 63 1 75 9 6 33 57 75 74 49 2 37 11 8 96 46 29 2 56 80 78 73 82 52 18 62 75 79 77 66 78 48 70 69 34 36 66 20 22 59 30 14 90 29 73 28 9 69 1 45 32 25 29 66 98 70 79 59 36 81 4 30 11 18 48 49 28 28 98 70 39 66 79 13 47
56 10 89 1 12 52 19 71 22 80 12 31 31 38 17 11 34 88 95 39 69 54 59 22 9 14 64 89 78 34 68 90 54 100 77 79 68 38 47 69 46 39 49 48 54 58 11 28 71 86 23 10 47 78 56 7 36 14 70 28 89 69 40 30 55 76 90 100 68 83 87 47 30 27 74 58 7
31 55 42 55 3 56 47 42 42 64 32 20 74 76 83 7 30 61 64 88 83 85 88 60 39 97 13 4 78 98 76 34 49 63 30 74 57 27 47 22 32 79 100 42 91 90 22 10 87 62 84 36 47 38 78 32 62 10 34 91 81 91 27 24 68 20 95 17 54 20 13 65 70 100 8 36 75
3 59 64 86 17 37 19 14 41 42 89 4 26 3 11 37 39 38 12 49 50 30 95 41 6 58 97 7 97 7 4 83 64 75 41 30 96 27 14 75 77 65 74 18 49 31 45 28 83 50 75 42 9 18 84 53 10 65 53 94 40 10 74 60 73 97 23 22 44 84 92 37 47 67 16 18 83
27 68 24 15 7 3 72 60 100 21 8 77 63 82 81 70 17 68 28 18 55 8 4 9 25 21 26 3 11 81 57 39 18 48 35 83 28 66 92 100 40 69 1 37 16 7 19 99 51 4 61 3 21 71 11 71 29 29 13 89 2 51 16 30 93 86 95 19 38 44 20 66 61 20 48 6 99
32 20 74 29 94 46 55 44 29 75 49 30 73 54 29 84 54 73 72 96 73 51 10 72 91 42 91 40 30 45 22 93 6 32 81 90 76 54 88 76 13 68 1 16 72 85 2 39 56 46 49 58 29 94 93 3 81 40 86 48 48 68 7 53 19 35 38 31 88 39 64 44 31 86 85 72 71
26 46 62 11 9 53 75 6 6 96 78 94 64 26 14 49 13 39 8 13 73 70 72 93 4 40 52 35 98 62 70 45 45 43 19 43 76 39 61 13 46 63 22 52 97 26 53 74 88 48 61 4 91 5 24 48 97 52 42 26 66 32 5 30 94 34 15 90 90 4 89 90 54 94 63 29 50
67 74 53 21 47 89 15 63 2 55 72 54 91 27 79 19 94 97 90 6 79 65 70 59 80 58 35 90 72 4 72 5 5 76 85 85 7 43 22 66 67 26 81 23 70 2 46 89 90 92 50 95 89 90 10 91 67 54 10 26 71 22 42 41 28 16 23 34 18 48 41 73 30 85 15 68 54
29 96 69 58 92 97 26 30 85 83 94 37 89 74 86 81 36 42 66 96 42 85 9 54 36 33 58 68 7 47 69 93 12 4 53 43 53 79 12 20 19 40 72 97 100 75 6 11 3 56 92 4 21 18 99 44 46 5 59 89 89 40 90 59 64 58 99 93 28 41 15 32 3 9 65 25 11
94 75 28 22 12 59 86 86 94 38 36 27 9 46 37 86 23 76 42 5 27 34 23 88 18 81 90 86 98 9 67 41 6 59 82 34 15 11 8 52 50 80 98 30 74 57 95 11 82 17 53 94 22 13 91 30 78 68 5 28 92 40 8 30 12 79 43 86 16 84 10 96 49 91 85 52 7
27 17 100 35 27 23 100 63 94 83 46 50 86 43 24 22 26 99 44 74 36 68 31 12 55 34 85 15 57 39 61 28 23 21 80 26 28 33 62 23 32 60 43 53 94 86 15 61 35 66 37 54 44 1 33 5 90 91 44 36 77 18 32 33 47 100 99 93 94 23 97 77 11 86 94 39 64
7 80 63 100 67 21 72 69 38 59 85 30 96 53 93 63 71 81 99 30 50 3 6 83 12 92 49 55 93 22 20 51 62 40 58 19 31 69 38 57 95 18 80 76 66 51 93 15 98 1 13 4 98 53 24 65 46 80 43 80 85 48 69 97 27 22 58 90 26 72 34 74 7 61 96 94 89
67 77 45 86 56 4 65 50 76 8 63 87 29 40 70 65 12 22 53 33 27 13 75 20 52 27 63 99 13 55 54 57 20 8 81 9 49 51 9 72 81 5 76 84 18 63 9 10 77 73 23 98 31 57 72 17 46 18 52 11 5 21 55 93 23 14 67 93 61 6 32 41 75 99 94 5 100
17 13 32 35 16 92 56 49 1 40 60 56 34 17 7 74 68 92 99 7 83 95 83 43 37 95 65 52 95 16 74 30 80 30 79 63 34 94 64 73 66 70 63 6 31 18 35 36 50 67 37 33 64 9 47 92 21 88 23 96 64 58 31 45 82 4 70 1 43 78 65 65 51 60 36 8 57
63 30 74 66 7 80 16 4 97 68 40 13 72 69 17 70 20 3 48 27 84 27 8 84 76 21 30 68 29 67 100 25 40 46 17 93 40 100 62 76 36 56 62 13 36 85 48 5 50 7 24 94 12 72 69 28 37 46 15 74 5 10 45 10 89 25 32 18 94 4 68 10 12 65 6 34 38
96 79 90 44 11 93 79 34 2 60 39 55 46 70 35 40 56 61 77 66 28 96 41 29 42 20 40 63 76 97 99 32 26 26 8 15 35 50 54 24 45 79 78 12 39 23 30 58 64 24 57 39 34 56 74 37 28 66 54 75 21 31 8 72 39 93 99 57 87 63 36 92 37 53 32 34 33
39 84 79 99 36 6 97 81 37 38 74 79 5 38 86 84 12 42 80 66 7 72 47 26 46 51 9 81 60 85 31 58 30 31 55 29 86 12 38 19 34 68 100 19 66 6 78 37 82 24 7 9 56 90 46 1 44 74 82 50 5 46 29 29 7 18 71 22 57 20 47 57 20 9 68 72 97
98 21 35 64 58 68 74 85 50 60 44 88 90 85 88 83 90 38 77 26 69 45 85 18 5 25 87 39 83 100 33 5 52 94 91 48 57 85 66 58 6 15 43 71 93 53 7 15 81 45 59 85 89 26 64 4 71 18 57 42 60 81 68 22 98 65 69 34 12 37 32 70 76 49 70 4 58
90 91 76 16 58 15 54 25 63 33 97 51 60 67 58 20 100 75 37 63 78 53 31 27 72 54 34 39 52 16 29 38 64 92 67 86 65 4 9 1 2 13 9 68 94 100 18 53 7 59 30 68 65 78 19 18 38 14 89 36 27 99 2 28 43 65 79 39 70 40 35 90 25 52 9 46 84
97 63 29 52 95 68 28 2 70 85 10 47 34 100 34 93 13 85 4 59 3 61 91 57 57 59 7 43 41 89 65 5 18 76 64 49 61 80 19 85 3 94 42 11 36 86 97 88 11 11 86 12 34 85 83 98 40 46 44 99 74 96 38 87 7 78 12 84 35 17 13 22 74 13 63 75 80
60 50 27 1 91 39 66 58 14 50 41 97 4 74 39 9 39 36 69 96 65 15 68 3 20 11 73 99 87 99 45 32 58 12 78 38 38 38 86 75 69 88 86 52 44 80 38 79 81 60 11 4 40 52 49 15 57 8 78 14 36 24 66 23 35 31 57 3 79 71 98 24 93 26 18 85 23
22 68 52 43 69 53 37 48 84 3 95 47 92 62 74 47 22 11 56 12 47 60 93 44 39 31 78 55 47 31 95 68 40 5 32 37 55 15 49 40 82 42 37 6 16 59 57 89 19 18 4 92 1 36 26 69 49 14 49 14 36 39 99 84 87 21 94 98 2 38 21 73 62 42 36 71 23
63 21 65 57 29 43 76 56 79 38 3 25 70 85 87 67 72 37 79 22 88 47 86 91 40 16 46 52 79 23 38 89 72 83 91 20 46 85 83 72 2 23 30 100 58 2 46 46 40 1 36 22 42 7 18 93 58 20 68 25 61 35 90 83 8 10 21 70 39 45 94 38 97 56 77 53 4
55 90 5 37 67 47 70 19 90 2 12 77 67 50 32 60 44 40 100 37 92 49 49 11 8 76 37 41 68 45 4 95 66 71 38 73 34 78 30 87 84 69 45 63 82 49 66 48 57 52 100 45 67 43 76 29 63 26 45 92 8 41 58 18 61 2 3 71 20 98 42 15 9 8 51 34 9
25 69 66 20 49 68 63 32 80 16 27 68 60 71 92 80 82 26 31 5 55 47 38 95 57 95 1 60 99 82 20 76 13 60 80 47 47 19 39 67 44 8 4 83 85 14 95 7 55 64 17 29 54 51 32 16 7 84 78 34 45 87 35 35 90 32 95 55 19 29 37 4 90 8 24 74 2
70 7 67 25 76 96 39 17 54 56 26 76 53 43 95 38 77 77 53 39 31 12 100 61 2 68 99 82 12 51 75 98 28 83 86 28 75 20 69 51 24 98 91 31 23 58 79 99 52 56 55 85 72 98 38 56 71 99 23 62 65 81 56 86 75 59 81 43 52 69 64 22 25 94 25 48 93
21 26 36 17 35 81 59 55 84 97 85 95 35 69 39 22 43 23 74 23 87 56 55 12 95 4 18 14 96 65 44 71 91 43 48 27 54 95 66 20 4 72 47 31 37 85 36 80 63 20 85 13 66 31 87 34 11 1 21 10 5 67 7 14 27 43 24 74 9 77 86 24 21 64 67 94 81
3 43 18 34 61 39 15 14 82 76 46 63 75 32 94 35 75 36 21 91 74 11 74 72 30 38 31 31 77 29 28 59 43 96 24 48 96 13 28 66 36 25 84 64 81 82 8 87 17 68 36 6 20 82 40 99 76 83 15 61 51 4 41 76 8 4 66 30 11 7 41 67 42 19 65 59 8
84 22 10 40 82 83 28 69 65 43 98 21 56 34 41 26 56 34 54 60 15 21 34 28 76 44 47 36 42 48 58 20 85 36 30 81 63 63 81 12 11 52 89 94 98 19 30 17 74 34 30 9 84 80 50 72 69 84 19 70 93 73 3 45 83 40 28 96 38 87 85 43 96 29 77 74 92
15 20 37 2 33 93 52 76 11 32 74 57 73 11 52 4 57 36 19 34 24 33 93 9 80 28 92 89 33 80 99 95 44 68 75 7 84 10 77 62 59 2 32 37 48 68 41 57 27 99 77 19 72 20 32 81 76 63 60 46 13 31 19 2 8 64 16 18 66 100 19 19 50 75 80 29 8
80 54 65 23 95 61 78 58 48 60 4 90 40 51 82 87 51 43 86 51 97 55 83 87 29 3 98 19 39 23 40 81 24 23 55 61 64 13 70 92 59 14 34 11 12 36 38 94 70 31 91 64 55 51 9 83 80 42 28 79 41 37 6 24 25 100 24 74 78 46 16 38 44 46 66 77 59
92 74 38 38 27 4 15 59 3 96 87 85 30 41 56 99 34 85 88 86 61 79 1 36 43 59 58 7 64 37 35 66 100 45 84 17 67 82 16 27 44 97 91 23 19 76 21 60 26 26 17 98 61 34 27 44 58 100 10 72 28 58 45 79 42 59 58 89 2 60 92 77 46 60 81 92 79
82 55 4 64 36 52 31 18 73 15 1 77 62 77 75 17 14 44 44 34 21 15 49 5 79 14 59 17 20 7 35 100 46 17 79 37 8 28 4 94 94 9 8 61 94 8 68 33 97 15 8 70 55 36 73 68 86 94 91 32 38 12 49 60 33 79 94 1 33 41 21 74 62 25 95 6 4
41 87 62 74 82 46 4 76 99 21 71 38 24 52 41 97 69 72 53 78 89 27 16 21 84 30 66 24 32 27 8 19 82 16 41 50 85 4 34 25 11 37 78 31 77 58 90 42 44 33 28 90 76 55 78 40 7 35 61 57 37 36 71 60 59 55 66 40 41 89 90 65 37 9 40 32 33
20 68 69 31 72 56 56 11 18 22 84 61 48 37 56 29 83 98 6 31 53 12 65 46 77 41 85 72 81 63 54 86 84 99 69 54 45 91 65 10 93 50 34 19 1 24 51 70 62 30 90 86 72 49 52 2 40 22 28 40 5 5 48 6 29 38 86 63 93 43 85 38 82 32 33 87 42
75 78 42 67 79 71 72 61 59 6 63 86 11 31 57 21 11 39 44 63 19 30 4 66 73 87 34 95 81 42 28 99 94 50 65 24 93 34 98 49 83 70 56 51 50 54 72 49 8 26 61 94 72 90 53 6 97 84 46 66 40 52 2 84 4 55 37 59 88 51 3 78 9 25 58 39 20
80 24 26 86 82 95 30 98 89 8 27 83 99 75 33 27 73 34 58 51 52 72 94 83 85 19 10 84 99 83 54 37 18 81 34 11 54 64 48 5 100 35 99 50 57 92 99 24 77 3 95 29 74 93 19 72 24 75 88 74 55 97 96 89 63 76 42 8 63 64 14 33 58 94 41 8 29
17 96 88 89 89 89 91 96 33 89 77 18 57 35 93 98 76 2 99 40 100 67 53 5 34 37 93 53 99 49 83 24 47 59 43 61 65 46 5 67 39 92 31 96 52 93 46 75 71 34 93 28 37 39 78 47 26 18 67 33 4 38 24 26 24 22 85 100 30 56 94 10 35 48 66 57 69
49 25 7 46 93 65 96 72 40 63 34 36 95 73 71 48 6 63 22 35 80 10 7 80 89 36 54 90 73 49 15 18 11 74 21 45 44 84 40 80 65 79 81 73 34 64 95 36 100 87 13 45 65 17 1 40 35 93 71 82 87 89 78 98 63 20 18 21 81 86 75 97 94 15 45 56 37
31 92 35 48 38 70 64 5 47 99 93 97 46 36 6 38 27 79 6 77 17 74 72 2 6 46 92 18 79 93 81 2 36 39 69 26 6 6 11 65 72 68 87 91 31 70 95 10 41 74 33 37 31 4 77 66 90 16 56 51 35 62 25 28 73 3 62 95 40 72 22 67 68 73 63 21 72
96 67 83 79 74 99 43 19 32 89 33 80 78 13 84 31 100 74 78 12 9 63 29 72 97 38 8 83 30 55 3 9 83 13 38 95 51 16 80 24 56 10 62 25 43 11 57 34 90 95 50 87 9 51 53 86 81 50 76 100 82 66 1 69 70 5 53 75 67 29 78 76 45 15 47 45 84
31 94 34 29 97 39 38 38 98 39 89 99 59 100 5 62 49 63 69 38 24 5 77 72 5 86 89 14 29 7 92 28 12 67 37 84 34 69 75 97 73 44 6 67 39 98 52 61 62 21 9 43 65 7 63 74 44 33 33 80 87 2 57 28 87 33 72 64 73 4 76 37 3 38 49 6 84
96 69 60 84 19 45 12 64 33 61 74 7 65 62 38 65 84 70 28 86 58 86 16 91 100 59 70 80 43 18 16 62 12 18 30 27 22 49 81 42 25 41 27 13 44 16 86 87 41 57 27 35 31 13 65 10 49 74 34 89 25 61 32 51 100 98 100 96 68 48 27 58 90 6 50 46 44
93 33 58 94 23 50 18 53 7 74 1 75 42 87 77 70 86 99 41 47 76 89 90 86 91 70 84 99 63 47 51 27 40 94 89 57 67 12 81 6 9 16 37 99 90 77 84 45 48 37 3 69 25 42 69 53 10 98 73 94 53 77 99 100 56 57 5 51 99 50 2 92 11 99 80 75 80
81 83 66 92 37 18 49 85 59 58 23 25 77 19 10 92 97 90 87 30 20 8 93 93 95 49 25 93 78 61 24 74 94 69 96 50 99 77 5 36 99 40 70 76 14 33 83 28 46 20 60 2 52 48 61 30 68 20 35 55 78 28 99 41 42 34 85 70 64 48 84 58 75 59 49 90 55
96 49 80 61 46 6 31 32 17 4 58 45 41 36 84 66 6 18 53 66 2 28 24 80 15 98 66 62 24 31 45 52 42 76 6 66 19 99 67 42 17 71 97 61 36 90 17 51 98 63 82 72 86 69 67 2 39 63 17 57 70 70 7 71 10 64 28 8 20 23 40 42 66 5 3 40 83
40 14 44 16 53 40 20 65 68 76 91 55 88 67 12 25 33 29 73 21 9 43 27 88 80 71 33 56 49 31 100 96 14 55 70 21 99 6 62 76 38 83 86 80 83 44 6 81 72 15 40 5 80 82 20 27 19 32 87 25 49 14 46 46 88 4 93 16 51 97 5 86 1 100 96 9 25
76 39 27 87 24 20 8 3 15 7 33 76 51 83 91 80 81 77 66 50 12 12 49 88 33 81 55 66 99 5 78 90 30 72 6 26 2 69 14 75 12 31 99 31 72 46 13 50 33 79 19 76 53 8 80 22 70 15 75 89 35 4 7 51 75 89 31 21 79 50 57 25 15 29 12 17 26
67 100 99 77 96 93 54 49 96 82 97 68 19 95 75 82 93 57 82 19 29 37 52 40 3 15 79 34 25 20 12 34 19 67 31 84 1 40 56 45 37 70 89 22 96 62 46 70 78 35 21 70 89 56 15 57 41 8 63 50 1 100 46 100 10 10 54 33 50 73 3 72 94 5 6 65 43
16 72 48 72 57 38 40 92 48 55 17 16 70 67 46 100 23 61 48 23 37 68 37 62 99 61 48 44 58 56 65 11 26 71 47 30 20 71 77 83 2 98 70 19 47 85 12 84 21 87 58 50 33 13 48 10 54 51 75 30 49 47 94 77 55 45 93 78 66 55 68 66 1 22 74 87 95
36 34 42 55 99 93 88 29 21 50 93 35 74 46 41 38 83 28 40 95 77 24 20 14 90 98 100 89 49 14 27 80 12 9 85 16 20 71 13 97 29 2 100 1 44 69 41 34 37 10 57 99 66 1 97 93 11 63 1 39 89 62 88 16 96 97 50 52 92 30 100 58 99 62 10 4 27
40 29 52 11 90 12 13 62 40 60 81 16 87 47 18 96 73 25 94 10 66 96 76 38 59 6 11 33 60 92 93 37 11 50 24 7 18 40 84 60 73 67 61 72 69 67 22 44 89 35 83 41 51 8 95 94 1 23 64 61 29 42 11 4 49 19 59 27 47 5 45 40 20 47 2 39 11
20 40 52 40 22 94 37 58 25 77 16 90 54 70 45 5 11 94 7 11 61 40 73 69 61 98 30 88 6 11 50 15 84 59 23 43 29 55 82 29 48 50 72 72 39 64 47 91 39 11 38 73 7 67 7 11 17 34 42 70 24 76 63 22 95 23 11 98 77 34 93 77 33 7 14 84 95
86 97 65 28 20 9 63 30 81 99 71 76 10 68 46 53 29 7 76 18 76 15 29 89 48 16 82 23 67 78 50 14 93 54 37 99 12 12 97 10 1 8 79 28 8 17 48 88 51 42 57 69 19 87 76 34 20 64 63 59 42 45 46 91 52 41 24 67 100 87 42 98 95 34 8 21 42
79 96 93 93 25 12 91 51 23 2 83 90 18 10 32 77 81 100 31 39 52 74 70 34 58 88 23 71 37 62 64 48 27 30 81 91 14 98 16 97 7 20 85 39 20 77 95 75 99 27 45 79 78 10 68 49 97 41 84 18 77 52 53 97 86 5 64 58 66 35 70 44 35 66 28 94 15
61 91 33 32 64 22 70 39 90 82 50 60 62 26 35 82 56 7 81 22 2 33 81 2 83 98 8 52 28 7 95 80 26 85 77 22 31 85 95 23 8 88 63 15 66 28 35 44 24 7 60 93 85 85 96 77 38 7 97 20 46 58 91 22 3 1 97 99 72 3 7 86 93 85 82 51 23
83 37 19 41 52 18 97 74 23 16 10 31 59 52 16 79 58 77 80 34 86 9 73 79 16 44 81 13 97 91 66 15 86 77 99 95 71 4 56 72 92 32 87 32 6 4 33 76 59 93 96 21 44 55 2 67 7 17 90 72 42 4 45 19 42 67 4 46 79 90 69 36 11 80 27 43 93
81 45 37 16 56 41 9 72 9 29 37 97 18 98 42 90 95 57 27 63 96 91 53 85 14 83 79 73 73 78 9 20 40 10 82 98 29 51 78 90 38 10 45 49 20 90 66 37 4 80 87 100 67 78 81 85 74 32 63 10 69 23 38 10 32 34 51 9 20 98 12 6 71 16 95 100 66
