18 34
60 94 32 55 29 90 76 87 32 30 40 62 40 11 32 42 54 24 64 75 58 99 24 42 94 33 53 98 73 97 31 56 35 44
95 64 90 39 92 79 16 28 60 15 40 46 48 81 74 64 12 54 75 52 23 32 79 28 39 46 49 68 51 83 1 29 70 94
72 25 20 97 97 28 22 68 69 35 91 45 12 71 11 42 75 88 58 85 22 95 23 6 43 76 10 41 54 16 76 34 58 78
64 90 95 68 33 88 85 41 59 88 98 77 14 75 8 96 90 52 22 22 88 44 51 95 43 12 90 10 62 71 19 79 1 49
90 25 26 72 24 81 31 76 26 21 29 54 65 52 15 97 10 39 15 23 49 51 67 47 37 19 32 49 41 32 83 43 66 43
57 42 68 92 21 53 26 81 87 37 22 52 72 96 88 40 3 28 65 57 98 46 23 51 13 12 59 25 69 55 4 6 69 21
86 96 86 5 57 99 13 83 39 76 5 70 83 62 45 77 75 13 98 54 72 54 57 29 89 66 92 77 82 98 3 54 94 69
89 34 43 92 54 5 24 59 71 51 26 5 88 81 67 38 34 26 45 43 73 63 95 50 60 45 49 38 18 83 24 41 71 51
44 44 47 17 1 59 62 13 79 77 5 12 50 70 48 63 32 39 61 7 61 26 83 76 14 87 99 79 25 58 7 45 16 43
88 26 74 46 45 14 69 86 96 7 78 35 89 75 55 98 44 16 15 94 56 65 55 37 89 6 59 93 18 83 15 44 96 65
31 85 97 85 56 79 12 93 89 46 80 20 36 44 71 2 38 42 69 48 14 20 53 25 72 31 63 45 61 12 79 96 76 87
33 39 32 38 66 94 37 99 50 65 65 41 13 45 56 78 27 78 65 4 83 23 90 81 11 55 10 7 6 45 98 90 42 94
90 49 93 95 56 14 70 91 92 89 99 50 14 61 5 14 18 56 58 84 59 38 34 46 14 65 33 64 27 44 56 56 16 65
86 11 32 94 85 21 71 19 49 80 5 72 24 64 76 54 82 85 70 16 15 1 25 22 43 99 48 90 78 1 67 13 60 50
99 65 14 91 53 72 6 99 35 79 71 44 79 4 53 97 98 17 43 8 92 18 73 60 30 56 52 52 31 87 92 81 72 69
82 82 54 56 70 96 98 2 47 19 62 87 88 56 33 95 13 40 33 28 55 83 52 22 99 45 97 85 78 35 83 39 25 85
90 15 67 22 64 45 23 60 31 19 66 54 50 55 30 44 29 65 40 98 45 52 11 92 47 8 73 4 44 91 46 72 9 96
78 53 23 3 48 56 53 87 85 52 33 92 37 45 61 81 40 67 23 1 55 86 35 28 58 44 87 60 61 55 59 85 78 66
