90 66
75 99 42 37 15 49 16 85 52 56 97 98 84 35 41 91 23 28 50 4 52 74 7 84 76 17 98 46 76 79 45 82 47 31 89 100 95 100 93 1 54 8 42 27 56 65 27 90 39 40 34 38 27 4 31 35 47 30 84 14 4 51 62 66 40 37
32 43 58 17 45 14 100 56 43 89 97 24 61 36 24 22 49 52 4 78 26 3 94 87 11 5 28 75 13 53 68 41 85 39 72 45 90 96 26 83 5 22 47 49 30 66 68 10 82 11 57 43 73 45 14 31 6 30 74 9 29 43 21 86 72 38
41 36 33 19 85 63 43 45 46 41 75 75 69 91 94 54 21 50 40 8 13 27 38 77 97 7 30 65 45 74 95 74 65 42 9 12 75 82 78 18 66 79 31 23 81 7 20 1 28 56 22 72 84 91 78 14 16 30 66 38 95 51 55 19 49 54
3 34 14 53 6 18 12 6 56 30 67 84 37 17 45 17 35 42 68 95 43 22 57 74 34 50 47 58 35 59 87 66 98 37 100 72 26 60 86 69 94 9 75 3 61 8 6 97 88 85 20 59 57 25 3 39 65 9 88 51 20 93 80 72 28 38
47 86 51 8 26 53 22 4 37 32 83 65 42 24 13 97 79 95 15 57 6 92 73 24 92 6 5 30 93 73 21 12 18 1 28 71 66 14 32 17 65 90 67 81 49 33 65 35 67 30 21 32 50 43 34 31 78 54 24 23 89 69 30 95 56 71
50 100 72 40 79 82 87 19 51 70 91 61 93 18 51 81 52 41 19 30 81 56 50 13 53 5 27 67 63 55 59 73 48 59 10 26 40 26 15 9 48 83 97 16 65 90 19 84 96 56 30 34 34 93 25 49 9 20 73 9 51 53 70 35 27 93
46 70 82 37 73 41 45 56 57 42 44 95 71 27 8 90 93 35 40 93 5 55 80 54 50 73 51 45 45 4 67 53 11 70 98 32 37 15 68 30 100 51 46 2 23 17 57 2 25 52 3 36 71 71 65 77 17 40 78 77 92 18 87 71 33 63
36 22 99 51 17 96 50 58 84 74 75 20 82 65 70 75 53 67 91 28 1 64 100 30 69 31 71 63 16 92 40 89 35 80 100 84 69 55 100 52 22 72 7 46 64 25 9 26 3 21 78 40 67 40 90 95 20 46 50 48 85 3 96 23 59 72
58 43 40 49 36 21 83 82 51 32 27 12 48 66 100 30 94 9 48 36 7 94 82 22 21 1 7 36 57 47 98 64 47 73 49 36 84 25 16 19 51 98 62 98 65 27 42 87 21 92 72 68 7 20 31 24 85 2 93 3 83 39 25 44 85 71
97 20 94 92 60 60 35 19 41 29 35 8 17 79 17 29 38 56 10 37 36 75 96 50 4 93 66 88 47 30 78 88 19 43 56 22 76 43 16 21 42 71 97 15 10 90 60 47 54 5 5 13 53 60 87 3 99 73 62 14 53 72 72 31 60 31
21 14 84 35 84 18 46 95 25 86 89 65 76 96 1 94 38 84 65 25 11 31 87 55 59 77 30 42 5 87 71 87 73 41 27 96 49 11 80 86 58 98 49 75 7 74 3 48 30 90 9 16 98 95 44 64 14 36 16 10 92 37 81 24 96 79
6 51 33 20 42 7 32 99 79 20 76 38 55 1 98 6 49 33 66 43 89 67 77 57 43 42 29 45 22 1 37 72 80 15 10 49 36 30 83 69 86 97 87 28 62 71 88 13 4 6 78 38 15 77 69 42 100 29 32 59 65 22 14 99 29 100
34 93 11 76 15 96 7 61 32 36 100 82 50 27 18 65 45 70 21 84 75 60 99 60 29 51 95 67 6 14 63 15 79 65 87 7 60 67 30 64 79 77 87 4 94 32 28 29 97 9 16 26 78 18 11 50 32 76 99 97 26 35 40 26 28 30
91 66 18 43 38 86 80 16 82 87 34 52 90 15 13 80 15 50 61 62 61 75 69 11 38 83 84 87 84 32 85 5 91 38 57 52 3 68 39 42 19 91 80 78 55 66 85 31 39 49 6 38 69 7 48 20 83 42 57 62 40 22 34 65 65 57
5 58 22 45 40 25 3 54 78 71 28 86 21 26 84 58 92 28 73 47 97 19 79 65 57 92 8 18 7 1 26 30 26 64 83 50 15 57 49 58 35 31 8 11 13 48 53 93 66 54 76 90 20 76 73 60 25 76 15 31 88 56 1 77 17 8
61 5 13 20 78 66 91 58 80 2 33 38 59 15 74 36 100 24 10 46 95 43 99 15 9 74 73 31 52 67 72 64 93 32 64 44 17 51 22 56 60 82 73 20 17 27 27 36 58 34 37 7 6 11 88 85 32 13 78 74 83 75 85 9 70 47
49 82 39 96 32 100 79 68 1 38 20 13 33 48 53 99 90 17 16 35 97 26 81 51 63 93 75 57 14 91 77 92 97 6 15 97 93 36 33 7 73 56 99 33 68 74 81 27 38 29 1 99 97 18 79 45 41 76 80 46 17 94 18 5 87 40
34 94 9 6 71 39 58 58 63 28 41 12 96 19 68 6 52 36 23 8 4 85 38 66 25 53 21 5 92 86 42 96 84 40 48 99 1 68 6 15 23 81 90 3 4 6 79 74 62 16 13 50 24 54 31 96 43 2 77 13 20 61 8 37 32 30
14 31 54 55 19 16 36 21 20 54 73 12 57 71 67 62 66 98 68 60 45 83 9 94 11 46 81 88 8 49 15 72 40 61 87 95 11 73 62 86 71 11 28 90 33 58 42 35 50 77 20 80 86 60 40 39 74 32 44 82 81 2 12 55 92 14
12 4 84 14 4 30 80 88 48 23 23 51 3 45 96 47 87 13 44 54 55 100 22 7 68 24 53 53 80 42 36 87 31 35 48 22 71 49 81 70 43 51 54 14 75 11 70 7 2 19 26 72 87 6 71 71 6 17 27 77 42 41 34 78 75 27
69 67 46 17 44 77 2 46 44 71 58 34 35 91 88 58 15 77 72 75 73 95 29 33 91 76 71 41 84 91 58 52 58 39 54 20 99 33 83 41 84 25 19 21 56 69 90 47 53 86 21 98 44 24 6 32 13 28 39 5 48 96 57 10 75 79
26 90 84 66 62 95 87 38 7 60 23 82 79 66 55 67 87 44 100 70 57 7 13 38 29 13 20 71 71 94 31 83 67 1 26 71 7 97 11 88 41 51 33 6 16 57 57 8 93 27 21 13 29 9 92 30 65 18 27 26 57 27 84 67 25 7
24 49 9 98 33 7 82 39 46 88 89 22 7 52 8 73 24 73 91 55 64 12 45 87 29 75 94 26 9 30 83 7 8 72 84 74 41 17 62 11 19 78 37 92 73 61 3 90 15 69 6 83 62 12 38 64 81 71 55 2 62 29 38 10 73 76
37 33 44 89 92 67 42 62 29 60 35 13 95 88 11 26 59 99 34 13 27 6 9 33 67 27 84 72 57 39 79 73 68 8 96 14 52 88 40 29 20 12 89 81 4 65 53 8 57 35 45 84 26 79 68 55 51 37 61 87 49 26 86 6 28 62
2 73 100 29 2 39 59 30 83 81 25 93 84 75 1 82 5 81 31 98 46 95 15 61 30 86 61 15 86 60 30 19 83 94 97 58 79 20 17 26 10 24 94 18 11 31 46 63 8 76 7 84 64 18 26 90 11 73 18 63 3 19 9 64 6 65
50 88 94 3 23 71 48 36 57 6 76 43 42 61 33 1 98 75 8 24 9 76 73 99 15 69 62 39 58 44 90 89 100 10 65 26 97 29 54 63 27 61 86 21 26 85 3 99 51 14 95 17 11 32 30 37 93 46 49 12 60 35 69 24 70 92
75 59 82 64 41 6 67 1 76 39 92 77 96 7 87 61 9 68 73 69 52 83 28 16 21 97 56 38 58 80 50 83 76 43 78 97 95 85 71 56 20 78 28 69 67 14 37 21 3 23 22 87 17 49 7 17 31 28 78 51 88 22 40 41 83 90
78 79 58 40 15 65 85 53 9 55 88 57 38 5 55 92 79 87 59 34 87 93 97 39 13 69 73 34 13 69 10 47 30 54 17 62 76 49 75 18 36 93 15 31 33 41 47 60 56 28 89 60 71 2 5 99 73 9 44 19 53 48 72 32 41 98
43 100 10 71 90 27 69 2 84 51 75 98 25 11 52 62 70 61 64 14 5 84 32 25 45 67 47 40 82 31 40 80 58 51 44 71 30 41 19 27 83 48 87 27 3 100 60 74 12 34 49 77 79 69 79 56 36 20 56 80 82 69 15 28 29 100
46 37 27 88 94 10 80 75 39 52 23 21 63 75 42 23 47 49 41 36 1 43 62 75 52 52 85 74 9 32 72 22 26 34 46 32 91 85 91 40 100 14 63 68 2 1 36 60 90 100 41 35 72 84 45 16 77 85 99 5 90 82 23 72 65 37
49 9 30 52 84 67 52 28 98 38 4 20 50 96 77 45 90 51 24 41 94 10 82 82 69 100 87 89 30 97 90 34 33 22 54 2 40 3 19 22 4 67 26 61 60 36 89 13 68 8 14 6 33 47 93 28 97 25 48 98 25 94 95 58 59 48
100 87 57 46 92 36 85 27 79 47 86 4 41 7 83 65 90 61 67 69 75 49 60 89 80 75 52 47 52 52 85 95 92 91 48 82 44 87 17 89 32 63 100 80 26 75 15 52 87 84 50 5 67 55 63 64 48 58 44 96 42 4 41 47 13 23
42 48 83 70 68 67 13 19 23 60 11 13 36 99 2 19 52 35 49 30 9 66 40 3 43 97 17 83 81 52 3 54 17 4 24 62 10 7 37 94 57 28 1 62 22 11 86 32 59 63 43 100 33 74 66 33 10 93 36 32 99 65 27 16 99 93
95 10 47 58 45 85 87 87 75 69 45 24 16 53 5 8 75 11 41 10 65 64 22 49 100 7 50 76 5 6 99 81 26 14 11 7 36 26 46 62 58 99 46 82 23 42 41 12 49 46 100 24 31 72 69 82 84 77 22 11 84 43 72 18 22 14
39 80 99 8 52 29 42 22 95 28 100 17 99 69 74 2 74 45 13 34 93 25 69 21 34 99 65 79 28 9 97 31 29 67 45 83 35 84 62 60 29 43 95 28 26 92 98 22 31 32 86 13 16 73 46 95 8 7 43 58 22 42 71 28 47 97
79 99 10 78 63 41 17 48 79 82 88 17 80 26 34 51 15 73 44 33 44 3 95 5 67 89 58 97 72 81 55 38 29 69 72 13 60 39 93 93 80 84 64 27 84 10 50 100 91 70 96 100 67 58 79 63 12 39 24 69 99 11 19 26 78 61
35 11 46 8 91 70 88 33 14 100 16 87 72 53 59 25 43 91 58 51 45 26 43 5 56 8 64 17 65 65 2 41 58 81 16 80 46 41 76 89 18 58 85 44 61 16 90 82 39 74 70 87 39 38 84 10 38 84 80 43 91 62 67 71 85 19
79 93 85 100 15 8 33 18 50 46 13 30 13 83 15 73 62 44 10 15 46 74 6 86 7 10 20 98 62 38 76 73 11 37 10 16 95 39 69 76 65 3 52 10 80 98 23 27 67 85 38 41 66 9 9 58 40 16 12 22 70 27 3 46 67 43
80 57 64 93 15 20 34 74 39 74 98 90 27 34 92 11 36 3 39 28 45 27 84 76 26 15 93 49 90 91 8 88 27 99 31 10 79 53 66 88 96 72 67 19 43 72 50 8 14 26 18 98 95 43 18 75 84 68 59 76 77 84 1 95 75 82
92 27 18 36 9 27 81 29 13 6 68 78 65 67 50 7 42 51 24 8 27 51 77 72 89 44 52 85 87 60 20 85 66 35 66 82 18 46 80 69 81 66 80 72 96 60 86 39 80 48 42 43 39 15 57 50 59 50 51 42 49 95 18 58 34 94
13 52 58 13 83 56 46 8 40 61 47 72 64 93 88 76 79 56 85 24 49 71 36 49 95 23 12 25 29 87 95 89 93 1 100 40 76 53 34 70 60 75 64 29 90 4 45 51 9 42 41 80 67 99 9 61 50 47 3 49 41 25 78 67 24 32
53 20 77 97 65 55 65 56 60 74 38 79 91 86 26 51 56 29 32 38 61 67 34 23 63 12 10 99 30 68 73 36 4 89 5 61 16 20 97 41 62 88 79 27 56 84 5 81 86 63 28 27 65 42 13 75 68 36 93 3 28 65 23 58 46 25
76 83 23 90 46 50 35 1 17 64 89 45 2 53 58 85 72 12 48 54 37 19 5 28 40 35 36 53 4 26 11 22 6 75 41 14 86 55 18 56 56 70 69 33 25 75 45 43 78 35 99 4 100 18 99 61 73 96 41 24 99 28 74 15 43 19
55 40 71 15 25 70 96 64 30 5 25 75 90 61 60 49 62 51 52 94 17 97 6 58 56 34 36 64 16 21 67 33 68 6 40 43 8 6 73 3 28 44 76 64 10 80 64 70 36 47 52 85 100 70 61 93 52 32 59 25 24 99 58 3 13 82
77 40 65 40 19 80 80 31 98 43 33 11 4 21 49 45 80 84 63 63 84 12 22 61 96 88 95 85 92 87 41 63 85 87 93 24 66 89 58 73 57 33 90 18 23 28 83 52 59 3 95 33 57 29 49 94 91 81 32 31 49 9 33 74 50 95
71 91 46 62 57 6 70 4 54 69 96 53 75 8 35 74 92 18 63 94 78 62 69 56 12 62 37 3 21 70 71 19 80 16 56 1 65 26 73 16 40 17 69 93 60 13 31 80 89 34 78 60 4 61 68 13 86 53 65 100 100 95 96 70 79 87
90 76 28 94 78 83 1 89 81 16 56 64 87 62 31 71 82 83 20 47 81 75 11 84 39 3 19 93 90 81 30 37 77 97 11 97 86 3 100 58 72 93 43 48 92 76 37 3 86 55 6 5 13 52 87 20 69 85 85 69 67 4 5 9 46 6
9 47 75 62 74 7 50 66 22 18 84 34 64 13 100 7 97 46 18 70 21 100 21 54 95 54 56 75 85 91 51 51 36 57 7 30 30 32 83 45 21 84 16 68 11 62 100 36 90 78 66 46 58 8 5 89 4 9 1 18 54 84 22 18 100 98
92 99 21 73 11 11 55 24 24 26 51 20 24 46 68 70 7 79 53 41 87 8 93 52 63 44 39 99 14 58 98 34 28 47 71 83 34 80 32 38 61 47 99 41 81 41 44 85 47 27 67 38 73 93 30 37 84 50 41 60 14 62 86 94 86 40
11 93 25 40 86 56 93 20 76 53 43 29 81 47 33 96 36 87 94 1 74 8 57 21 67 100 48 23 7 1 25 28 46 76 78 79 3 72 70 89 42 27 15 89 40 45 96 48 66 85 50 88 77 67 55 90 34 66 35 5 66 3 87 81 23 50
98 24 63 38 22 18 100 51 99 3 33 25 22 61 12 6 77 18 80 52 1 84 97 14 95 40 54 81 27 56 95 49 82 72 71 68 31 54 27 85 64 53 99 30 38 35 96 5 35 87 83 91 34 10 85 80 44 95 24 42 17 64 57 49 92 55
18 72 28 3 38 6 47 28 67 97 92 28 47 79 24 94 42 6 40 63 70 13 70 48 16 18 77 35 10 68 94 41 26 90 88 19 26 33 78 52 92 92 44 42 40 38 40 12 67 51 90 28 95 68 53 69 61 73 43 19 30 40 82 38 100 16
9 11 54 62 95 84 15 74 6 7 84 69 43 81 1 37 4 41 81 18 77 39 15 100 67 85 32 9 18 85 74 16 66 75 95 69 25 89 39 68 70 33 2 40 61 45 66 41 46 54 83 42 23 73 91 82 17 57 72 61 61 27 72 9 51 59
29 43 100 68 21 88 45 88 51 60 86 84 50 30 36 78 70 100 37 57 61 35 41 43 84 66 3 16 73 80 72 98 7 48 15 23 12 12 89 90 3 52 79 45 30 4 70 7 81 64 64 78 52 68 40 7 69 31 36 100 82 39 85 81 58 26
68 59 49 48 39 78 61 17 94 50 70 19 32 23 65 15 17 59 81 84 60 28 42 49 83 67 95 29 30 48 49 67 18 19 32 95 88 11 77 97 57 21 29 32 18 59 10 80 6 29 23 48 99 11 85 19 34 8 63 79 95 95 89 2 57 17
80 17 38 34 40 86 86 51 20 90 72 39 11 99 5 52 47 18 67 76 94 53 77 53 30 91 17 2 61 12 13 35 70 70 43 47 14 16 7 67 15 38 58 66 68 21 24 95 41 52 94 99 2 75 98 28 30 52 46 69 86 47 74 90 73 7
37 98 2 1 2 71 76 78 53 38 63 9 37 96 20 98 22 8 17 22 50 70 84 82 87 51 63 13 33 6 14 6 74 94 49 31 93 29 90 12 47 33 9 67 15 93 21 98 77 50 54 5 85 46 79 62 57 53 29 54 44 7 76 46 85 93
75 9 63 46 67 100 18 52 1 79 66 31 7 94 34 26 33 85 87 66 48 99 18 71 96 93 60 20 100 92 21 37 71 16 96 30 8 32 20 15 100 78 89 22 63 85 16 57 88 60 41 4 26 65 24 49 83 30 38 78 86 78 12 59 69 43
40 61 36 58 95 94 49 36 58 50 100 68 97 16 53 16 57 42 95 57 2 54 15 13 60 49 85 63 41 7 78 94 11 51 68 58 97 16 58 3 8 66 51 30 32 98 4 77 21 58 35 34 99 8 27 67 80 69 14 36 68 52 14 17 89 19
43 70 32 94 83 13 71 28 75 91 57 50 30 13 43 8 47 52 77 45 92 95 80 46 72 76 5 20 28 5 86 50 58 32 51 61 86 5 15 26 53 63 24 3 86 74 69 46 23 92 15 62 57 9 78 92 56 27 80 49 53 97 46 36 100 71
90 66 32 99 5 89 57 23 37 78 73 51 78 98 10 64 5 3 47 70 53 50 49 29 69 40 24 74 49 5 14 48 1 84 99 96 39 17 18 70 45 15 31 53 45 26 85 43 55 32 90 12 88 73 92 15 32 73 50 30 35 85 68 14 16 6
71 35 46 41 89 5 82 38 7 27 80 60 43 26 57 68 89 22 61 13 53 80 42 51 51 39 81 75 53 49 83 43 36 5 91 71 13 50 29 94 90 1 90 69 5 43 51 16 21 89 51 26 19 81 21 96 82 49 93 81 21 97 70 60 25 72
32 45 59 59 19 17 7 16 83 56 51 17 25 68 5 19 2 40 38 32 43 18 11 91 45 73 46 95 53 77 10 46 30 40 54 84 30 89 27 54 31 99 80 32 19 68 98 95 58 82 47 15 26 10 12 69 75 28 90 74 64 94 4 83 46 72
47 63 91 83 62 46 38 4 88 1 85 12 99 78 59 85 10 70 11 56 94 3 21 89 77 63 48 39 59 49 71 24 9 38 47 91 27 97 76 88 92 99 28 20 49 6 81 18 42 99 47 56 16 21 53 42 84 80 63 87 2 22 60 50 42 73
25 25 46 61 13 99 64 27 62 27 95 66 96 18 88 32 5 66 36 64 73 37 82 43 86 35 66 93 39 72 95 30 100 80 52 33 18 93 71 15 25 90 90 83 45 96 16 28 64 25 90 20 48 95 64 32 10 36 94 95 27 51 18 63 98 9
85 89 57 57 34 89 63 53 98 99 30 63 13 40 94 94 55 83 46 8 14 17 73 55 67 7 80 51 79 92 58 16 88 82 99 53 1 37 10 80 18 33 56 98 95 47 42 21 46 31 99 4 7 32 1 19 40 21 82 36 37 59 36 25 18 75
73 43 39 5 12 18 63 13 92 86 35 61 72 74 57 83 71 15 8 41 97 3 10 38 53 77 77 38 72 12 67 12 77 92 44 3 67 73 80 48 4 83 29 19 28 4 13 4 26 72 40 98 48 2 17 72 77 80 7 32 50 40 70 46 77 36
33 2 86 31 62 57 30 45 28 83 74 21 25 36 28 48 16 25 92 33 68 50 38 51 90 38 42 95 3 76 63 14 50 3 29 37 72 4 65 31 45 20 86 15 2 2 69 83 8 65 48 64 16 5 16 39 50 10 100 43 15 78 69 36 58 97
7 19 51 98 76 75 79 79 24 67 99 99 45 21 75 63 16 51 88 87 95 56 100 70 56 9 30 77 50 12 50 8 78 25 43 93 61 7 23 46 96 77 42 41 48 74 37 86 12 69 49 55 19 89 44 66 94 69 43 68 34 23 69 53 17 22
35 88 47 64 93 32 95 29 31 47 71 25 35 98 36 80 6 13 69 92 9 73 47 50 63 99 45 89 24 74 48 67 88 24 98 54 28 77 91 62 75 85 36 95 5 59 68 98 40 10 87 55 80 59 29 70 97 58 39 62 75 81 44 68 69 91
74 84 56 14 41 37 58 100 1 73 34 90 40 24 7 41 87 7 1 56 1 63 34 46 40 1 73 42 23 85 55 88 67 68 34 74 50 31 67 83 20 16 39 38 96 46 34 10 75 80 35 61 12 50 33 10 36 67 62 84 90 66 93 28 5 88
74 45 4 41 99 2 83 55 23 16 33 3 57 2 61 38 6 57 20 75 27 39 79 57 75 99 33 11 8 30 76 29 43 16 73 22 93 2 72 89 83 58 93 93 21 76 52 20 31 64 71 29 92 68 57 36 72 39 85 7 27 30 72 47 34 30
40 41 58 74 45 85 39 34 1 26 10 40 51 31 78 91 56 30 7 77 54 11 64 17 96 63 59 72 14 66 31 63 4 25 49 54 49 48 98 4 34 71 48 11 68 83 78 8 50 44 97 58 55 85 60 76 68 3 80 49 24 81 41 20 19 51
55 22 68 22 64 22 82 12 33 51 38 56 16 22 43 92 57 48 74 69 55 20 79 43 41 92 55 58 60 64 12 83 80 71 18 15 95 74 51 25 4 71 29 30 35 54 42 14 24 94 60 76 2 78 63 78 3 17 60 63 13 87 31 37 95 73
15 42 4 40 64 1 43 84 45 61 36 34 67 70 9 20 30 22 45 45 99 66 33 81 57 1 12 77 40 85 49 38 71 21 66 90 88 53 34 92 54 68 42 9 90 7 97 67 94 59 19 41 46 77 4 19 96 11 92 51 51 82 29 96 66 6
10 30 81 14 75 34 20 12 38 60 63 27 80 82 34 43 49 82 18 36 99 47 91 7 82 84 88 37 32 50 44 22 23 19 42 2 31 99 11 21 28 62 54 80 89 57 57 65 50 13 42 23 39 90 28 31 97 49 31 82 93 16 17 93 51 86
23 89 80 81 23 27 7 83 15 7 33 65 42 86 31 6 58 70 20 51 18 5 82 44 4 33 25 23 93 51 26 14 24 1 70 58 21 97 32 87 79 99 59 57 31 6 87 91 90 60 45 78 41 11 33 100 48 90 43 74 49 27 46 51 93 16
93 54 99 73 10 35 92 38 19 25 31 93 39 34 14 66 91 99 9 73 9 38 17 44 40 22 91 26 88 73 62 31 12 95 19 57 78 78 55 86 79 77 50 83 34 22 18 80 77 51 98 85 54 76 20 37 48 93 25 20 62 85 11 98 99 31
75 98 95 32 81 65 5 30 28 52 73 75 38 46 28 85 20 10 74 93 10 95 38 29 89 17 100 50 37 89 99 14 25 40 78 74 96 77 41 79 1 43 16 38 99 28 43 62 15 11 30 29 89 3 27 13 57 65 22 64 50 60 32 78 95 3
99 75 14 14 72 33 73 69 14 18 31 10 27 85 59 25 9 21 79 60 98 42 96 44 7 80 43 54 57 1 75 6 21 67 93 90 54 75 48 82 40 52 23 27 95 74 92 24 16 64 79 88 84 91 9 73 91 81 93 5 43 7 88 38 68 79
11 67 18 37 27 2 25 34 40 72 68 89 18 83 90 18 72 29 48 76 30 73 3 80 26 91 29 94 89 28 18 98 91 31 73 91 44 16 94 26 32 21 42 39 42 80 85 67 92 9 71 98 94 4 91 47 48 52 100 12 64 37 72 8 41 16
62 26 64 54 22 80 33 70 84 75 2 61 49 28 54 10 1 64 33 58 98 52 81 46 75 16 36 32 25 89 49 83 6 5 88 10 50 10 54 2 71 25 32 47 55 76 54 64 61 94 43 34 89 54 31 12 87 43 53 16 27 82 55 7 100 4
78 17 38 94 58 55 18 66 2 90 31 48 72 25 84 52 56 34 87 14 21 49 72 72 35 60 18 18 11 18 45 44 32 78 69 35 59 15 86 49 10 82 32 43 36 67 5 51 68 92 5 47 50 70 41 27 30 41 99 98 53 34 17 56 45 31
52 66 84 59 70 38 90 15 67 89 90 84 41 74 39 85 46 1 40 79 11 80 22 3 90 9 69 56 31 52 76 51 86 14 41 83 11 78 8 20 3 6 26 54 7 58 65 21 7 17 90 32 77 12 92 62 6 39 23 8 43 52 87 17 96 67
58 35 21 52 27 98 33 79 88 42 100 77 71 47 4 98 52 68 4 14 18 70 15 68 67 98 18 57 5 10 61 9 7 82 51 28 75 17 41 51 33 3 88 89 83 81 48 8 90 53 31 26 81 46 47 5 65 58 28 79 18 82 18 53 80 81
97 14 15 85 62 31 67 75 10 94 22 73 4 39 52 97 7 29 26 51 51 53 34 67 85 4 18 20 30 38 49 40 61 67 9 78 96 49 11 48 82 2 49 48 63 12 34 37 88 50 27 77 74 44 100 94 7 70 61 82 50 65 2 19 16 50
48 39 65 39 38 71 61 39 82 98 6 10 85 61 33 93 62 56 10 39 77 63 21 20 35 62 54 97 75 66 81 12 93 53 78 89 66 72 11 37 11 19 72 41 63 40 14 79 73 88 51 25 59 46 93 47 92 57 41 90 21 81 42 72 98 4
38 49 33 39 35 10 55 74 22 78 13 40 40 99 66 8 46 50 92 7 31 49 20 67 36 64 42 19 31 30 24 16 70 69 21 7 78 48 65 1 75 20 28 3 95 93 48 94 99 95 31 57 53 76 3 96 86 100 56 85 85 34 23 13 93 56
32 2 92 23 95 2 44 96 82 30 38 14 23 52 37 95 87 2 76 20 94 84 100 73 93 7 52 5 51 55 13 15 49 34 36 45 92 22 61 60 1 77 66 89 95 63 81 86 82 24 35 48 71 6 37 51 3 97 79 14 29 41 94 41 68 68
10 8 8 69 17 30 55 48 87 94 67 42 74 97 23 99 95 8 87 43 86 35 84 90 63 5 7 72 26 94 5 20 55 83 55 58 97 53 34 2 12 13 41 11 49 50 98 89 39 60 55 75 23 84 82 4 3 3 39 52 86 95 88 93 19 83
