86 67
69 82 53 48 14 6 15 48 59 70 1 87 15 28 80 19 7 99 93 91 5 31 78 14 86 55 46 73 94 5 45 12 28 34 78 78 83 43 46 20 47 95 72 28 93 46 87 47 10 83 28 43 89 97 14 76 91 99 56 77 10 97 57 35 34 53 26
38 87 29 25 19 27 55 79 13 59 86 26 58 67 59 5 73 51 60 46 2 11 84 14 33 16 56 34 34 12 47 31 40 38 16 18 25 54 43 66 30 34 17 27 39 82 98 5 9 40 28 40 70 100 82 57 25 50 88 48 78 49 85 15 88 23 30
99 53 73 13 30 58 41 50 9 8 54 68 51 59 80 52 33 65 95 97 35 56 92 79 39 39 54 61 45 34 3 81 35 89 88 48 9 27 16 41 63 23 35 94 86 54 70 28 29 38 63 26 49 51 31 89 47 25 94 38 36 53 82 88 25 19 58
60 97 87 69 91 11 10 75 35 36 47 15 100 60 83 57 92 48 86 27 93 77 79 27 97 22 6 99 48 7 36 67 22 68 7 78 79 40 98 39 71 40 74 94 85 27 90 60 51 99 25 83 7 63 87 65 56 86 41 6 68 44 68 56 1 44 10
35 29 38 55 90 82 22 27 96 82 60 57 6 16 13 15 75 63 10 95 49 58 56 90 60 4 100 78 93 57 32 74 69 77 21 48 10 9 86 82 80 67 25 14 23 98 88 62 21 34 19 60 75 72 12 9 93 21 7 36 65 51 83 93 52 4 73
50 7 87 20 35 15 93 16 65 96 33 3 52 11 7 89 5 62 65 50 69 76 25 61 76 85 97 3 52 59 33 14 6 46 45 92 69 9 27 99 16 1 21 85 30 9 46 87 24 87 29 14 31 22 74 54 7 93 78 43 83 42 69 88 58 51 6
54 89 13 77 65 73 69 23 76 24 88 91 79 47 85 52 28 7 82 68 51 5 48 67 71 78 63 59 48 54 1 58 42 83 48 100 41 18 25 62 71 82 60 67 28 76 13 87 36 65 85 14 42 17 34 2 3 76 19 63 36 48 64 13 36 27 13
95 53 97 48 19 42 39 12 2 61 77 23 9 95 89 99 4 84 61 96 78 71 75 85 17 1 94 38 48 5 16 44 6 60 95 43 41 13 16 4 74 44 58 50 27 11 50 63 70 38 87 34 24 23 53 7 6 52 50 4 34 27 68 23 57 18 31
6 100 25 57 5 5 68 97 94 39 41 10 61 57 58 52 35 90 91 47 73 21 67 42 9 99 99 49 100 81 83 67 20 64 96 86 23 26 61 36 77 43 54 79 83 56 34 16 84 94 51 77 48 70 88 2 15 8 2 48 67 57 43 61 97 62 63
87 74 50 15 61 40 63 4 22 58 35 52 75 84 80 68 50 32 34 57 64 14 44 62 41 93 10 18 10 70 53 82 92 13 63 55 22 22 49 61 22 57 39 66 24 64 83 16 28 36 76 48 31 19 27 89 87 54 75 28 14 31 21 86 56 72 3
35 40 81 15 76 21 57 27 95 37 44 39 56 89 45 36 68 10 70 66 42 4 61 64 58 45 59 15 57 84 88 14 12 42 65 4 80 73 13 67 90 48 67 40 29 2 14 62 53 78 94 32 96 90 39 1 58 6 95 42 97 4 5 19 6 22 19
85 59 91 15 39 1 66 34 11 25 19 12 55 6 47 44 61 9 66 83 59 77 11 35 38 20 64 78 18 74 78 70 89 76 39 63 4 11 2 36 35 18 80 43 19 1 1 63 82 20 40 98 17 100 70 98 36 24 27 63 27 98 11 44 8 79 65
99 97 100 6 21 24 63 44 86 72 37 91 20 49 49 72 59 67 37 32 28 95 56 15 30 35 32 93 82 31 96 9 68 67 16 92 99 18 63 93 29 80 50 75 71 49 68 9 87 14 70 85 94 35 7 66 17 13 58 96 58 4 7 58 28 73 71
18 96 86 40 89 33 82 4 43 31 95 29 85 6 73 77 48 20 73 27 5 40 73 26 64 64 42 4 57 7 19 77 70 100 92 61 85 34 34 100 92 72 93 68 50 15 72 4 15 57 20 39 80 56 43 51 44 52 46 99 34 9 21 79 45 56 58
10 88 39 33 68 85 59 14 1 13 54 80 26 80 10 80 19 87 24 92 12 21 28 18 48 41 77 76 51 2 100 6 55 56 1 22 37 60 44 86 29 65 72 15 19 76 10 21 59 45 86 36 91 79 27 85 28 78 59 19 2 47 23 15 44 99 39
22 72 52 6 6 34 20 21 40 91 3 46 4 99 59 79 1 99 10 71 3 93 69 84 2 73 10 41 30 41 18 54 63 99 4 46 89 13 8 33 92 82 33 62 20 59 22 93 25 80 38 41 25 48 21 84 54 70 100 64 85 94 61 18 91 79 93
55 20 79 83 6 89 64 5 93 18 47 7 84 91 42 26 72 94 18 63 62 14 67 93 53 82 32 68 6 62 37 99 18 41 62 15 87 26 77 64 31 12 16 17 20 60 97 39 60 86 69 43 35 66 98 1 99 45 33 95 74 74 100 73 75 90 72
96 58 12 89 27 29 45 32 67 71 70 49 81 27 70 55 65 54 75 69 71 12 97 90 53 48 41 55 69 21 66 3 72 43 97 4 71 95 14 84 92 52 8 75 56 11 73 11 80 16 48 15 24 96 54 80 72 61 82 28 77 13 98 97 74 8 79
90 55 24 21 37 53 85 99 77 40 48 23 52 97 20 69 35 81 12 60 93 70 56 70 38 58 94 73 13 17 58 34 16 34 73 21 73 90 31 53 28 77 27 73 12 45 79 3 99 32 76 88 39 48 47 80 9 72 69 43 91 6 40 45 12 99 90
70 26 35 25 53 33 14 32 2 6 2 41 93 38 37 31 5 4 97 22 4 57 55 97 53 19 1 7 44 11 15 42 81 43 36 43 95 90 36 66 54 98 36 97 23 16 98 74 7 30 95 14 11 70 74 63 42 36 42 86 75 78 14 25 64 51 96
3 56 73 31 57 65 32 69 43 93 65 13 28 50 36 100 59 47 64 3 6 46 96 60 79 91 75 32 56 58 32 4 95 19 76 55 95 4 72 39 21 48 45 20 74 87 57 33 100 7 55 16 59 93 3 40 62 22 64 73 11 28 45 4 51 84 37
3 21 94 26 40 40 39 20 93 47 98 15 26 89 56 27 26 78 76 7 51 16 83 8 80 89 100 66 24 8 92 50 73 38 60 90 50 55 67 83 72 12 89 9 3 88 12 60 49 42 14 77 46 1 59 98 98 47 97 55 12 81 29 49 63 36 16
4 70 92 42 92 75 85 98 23 3 58 34 34 100 56 20 93 72 76 16 60 75 96 4 20 35 56 30 29 10 99 77 92 19 19 54 40 17 41 56 21 92 78 58 62 37 79 36 91 56 50 1 53 63 45 96 17 50 58 68 18 86 64 12 63 35 45
3 52 17 49 88 87 80 26 69 54 50 64 100 16 13 66 35 33 82 53 49 18 66 57 33 44 2 31 23 3 44 50 67 50 96 64 80 81 72 90 58 56 32 18 44 98 12 77 53 24 23 5 63 79 40 29 24 99 4 19 73 50 91 25 68 56 50
35 50 20 20 99 65 74 83 10 58 51 41 11 67 78 48 81 35 36 23 22 54 43 38 73 86 58 8 35 78 24 70 65 74 94 31 57 7 18 34 96 100 1 44 99 33 51 19 76 20 42 82 90 42 100 93 96 47 97 79 47 71 8 94 51 54 16
35 7 11 95 91 23 86 26 13 49 56 27 37 19 6 31 68 68 24 26 89 13 3 49 43 42 9 27 52 81 93 79 42 98 17 44 92 27 58 85 95 78 79 27 6 89 74 20 58 58 12 10 18 7 62 84 90 3 59 65 17 62 84 57 89 57 78
71 50 73 90 17 28 74 95 33 97 59 63 10 76 37 95 74 75 19 60 49 98 59 70 37 65 62 17 40 60 81 20 79 41 13 81 48 30 32 74 62 55 24 45 16 38 92 76 3 57 49 62 76 64 74 65 61 40 74 42 2 63 9 54 4 17 90
96 85 42 57 30 95 61 5 85 33 8 83 35 86 33 84 96 45 4 23 48 84 90 14 38 97 89 22 61 50 29 37 54 80 23 61 55 14 61 14 42 43 5 76 61 37 73 68 12 20 57 87 35 54 30 85 46 64 20 8 43 81 35 46 43 5 55
58 87 65 7 50 36 41 2 45 93 10 17 7 28 77 13 21 19 15 49 52 100 23 86 58 71 33 57 32 75 80 4 79 8 27 25 6 52 70 27 38 75 20 11 26 87 80 46 86 3 48 39 71 63 73 40 77 34 38 60 67 91 73 55 18 46 75
70 65 97 24 56 12 36 46 33 12 29 69 53 21 4 95 24 49 28 68 21 72 94 92 8 49 26 100 84 20 3 91 5 100 79 78 89 94 43 38 68 39 19 4 18 35 17 65 36 90 14 7 87 28 29 28 36 95 13 30 47 28 97 46 95 6 98
24 9 90 48 75 100 3 84 25 77 11 78 34 6 87 33 38 16 100 95 4 82 19 75 9 92 31 91 16 8 40 15 2 57 73 7 1 21 97 17 89 49 43 39 43 40 88 97 61 73 53 54 86 20 89 68 70 82 92 22 9 47 13 53 1 90 65
29 96 91 1 32 2 47 28 97 30 40 36 75 89 10 59 52 64 95 97 4 26 70 80 9 29 22 62 65 91 17 22 61 100 69 18 11 18 63 40 55 37 19 60 66 48 31 29 77 32 87 58 28 71 28 38 80 48 75 11 93 93 5 12 64 89 57
77 26 39 81 91 1 30 52 16 63 87 92 15 95 80 48 12 11 51 16 15 75 70 87 79 83 43 37 5 45 39 89 29 79 87 1 4 96 51 57 82 88 30 72 47 52 2 29 92 53 92 42 39 47 99 42 71 67 26 16 52 20 22 70 51 68 92
11 4 46 31 52 29 23 22 1 90 72 85 55 18 14 4 73 37 27 67 60 22 75 76 99 71 85 78 75 42 85 76 18 63 74 74 26 15 48 53 61 19 53 16 54 1 83 10 58 18 19 11 65 17 69 75 30 91 81 44 18 95 80 2 51 88 41
11 35 93 33 97 89 16 77 85 86 78 12 86 69 93 48 29 80 39 33 89 73 47 91 22 9 90 71 18 90 63 89 44 43 2 48 45 76 69 99 43 87 8 43 51 62 83 41 18 38 89 49 32 76 15 79 18 37 30 65 88 35 77 73 68 78 11
53 100 64 43 24 10 57 44 86 47 49 83 43 79 3 63 59 99 42 81 86 30 86 47 35 92 6 30 58 83 43 39 6 84 15 42 31 70 3 25 8 61 26 26 40 6 79 76 3 69 60 35 99 60 16 27 44 58 10 93 19 49 7 67 25 68 14
9 76 39 66 16 6 93 8 56 30 29 69 72 11 72 6 5 14 6 87 48 20 30 8 79 44 63 78 34 89 68 93 96 99 66 94 41 34 63 100 20 24 75 83 85 45 15 44 100 8 2 26 74 51 68 44 39 65 83 32 33 75 19 76 29 13 65
99 79 51 40 58 10 79 4 67 68 60 90 86 31 68 11 70 34 22 80 18 2 95 70 17 16 18 7 38 41 77 49 100 67 98 38 90 24 58 7 34 72 73 41 35 20 58 61 87 75 76 90 18 68 21 48 48 26 82 28 41 39 63 66 87 32 21
22 59 63 41 78 36 99 62 88 12 92 54 48 17 70 21 39 79 80 11 78 47 95 91 32 31 37 20 25 14 59 55 9 47 10 85 72 29 77 34 39 62 81 13 99 36 51 22 81 63 50 42 78 32 81 2 12 45 23 75 36 46 91 100 93 56 47
20 45 100 27 90 14 6 31 66 8 23 69 10 54 48 72 73 6 100 66 62 52 3 26 32 77 79 93 81 88 75 2 97 53 15 57 92 18 63 58 26 35 27 5 41 12 63 39 36 16 10 86 48 76 12 50 76 54 45 57 21 20 12 44 69 48 32
2 31 69 100 16 80 34 100 94 36 57 95 58 12 62 96 38 98 65 66 2 34 9 83 62 100 67 94 77 74 51 56 51 27 36 68 36 96 98 98 61 6 39 50 70 92 95 60 73 78 41 79 3 46 81 66 80 31 55 3 52 23 12 54 87 93 36
44 24 86 47 13 89 27 28 82 98 44 99 39 72 52 82 84 8 97 74 71 41 53 58 73 57 8 48 68 83 72 67 52 57 7 38 4 87 68 71 4 32 49 25 41 99 38 10 1 50 50 60 75 94 66 67 57 22 34 12 72 66 64 79 40 54 94
89 5 19 28 32 48 72 33 55 78 45 22 67 70 68 77 74 65 54 30 54 31 17 80 82 47 25 38 3 8 75 27 85 82 40 99 27 94 59 99 4 66 95 52 71 50 43 98 86 24 51 38 7 55 86 38 39 9 36 17 50 7 86 31 15 72 63
1 83 50 41 28 52 84 20 30 96 23 95 78 64 75 9 41 30 40 14 81 100 10 34 57 18 10 28 73 25 51 23 51 46 67 73 14 79 25 17 62 93 83 51 56 6 11 13 52 43 88 92 88 40 6 11 7 82 77 84 69 33 94 49 24 12 26
84 28 30 9 5 43 66 19 80 21 77 60 67 10 14 85 22 55 38 88 17 9 70 20 40 12 54 51 56 29 55 24 78 18 47 64 97 30 99 2 57 35 77 54 34 19 95 36 41 87 4 18 89 6 90 3 60 37 68 68 89 29 100 38 29 81 7
86 29 78 24 26 99 77 34 61 34 43 50 68 31 67 13 94 62 27 34 45 81 60 86 34 79 52 55 43 24 52 18 10 24 99 57 65 61 32 13 84 13 7 64 27 48 87 73 16 54 70 74 51 47 73 90 37 15 22 45 58 21 52 57 69 67 37
62 21 44 34 72 100 4 66 31 43 51 55 92 58 77 90 34 46 41 17 23 4 45 24 72 26 85 71 26 40 65 29 55 76 84 26 41 53 34 32 100 38 45 24 42 27 100 72 18 39 56 7 61 65 72 37 25 8 87 87 67 60 15 6 96 2 60
96 10 23 85 86 100 82 38 85 27 98 19 94 46 97 59 4 44 18 93 33 9 88 43 84 82 12 40 29 97 89 92 13 5 62 29 95 41 32 81 83 51 20 13 66 55 3 87 79 16 64 23 49 75 98 7 88 9 11 17 52 19 15 6 87 16 53
67 27 85 67 66 1 50 9 58 56 27 60 56 84 18 43 75 48 58 93 73 77 83 40 50 25 4 78 3 41 33 58 51 43 39 53 91 35 92 53 88 26 99 25 53 47 84 31 12 22 8 83 9 2 40 56 66 60 10 60 58 76 11 99 28 98 95
72 25 93 46 7 89 70 20 42 38 9 55 3 63 56 24 26 24 28 75 83 81 95 79 30 52 38 70 9 99 76 92 29 86 64 10 33 73 40 53 7 49 21 68 8 72 32 54 71 70 62 94 81 73 32 33 79 8 18 30 51 91 90 88 48 58 43
49 57 13 18 13 4 27 47 57 66 46 61 61 17 70 24 56 49 3 99 43 17 24 85 11 31 21 10 22 5 37 6 96 80 68 14 98 100 23 60 60 29 46 12 59 86 20 46 29 89 98 18 64 38 100 18 61 19 33 43 78 63 22 10 78 38 24
99 51 20 94 47 39 21 27 83 11 85 94 5 5 3 67 11 66 27 86 77 32 24 54 46 96 7 89 50 58 70 86 38 67 72 7 72 32 38 98 37 25 37 37 56 49 64 85 89 68 52 95 30 72 26 76 81 24 74 55 70 98 50 24 26 56 84
64 44 34 7 26 27 62 23 68 64 19 52 10 93 70 33 22 94 61 73 12 99 98 17 44 95 25 24 94 83 77 40 13 82 8 29 72 3 64 11 49 72 8 43 94 94 56 81 32 60 16 49 66 80 35 47 19 88 94 73 7 62 70 39 39 54 88
8 83 43 20 84 12 4 76 56 83 88 90 90 68 32 11 9 97 1 65 27 17 61 67 49 4 5 27 70 38 1 65 16 100 55 38 84 34 60 80 76 6 35 56 74 8 27 95 78 26 97 5 4 17 70 67 72 45 55 53 78 77 77 67 97 19 5
75 1 95 85 42 27 21 88 82 2 8 72 9 84 92 69 16 15 40 84 82 33 17 77 2 84 65 85 22 62 95 23 65 80 54 34 84 33 44 30 80 62 29 71 63 23 64 7 76 48 78 46 68 93 60 69 43 7 49 66 54 61 37 65 98 53 72
43 29 58 79 38 15 25 43 9 99 63 98 69 83 43 30 17 77 84 12 86 32 14 54 10 55 12 84 17 8 40 20 93 60 34 21 82 93 89 25 45 56 7 73 34 12 64 4 95 30 70 26 84 2 56 44 52 81 3 25 93 13 8 11 38 31 60
90 96 75 64 92 55 41 97 30 83 54 90 17 95 77 91 21 40 35 42 22 36 89 60 48 1 80 19 28 85 61 77 63 8 38 87 35 56 60 7 28 19 19 23 57 42 3 51 66 65 33 32 32 87 97 46 56 43 93 15 32 43 66 93 8 40 36
42 55 43 16 18 56 78 30 17 19 6 93 93 60 27 10 6 96 72 94 88 81 85 79 93 23 42 93 84 48 42 11 69 87 56 45 45 21 53 59 45 8 66 57 98 21 59 32 96 71 71 33 91 80 86 24 37 8 81 60 33 100 62 50 95 16 15
15 10 92 3 62 66 35 82 81 14 25 20 42 21 60 9 96 91 65 99 55 18 100 45 78 90 3 38 24 66 26 85 62 99 60 44 75 30 17 27 75 61 77 30 3 22 100 21 37 96 71 75 16 26 22 93 96 9 86 72 87 80 44 5 18 6 6
24 18 35 14 80 85 27 1 5 61 23 42 23 3 81 95 22 35 35 3 61 88 79 4 95 6 90 75 96 83 92 70 16 27 2 57 69 89 3 44 58 75 4 40 72 41 28 84 12 57 78 46 33 67 96 2 64 1 67 58 57 86 56 15 91 18 35
87 66 65 18 15 93 53 29 90 39 1 87 83 46 4 3 60 70 9 87 48 66 4 5 78 28 25 33 94 78 91 62 19 88 20 72 77 8 19 17 61 40 62 43 56 19 85 78 32 43 23 22 1 81 63 14 90 65 29 94 18 35 62 27 6 95 62
97 51 69 81 73 1 100 36 88 26 19 56 26 51 36 15 67 78 17 78 60 95 69 27 81 56 52 96 29 43 93 99 33 17 95 95 22 89 57 31 45 73 99 90 56 85 46 58 63 50 15 93 25 61 47 9 4 67 9 71 21 67 100 3 19 42 38
97 73 54 30 27 80 2 70 41 96 37 44 25 86 18 70 41 81 35 55 5 75 32 80 17 7 53 79 78 1 18 47 44 93 27 44 64 23 41 72 79 62 24 82 87 48 69 43 96 86 69 62 37 16 27 75 44 79 54 3 28 25 98 93 34 65 49
73 50 43 9 10 22 54 29 57 79 64 16 56 87 18 25 43 63 78 47 22 14 17 26 90 57 40 22 13 56 24 32 32 25 44 47 43 72 28 85 8 39 20 94 91 91 39 100 90 74 16 48 51 2 48 100 70 65 1 89 69 75 63 31 53 94 38
59 99 80 91 23 23 66 70 64 96 98 67 73 3 90 59 75 84 31 25 17 87 89 98 52 55 41 90 74 73 63 32 64 31 78 36 56 31 60 39 10 5 50 71 89 63 30 3 32 36 11 20 20 91 23 89 27 59 52 37 31 79 1 44 46 86 13
79 64 74 88 55 39 88 1 74 7 26 84 48 10 56 29 21 66 80 5 72 81 91 23 52 43 99 77 24 10 40 83 52 6 7 80 81 52 8 25 86 21 26 35 61 94 15 25 40 14 66 61 13 42 97 81 70 29 10 93 25 52 97 35 11 47 59
35 87 36 54 9 69 3 45 35 83 60 81 83 41 33 99 57 44 63 48 76 16 10 63 83 38 59 90 97 59 90 8 82 75 40 45 88 40 63 74 33 23 3 50 43 71 31 13 19 75 52 9 31 98 89 22 77 25 40 78 77 25 48 9 47 86 100
61 48 35 86 17 11 91 15 15 21 3 91 20 45 12 8 75 58 12 100 96 77 48 62 18 71 21 8 26 91 96 43 43 92 74 98 55 50 71 42 27 85 57 69 38 26 69 88 34 49 6 91 40 46 9 86 25 88 79 31 40 42 52 89 94 68 32
67 47 98 13 85 67 20 77 63 69 22 24 71 2 12 47 15 50 12 74 60 11 50 87 17 2 57 40 79 10 8 39 65 98 100 39 42 78 88 58 78 56 56 98 62 92 35 24 32 39 3 19 23 48 30 48 41 49 26 74 81 51 28 9 39 22 66
75 29 28 38 18 25 92 86 10 25 43 94 14 45 94 15 86 39 5 85 24 51 91 74 15 18 6 56 75 77 49 73 79 90 17 67 55 58 8 67 54 75 24 73 74 27 79 8 54 61 45 85 57 72 18 90 19 71 22 41 61 76 83 34 16 56 6
53 26 1 16 23 20 92 30 12 55 29 6 38 38 69 88 84 80 32 34 25 82 11 43 41 38 4 38 20 21 83 14 26 7 55 8 39 41 73 85 96 56 72 100 33 91 98 91 16 76 2 81 34 71 35 6 69 36 72 80 38 64 88 57 60 57 64
53 33 49 46 9 59 64 56 60 13 69 41 65 35 19 95 85 71 20 63 78 50 1 65 12 62 83 7 47 49 26 39 62 58 16 90 15 86 52 48 62 34 27 14 50 40 31 95 49 51 67 2 88 58 98 38 87 31 91 3 57 100 12 4 96 66 81
78 10 42 16 96 35 53 31 56 87 46 25 61 22 26 53 88 90 19 15 92 100 81 32 29 87 5 72 57 21 38 86 6 34 78 100 86 42 88 75 67 34 19 97 93 91 44 58 15 2 3 60 66 91 16 58 92 31 67 46 31 55 24 45 92 16 53
4 7 100 25 28 36 58 38 31 100 64 52 93 60 71 68 56 5 81 4 52 97 79 44 26 41 22 70 7 51 83 85 15 30 31 82 62 75 72 35 31 94 53 33 80 34 2 17 85 65 64 13 4 31 18 39 27 69 60 90 24 81 55 33 70 60 5
45 17 87 98 18 84 98 19 64 1 62 98 70 77 73 51 75 8 11 93 4 15 75 83 62 83 43 48 8 97 80 69 92 37 65 75 51 4 73 1 58 17 3 87 94 53 30 27 90 57 45 10 76 76 24 87 64 14 16 75 72 8 12 84 9 1 28
12 74 85 58 80 91 20 31 30 43 16 11 58 54 83 92 76 69 83 56 74 74 7 77 39 100 35 16 85 7 26 17 39 16 43 94 82 39 73 82 10 48 60 33 51 100 89 41 16 52 28 54 30 67 63 21 9 80 93 97 20 34 32 32 86 47 80
1 50 79 10 18 43 25 63 87 30 22 45 3 60 73 90 3 14 83 50 69 44 56 91 35 18 1 75 60 9 60 87 2 97 17 65 84 37 6 23 38 92 13 93 79 59 65 70 66 67 62 72 100 68 49 86 9 50 18 83 17 91 92 71 29 53 58
47 58 65 72 90 22 48 70 10 28 29 70 85 12 72 12 68 51 33 29 19 16 96 64 15 41 80 97 61 24 25 11 64 68 22 49 68 86 86 83 44 67 15 54 5 85 25 69 83 46 52 17 93 51 52 12 72 57 80 81 5 64 97 43 60 6 4
50 83 14 7 78 10 36 84 59 59 68 34 5 34 4 64 49 55 91 59 4 90 20 95 26 71 40 65 93 86 47 100 3 77 35 22 46 66 30 72 15 54 17 16 88 67 98 5 78 8 80 32 45 73 71 22 70 14 42 38 63 60 27 89 85 16 49
87 6 98 73 72 60 24 33 2 55 70 59 40 2 45 73 68 43 97 45 21 28 76 42 100 52 68 43 19 50 82 32 71 52 35 11 7 56 51 56 100 4 1 44 28 39 42 98 5 66 74 32 74 31 15 49 49 96 71 11 63 76 44 62 84 67 5
77 93 42 8 61 63 68 18 64 53 19 95 93 29 55 15 12 31 97 48 78 27 27 60 38 52 18 93 98 21 39 76 34 10 74 51 5 22 16 50 92 32 24 20 31 4 76 41 58 3 89 6 55 21 41 5 25 50 79 39 70 47 20 15 64 31 56
92 16 85 74 65 52 40 17 20 31 36 31 40 34 59 19 11 9 96 70 68 91 14 17 76 14 76 94 96 75 23 76 90 93 9 8 31 31 49 9 84 82 47 54 100 91 98 15 70 46 27 10 55 53 95 99 21 8 35 77 61 32 51 2 66 12 89
12 52 70 92 62 88 51 33 79 48 6 80 21 74 46 70 21 40 46 73 77 42 37 93 17 55 59 70 22 21 90 37 16 39 36 60 19 60 8 100 1 18 14 93 65 4 61 57 99 99 99 57 86 63 27 96 98 26 67 68 68 45 51 10 43 1 50
45 72 84 65 74 20 40 8 22 20 92 18 65 68 14 64 81 44 23 10 6 65 93 92 25 24 46 90 71 89 22 27 95 61 91 11 82 31 51 36 78 12 57 17 17 89 32 16 80 14 88 62 95 96 10 100 50 55 22 80 32 9 86 72 23 78 6
6 5 96 91 37 34 46 41 35 13 84 40 88 75 81 100 94 41 37 35 4 46 75 19 64 18 61 13 12 68 27 38 17 94 42 35 7 56 11 98 20 98 11 95 71 56 71 32 30 74 98 97 83 45 14 42 31 27 68 63 68 99 96 76 21 49 97
65 4 74 45 9 27 95 56 21 46 70 65 36 31 66 21 92 67 8 50 11 72 6 50 27 16 10 58 39 97 82 85 27 1 80 2 6 21 72 41 82 84 29 91 51 33 99 48 19 48 54 13 34 88 12 64 70 55 28 95 94 38 50 30 74 5 56
