95 31
70 58 66 49 80 94 2 80 31 37 59 40 4 88 45 12 48 57 9 42 63 15 16 70 61 31 92 83 37 89 17
23 96 84 80 58 4 6 6 73 38 15 38 55 53 48 63 65 8 99 21 14 94 97 74 21 56 63 98 66 34 41
46 42 97 84 72 63 48 66 8 95 34 59 1 100 76 18 98 12 84 89 35 38 17 5 55 69 87 13 3 91 17
68 53 32 97 13 37 32 64 43 96 14 15 5 87 43 29 67 42 67 35 10 61 10 12 57 13 25 68 32 80 34
50 69 55 5 56 13 4 85 24 80 3 59 45 84 32 68 48 35 1 5 20 3 74 38 10 17 22 75 49 61 96
19 49 57 78 70 38 88 88 54 20 26 4 60 92 49 100 75 29 1 25 33 40 95 3 46 65 22 29 62 51 100
11 54 50 84 61 1 74 31 5 55 95 36 19 46 95 11 52 81 84 54 41 29 63 11 78 74 79 16 63 66 94
4 81 64 8 5 88 39 2 58 31 52 82 11 81 46 63 71 7 80 8 21 22 64 24 26 90 78 45 50 59 95
5 21 59 51 33 20 56 25 28 8 35 25 65 55 1 86 5 56 13 22 90 39 87 78 1 13 23 62 7 17 1
29 82 88 56 73 51 71 68 97 93 14 84 70 48 79 99 92 34 15 79 1 34 52 96 11 36 28 22 14 97 80
17 8 55 33 12 64 79 35 44 25 44 96 39 100 91 35 12 22 69 20 12 95 32 75 57 64 42 90 30 71 62
48 12 40 93 76 64 78 84 35 81 80 63 1 18 5 1 52 15 34 65 38 8 30 28 100 55 7 71 40 80 15
76 33 5 97 36 91 7 81 88 96 18 97 100 29 7 98 43 30 64 51 9 53 32 16 85 60 21 9 75 41 70
16 29 90 57 88 24 81 1 91 65 57 75 78 12 77 50 36 33 76 96 93 62 15 3 12 57 59 96 70 45 50
26 20 62 47 74 47 36 100 30 75 76 24 48 22 23 61 17 93 43 39 22 47 88 57 73 89 14 76 98 23 7
46 68 29 7 41 42 79 54 64 11 13 1 49 82 61 61 56 46 59 29 43 34 35 87 6 87 5 77 100 61 34
55 66 42 21 11 80 57 21 60 46 20 69 8 22 60 95 90 27 97 5 98 15 64 8 58 80 83 31 25 91 93
33 58 38 94 94 80 47 93 39 43 74 59 22 17 40 51 52 77 97 60 50 16 27 97 82 10 19 100 55 56 15
12 82 84 45 59 59 68 35 4 3 26 67 62 35 67 9 62 96 27 79 21 68 97 24 88 10 52 88 31 45 52
51 20 79 36 64 38 44 52 40 54 75 71 38 88 85 19 9 81 87 80 44 59 42 42 58 42 38 94 79 2 53
14 45 61 50 60 26 90 24 92 1 17 89 8 86 93 97 18 92 40 21 12 53 83 72 75 52 5 15 84 67 64
48 2 90 53 89 66 56 39 61 71 98 15 8 3 36 26 79 97 17 52 91 71 58 96 10 3 75 72 53 44 60
65 12 56 49 66 55 67 65 66 94 91 84 79 96 58 72 34 91 43 52 4 19 72 2 94 88 56 35 80 33 24
84 82 42 72 91 43 72 83 94 85 79 74 87 86 81 81 65 54 6 95 74 96 98 37 50 37 18 80 75 43 65
86 88 50 55 33 31 73 96 2 2 34 25 93 74 23 23 14 79 88 10 8 63 41 85 52 93 46 100 44 87 24
59 88 19 1 13 72 86 59 51 47 10 49 82 76 86 58 82 3 36 98 76 99 10 30 67 78 12 68 46 36 64
59 25 63 7 96 61 81 51 77 25 80 62 93 23 39 74 67 18 98 45 76 25 96 12 95 31 42 46 48 49 63
78 33 5 42 76 54 96 32 91 19 38 63 21 22 68 13 59 7 87 49 13 72 24 19 4 17 99 46 24 24 87
51 4 41 37 31 39 27 25 21 82 86 10 97 48 88 50 88 41 45 45 13 93 100 24 3 99 19 89 56 97 62
53 82 27 23 63 68 4 24 75 95 39 93 25 53 90 40 87 70 55 26 84 13 40 4 95 77 16 5 19 77 10
90 88 89 70 27 54 66 62 52 20 55 83 64 100 69 20 17 45 84 45 40 89 79 60 50 16 82 80 56 72 85
31 62 83 92 66 86 14 1 2 43 19 89 77 68 53 23 65 59 6 46 100 90 14 41 49 4 87 16 91 95 96
24 51 32 77 30 54 39 79 93 99 94 76 37 26 20 98 28 14 95 100 19 12 53 13 100 64 93 87 95 24 94
75 42 51 44 60 97 15 39 85 57 54 28 47 59 73 80 49 64 11 20 74 25 12 23 36 96 85 70 14 57 59
33 53 22 38 4 35 71 69 49 64 87 27 29 68 71 71 17 52 87 23 86 23 2 77 34 33 33 47 18 79 92
18 73 46 85 9 82 21 85 75 9 52 37 29 77 27 68 76 46 53 49 42 9 57 43 87 69 54 23 11 13 43
78 30 17 62 55 84 41 88 91 38 75 45 72 68 81 24 7 23 63 98 77 86 2 71 60 97 85 13 13 61 27
80 41 66 18 14 92 74 38 19 29 97 44 43 56 41 8 43 92 84 37 62 33 92 68 73 84 71 52 93 52 71
93 83 66 68 98 76 60 47 60 82 55 37 91 43 24 68 91 52 51 41 87 53 15 59 76 87 69 10 54 38 60
44 74 28 20 52 67 25 90 64 87 93 16 81 72 71 14 92 52 32 59 47 73 46 55 73 53 53 49 94 49 59
61 98 58 3 61 47 73 2 87 73 95 48 9 94 52 24 68 82 81 81 54 33 100 83 95 14 55 27 53 6 43
70 47 50 30 81 31 17 78 45 56 49 21 95 86 47 74 63 95 97 94 44 50 65 86 3 74 51 66 81 89 39
51 78 81 35 69 48 23 33 56 60 6 89 32 63 83 86 95 78 11 54 29 86 20 87 30 74 35 76 67 68 57
56 2 60 60 17 15 10 21 44 91 17 84 48 52 30 60 28 45 63 99 93 96 49 56 84 33 5 59 40 65 90
4 66 34 22 88 46 37 17 93 69 13 54 37 71 6 89 92 3 6 41 13 77 59 95 69 80 85 94 30 52 97
100 72 17 65 5 37 100 66 39 90 37 96 74 84 62 41 17 76 43 33 99 75 27 44 99 57 74 81 78 36 39
89 31 47 60 23 81 15 43 58 91 58 83 59 8 46 48 2 72 96 23 27 95 14 90 77 84 70 3 29 57 64
62 71 97 74 91 83 54 66 36 70 41 55 84 67 26 83 45 27 96 56 92 67 16 58 67 5 60 81 14 50 100
76 96 95 100 17 47 61 97 5 90 45 100 94 88 59 59 87 63 86 75 80 74 9 14 7 85 41 14 78 28 39
1 66 14 7 87 23 4 21 40 49 79 95 2 79 54 59 39 57 31 74 51 7 28 25 9 96 29 92 86 5 4
8 94 35 75 85 17 98 77 72 57 54 32 24 58 25 79 96 62 95 76 80 43 3 62 92 49 99 6 26 28 93
47 42 73 19 33 100 72 96 91 65 78 76 67 65 64 78 34 12 92 3 7 23 54 82 17 5 86 58 81 39 44
92 28 8 36 21 93 85 47 26 46 32 5 42 64 9 64 92 32 65 89 54 31 15 70 81 81 65 36 50 10 24
86 4 1 82 10 19 89 99 50 84 45 81 33 50 23 81 51 84 60 19 82 28 42 33 26 88 45 87 12 91 72
96 54 86 51 21 54 23 45 98 73 17 100 33 62 98 35 96 31 18 11 85 61 69 56 12 70 10 42 63 28 32
40 8 65 45 12 88 94 14 9 66 24 63 100 88 19 91 48 98 65 14 52 51 87 60 87 16 70 77 80 65 29
63 37 30 17 47 88 63 89 12 15 48 27 8 5 52 2 1 71 27 57 11 92 17 17 54 96 37 38 3 37 42
28 74 52 69 23 38 58 2 27 5 62 83 54 93 82 83 70 3 100 52 64 66 15 64 5 75 77 64 7 57 4
21 99 58 92 22 84 56 39 6 100 80 100 40 93 14 40 80 51 79 54 100 56 59 40 47 9 15 10 44 87 59
43 6 88 47 58 15 74 19 27 86 60 34 6 14 48 51 94 20 1 75 46 63 55 22 100 66 83 70 35 53 7
48 55 50 33 40 37 71 23 72 21 35 95 31 47 29 72 3 69 25 80 12 79 26 59 7 98 70 45 4 11 32
11 22 51 12 44 11 15 38 41 6 61 52 25 71 47 5 31 60 61 97 77 78 10 68 58 50 11 82 50 52 58
44 92 91 16 32 92 30 57 60 54 7 65 85 35 90 56 23 79 28 73 48 14 97 90 33 15 42 27 70 13 87
21 54 56 56 5 94 16 74 29 78 37 5 50 58 75 96 43 22 78 32 17 33 12 64 28 22 14 28 37 14 52
49 68 80 97 5 87 95 54 91 51 24 46 89 19 76 94 28 75 74 46 20 14 88 92 44 88 33 86 72 73 43
50 18 90 76 17 10 65 11 41 29 30 60 21 99 69 18 77 3 34 12 45 91 88 93 72 38 89 61 45 58 44
24 87 5 68 53 10 30 88 56 81 7 35 76 49 63 83 76 34 69 100 59 57 99 74 73 6 84 47 23 54 22
98 6 11 32 41 52 75 78 8 64 38 83 90 91 68 60 43 23 47 78 74 3 9 82 45 63 40 54 64 37 25
87 22 16 2 81 74 8 68 54 52 42 48 79 78 18 66 23 41 74 26 86 48 28 45 33 17 43 28 62 33 14
50 30 13 90 36 13 86 17 56 42 25 42 44 60 35 63 41 41 10 53 53 84 37 79 92 96 77 42 81 18 73
23 41 15 6 12 58 20 90 4 25 82 98 65 20 90 94 65 14 15 58 69 67 1 50 91 60 70 21 26 82 39
58 66 23 90 46 43 78 65 54 87 74 66 92 18 9 36 7 17 49 76 96 68 80 1 14 69 4 9 54 14 9
81 20 37 34 59 17 22 69 82 69 17 19 37 94 90 71 72 85 49 62 67 49 49 64 20 86 4 68 15 52 95
9 64 84 28 67 41 10 97 8 5 20 99 25 28 37 11 71 4 65 44 18 55 8 13 26 62 78 20 5 81 34
79 58 16 62 85 27 82 57 33 33 43 46 39 38 23 24 95 99 9 3 86 95 89 46 82 8 66 57 69 85 83
57 45 32 64 25 91 32 40 31 69 50 4 12 36 19 26 68 62 49 3 50 84 59 45 39 15 46 46 83 64 65
21 88 22 75 10 34 19 56 100 80 21 61 100 5 82 16 29 89 10 80 2 78 77 16 11 34 89 78 80 42 12
45 42 32 48 59 20 8 70 49 61 24 54 40 78 74 34 54 7 46 21 47 93 20 97 64 67 59 18 5 53 39
81 78 20 5 10 92 67 24 41 81 45 89 75 86 60 18 39 75 25 8 82 8 65 96 37 10 76 43 36 63 16
40 36 30 77 26 65 47 58 81 92 99 94 14 68 66 32 66 77 72 67 14 30 50 14 17 88 45 24 62 83 52
63 33 36 19 90 23 59 26 7 4 41 38 1 5 34 50 19 2 53 86 69 81 8 61 68 56 66 43 13 91 46
41 16 66 65 7 23 33 39 34 92 41 70 12 14 46 12 69 49 33 34 40 55 97 8 61 59 68 83 27 68 87
21 24 41 6 40 44 23 32 69 40 34 95 54 84 33 30 22 87 85 92 16 69 33 93 99 2 59 74 80 69 32
9 52 3 68 49 4 93 28 3 26 46 85 30 66 2 78 85 64 68 97 2 56 99 98 5 27 100 3 13 24 89
3 26 60 4 33 80 93 29 28 3 93 18 37 68 69 94 56 18 47 8 87 8 73 29 35 78 19 39 4 18 44
23 63 14 8 25 10 75 76 18 96 32 70 23 82 82 91 68 92 74 58 35 96 50 11 47 44 64 76 35 70 45
67 55 49 20 8 93 73 97 76 67 96 93 30 56 19 43 52 20 35 72 98 10 68 87 15 85 49 22 48 68 53
73 9 89 49 37 16 67 68 71 85 68 43 66 96 19 45 41 73 91 82 41 41 59 82 71 51 95 57 85 58 86
37 39 86 37 75 92 97 41 9 12 51 97 39 4 64 7 100 92 61 71 20 13 13 7 56 11 54 9 98 92 14
34 41 38 7 36 87 94 62 38 13 21 87 42 38 3 78 12 88 69 92 33 88 31 14 11 40 75 45 7 18 92
29 90 26 87 75 96 68 18 68 82 35 98 100 11 81 62 95 98 53 36 31 34 9 44 86 61 59 86 14 53 86
73 98 32 84 61 54 83 19 17 82 29 1 90 91 56 64 90 78 57 6 80 9 44 64 7 55 47 5 57 76 59
22 30 25 66 47 29 5 39 64 86 16 67 69 77 86 50 99 70 40 81 64 46 83 17 85 16 21 87 74 95 7
21 1 100 63 70 15 79 83 30 75 58 94 84 72 24 48 11 89 91 36 94 11 69 71 87 56 45 98 3 29 61
12 16 17 58 3 50 23 26 36 62 16 73 53 64 42 91 58 72 20 85 34 20 3 10 19 40 80 36 76 46 8
