81 75
36 34 77 20 61 43 20 56 66 64 43 5 13 41 53 58 51 50 92 45 40 79 7 21 12 26 29 13 89 34 66 6 67 76 100 35 31 27 1 38 4 52 46 82 13 33 63 11 26 85 58 38 53 45 61 58 32 66 88 86 62 11 54 40 78 75 74 97 22 18 18 85 3 20 75
37 4 31 60 28 34 98 39 31 35 62 16 9 30 84 9 45 41 91 89 73 44 56 85 78 77 46 100 61 60 7 46 46 58 72 88 35 44 28 45 20 46 65 20 56 12 82 16 70 35 40 48 100 1 37 96 72 13 22 79 70 95 41 28 33 58 6 54 33 91 8 35 56 89 2
16 20 81 87 85 32 64 93 37 87 10 1 59 21 86 31 16 47 87 15 67 77 57 60 4 22 93 69 13 12 8 69 86 57 23 87 5 53 51 2 65 72 19 89 2 26 59 75 73 69 1 84 96 12 50 75 41 6 62 63 4 80 89 3 73 26 87 3 14 7 60 96 73 92 35
39 10 71 72 97 44 12 32 61 60 20 6 34 73 60 35 78 78 4 21 19 53 57 8 46 34 23 69 46 31 59 91 50 41 92 70 17 87 24 29 88 21 42 37 33 36 94 72 59 88 80 75 46 34 48 50 88 67 17 19 40 45 17 6 46 40 13 5 4 28 89 100 7 93 2
58 80 2 22 88 81 70 28 85 23 92 36 99 34 35 57 69 71 50 13 93 20 4 13 72 68 89 94 72 82 98 12 93 92 40 61 92 44 77 15 35 66 100 57 29 79 68 63 8 82 81 1 24 51 39 22 4 100 96 29 70 39 50 35 75 100 84 30 15 81 7 66 10 39 96
23 40 15 20 10 11 25 40 3 22 83 6 22 8 33 68 20 37 36 4 24 76 45 3 55 46 15 46 93 74 47 17 41 57 63 22 59 16 28 62 8 7 93 10 17 1 81 93 64 10 88 68 47 75 13 62 26 64 66 24 24 62 9 36 29 28 34 90 58 75 4 11 80 21 44
42 97 70 67 91 60 16 76 97 64 93 70 59 40 6 19 55 74 83 89 19 37 92 8 52 39 78 4 51 14 93 100 5 5 48 28 46 78 4 39 65 83 58 24 27 97 68 13 2 49 20 60 36 18 9 53 56 89 22 93 46 80 82 86 57 36 3 43 10 56 17 77 23 35 68
93 27 33 97 20 76 35 98 9 53 63 69 2 30 50 13 14 60 80 65 17 97 7 14 36 99 4 52 54 43 38 70 47 90 52 5 73 39 9 48 100 4 34 13 50 18 12 31 55 21 55 17 9 13 86 66 11 29 100 33 95 42 58 78 62 7 29 57 99 2 67 43 42 20 61
44 50 12 24 28 16 21 81 28 35 5 29 50 17 48 92 39 19 86 88 81 24 40 10 77 54 21 57 95 54 96 9 20 21 88 18 62 6 89 73 18 65 57 43 67 13 69 66 7 7 28 36 10 67 16 77 45 86 40 14 23 36 66 82 21 39 38 46 72 16 79 13 33 98 1
58 24 35 70 8 96 33 96 29 70 70 23 46 63 44 47 59 87 65 21 20 56 76 67 79 96 78 20 87 34 91 17 88 34 68 96 12 95 35 43 53 72 22 21 75 30 63 82 100 25 59 57 31 21 69 97 78 19 37 65 52 47 66 69 34 52 71 92 4 75 13 27 74 37 22
30 51 96 16 65 33 42 57 34 62 3 13 66 88 60 52 4 32 20 70 37 84 76 16 100 80 5 89 30 81 56 18 6 37 6 93 69 70 57 64 76 63 15 64 60 39 52 87 59 91 93 15 49 77 71 20 94 10 9 21 78 50 98 66 37 62 91 25 44 47 24 6 75 84 24
75 17 15 98 59 81 60 25 38 82 11 51 10 81 97 66 93 49 72 71 35 7 62 43 25 59 83 39 82 87 14 91 93 19 58 43 23 89 9 36 38 94 28 32 94 68 12 48 11 1 33 54 72 68 37 44 43 99 19 43 4 69 44 63 26 68 22 38 15 1 40 71 11 95 65
37 89 93 68 16 85 76 31 4 33 73 62 32 54 94 47 12 97 7 72 85 42 79 52 44 84 36 98 30 46 75 74 67 90 27 9 58 14 33 87 52 91 68 15 71 94 62 15 65 28 22 92 53 42 16 12 61 53 74 90 72 26 40 95 62 73 38 87 49 27 8 9 99 25 70
38 46 28 98 22 95 77 67 41 54 18 95 54 28 26 31 34 78 31 44 19 65 54 30 85 58 79 57 89 24 28 28 84 36 82 17 54 37 69 92 55 68 88 76 46 93 51 19 12 55 34 61 95 64 34 3 60 41 90 84 42 12 2 53 69 42 11 13 17 96 7 15 42 33 70
7 79 46 89 18 14 32 70 42 88 88 84 57 5 81 73 9 34 55 65 56 84 56 64 97 4 55 3 19 46 42 7 12 62 12 11 40 94 96 3 55 16 73 61 24 14 14 34 100 51 84 76 19 55 93 51 29 59 3 18 51 46 46 3 3 91 34 66 29 12 60 90 52 83 26
92 69 19 42 43 41 34 7 8 81 40 94 11 85 82 68 87 25 59 19 27 4 18 50 80 94 66 24 17 33 83 32 57 54 90 14 100 64 6 74 8 85 40 54 45 89 56 21 94 56 73 61 6 23 75 12 59 77 91 15 99 14 94 79 40 76 29 8 60 54 81 34 40 41 23
98 80 81 54 38 32 20 76 29 29 85 53 81 23 51 86 82 45 91 13 65 10 28 46 96 11 73 25 86 77 88 93 34 40 17 100 5 71 61 28 35 14 24 62 53 30 25 92 32 93 80 92 29 42 72 51 66 1 34 24 32 33 66 89 33 9 33 6 79 30 91 24 50 7 65
28 35 54 1 85 30 6 41 35 17 92 34 57 37 75 34 48 80 75 11 92 87 100 53 4 95 66 50 97 71 48 45 68 8 15 85 77 63 12 54 34 46 93 36 83 13 36 16 21 83 72 95 46 82 88 10 74 23 21 14 15 81 39 15 14 23 7 48 83 12 32 12 96 79 24
72 15 27 84 7 89 65 46 55 3 87 73 90 23 79 10 87 18 57 78 74 89 13 72 89 88 12 17 25 23 49 41 97 43 67 80 85 51 89 92 57 15 73 88 27 40 16 97 77 14 98 89 76 2 9 30 78 49 56 11 83 61 95 44 31 28 44 78 5 90 95 86 2 74 25
56 3 69 62 23 89 46 29 90 52 78 88 75 82 88 96 87 28 14 2 14 29 98 27 65 74 43 97 13 91 3 58 65 84 6 88 71 57 32 66 99 50 99 2 85 33 1 7 44 50 40 25 75 45 21 11 82 18 34 13 72 54 67 6 96 48 66 67 37 19 86 12 23 65 65
6 47 27 86 86 78 52 14 93 93 30 64 45 7 72 6 39 71 25 66 65 92 29 55 86 98 41 97 95 67 15 30 65 58 64 9 56 14 57 99 78 86 68 1 36 71 24 25 76 31 62 68 52 57 2 59 66 37 93 57 73 62 23 32 50 60 72 75 66 35 99 44 23 41 43
74 85 7 78 5 31 51 99 77 11 24 31 55 74 54 5 57 51 36 38 1 42 44 79 25 84 57 33 17 13 98 4 28 48 70 50 83 58 75 94 4 73 20 55 39 47 90 43 63 68 45 14 47 92 7 13 100 73 84 59 42 75 70 29 79 68 80 45 15 42 56 41 58 27 1
36 59 33 32 38 73 46 70 96 71 29 59 99 15 49 57 25 58 74 84 35 10 18 17 41 45 49 97 99 23 88 15 49 82 83 12 86 24 1 58 76 56 84 91 63 20 89 3 99 63 17 77 67 11 25 26 39 33 51 6 60 83 61 11 14 97 25 7 15 24 74 13 91 44 70
3 94 1 61 51 61 3 53 31 35 72 74 74 87 62 91 7 80 26 74 24 8 80 61 72 85 80 61 72 31 93 99 72 85 80 88 52 75 47 1 40 16 54 72 93 82 1 90 69 15 75 46 27 81 59 32 71 24 6 17 62 1 80 94 89 54 50 83 54 53 15 27 44 55 21
88 44 34 6 76 35 85 92 17 10 6 46 89 84 24 84 19 7 54 5 20 54 59 38 85 37 24 14 96 57 23 40 46 82 41 17 12 98 46 39 92 3 35 9 18 100 41 31 2 60 92 20 80 16 51 14 91 70 30 6 54 77 63 17 89 55 10 62 74 25 50 85 27 22 37
35 19 18 99 39 27 100 33 60 51 30 81 8 53 88 32 37 85 75 81 22 25 8 100 56 80 96 81 66 69 13 26 65 29 18 54 64 9 3 44 19 89 100 3 61 46 83 71 8 80 36 48 100 84 80 53 1 47 35 92 21 91 54 72 91 60 57 27 33 57 38 41 39 81 70
32 81 6 80 37 71 36 55 68 63 15 39 28 15 9 47 29 27 57 13 21 61 63 2 72 47 35 4 55 85 31 37 52 12 91 62 4 66 29 40 77 63 97 77 29 7 34 79 78 97 18 56 39 74 99 2 6 39 98 25 100 73 44 100 75 2 82 41 27 20 2 44 11 15 64
87 44 36 34 55 49 13 86 41 37 16 67 11 50 78 59 89 39 74 4 44 17 34 22 58 9 78 43 29 38 13 4 20 45 52 60 16 92 27 62 92 10 93 8 35 87 7 53 13 16 46 62 60 90 97 69 80 72 41 81 6 90 79 70 57 84 17 36 41 49 29 38 87 72 30
37 53 64 69 77 72 59 31 83 20 38 47 79 71 15 59 84 24 99 42 98 69 61 88 63 58 34 77 97 40 46 7 75 58 31 11 78 7 13 90 70 72 5 44 65 55 58 4 59 85 29 2 19 60 96 1 81 4 90 33 12 22 76 56 54 21 3 82 33 49 32 75 100 45 36
84 95 53 33 70 59 96 12 58 53 62 21 52 37 97 57 27 46 34 86 92 41 54 24 70 41 26 61 53 57 10 37 2 92 12 24 99 39 45 77 52 78 32 52 16 52 100 78 96 88 2 16 24 48 22 73 31 59 30 20 82 64 51 81 100 8 41 59 24 64 33 50 22 27 25
54 63 21 14 59 75 49 85 22 8 61 92 28 57 67 42 18 36 89 97 45 16 17 43 22 97 38 67 93 13 95 21 37 75 81 61 7 74 99 100 8 88 1 16 100 43 68 77 5 76 37 87 31 27 16 18 6 54 72 39 96 5 64 65 99 25 8 68 26 3 63 93 95 64 71
86 61 23 91 75 55 18 56 73 45 12 60 58 57 87 55 46 21 49 6 60 18 37 17 76 21 75 59 71 85 84 9 11 56 99 87 37 18 98 66 84 90 53 95 52 68 71 46 3 55 67 86 6 20 23 68 3 26 74 27 70 63 19 95 6 55 8 1 94 96 68 93 95 65 68
57 83 16 40 78 62 21 81 60 32 48 14 26 80 10 88 66 55 98 26 18 100 31 25 64 70 40 3 44 58 76 46 39 95 91 40 26 28 77 84 71 25 57 95 63 80 41 4 65 49 36 81 6 67 56 64 1 86 14 32 89 38 54 11 25 61 3 43 39 11 42 72 24 69 93
2 58 25 52 52 35 40 11 16 26 25 67 71 28 88 33 67 48 74 99 91 58 16 38 7 72 70 68 45 10 45 7 27 64 78 73 58 81 9 70 78 91 38 98 63 48 55 63 44 78 22 7 50 3 20 38 39 22 6 7 7 14 55 7 78 44 47 70 23 31 31 8 73 48 44
19 96 90 88 15 15 43 46 10 23 47 98 54 2 61 33 11 61 44 38 45 54 31 89 5 15 36 46 39 87 22 33 28 94 9 89 17 19 14 23 4 47 39 69 57 13 32 10 96 84 99 55 25 37 1 67 8 41 69 19 22 97 12 1 95 48 82 81 13 17 72 72 49 94 82
77 1 40 20 74 10 88 99 32 31 97 69 25 5 75 65 76 69 31 23 90 15 92 8 57 32 21 68 30 73 44 5 66 17 71 84 3 69 89 93 52 31 91 60 51 90 95 13 76 4 5 67 86 51 56 48 95 12 99 63 3 5 9 60 5 57 49 57 59 86 70 17 99 42 27
37 46 90 50 60 64 35 54 31 56 69 77 49 45 46 35 93 49 31 36 54 57 53 68 78 14 39 53 66 46 94 100 73 54 29 92 11 22 18 99 75 9 96 31 84 43 6 36 97 68 81 14 88 83 53 10 64 14 74 96 57 64 36 28 43 97 63 41 61 21 93 48 69 100 92
89 85 91 49 60 24 38 73 68 85 2 53 76 2 89 33 60 33 86 33 77 36 77 80 20 95 97 48 97 18 29 85 69 71 19 45 17 65 49 33 51 94 62 34 54 53 43 94 77 59 70 27 36 43 73 4 26 57 47 19 58 9 72 99 81 55 51 48 8 16 37 11 62 86 7
54 83 89 26 95 11 27 38 16 49 65 73 87 88 14 26 95 99 60 86 26 82 4 69 92 16 15 80 65 68 90 10 26 93 17 32 46 1 84 6 6 7 78 50 17 72 55 87 6 7 71 6 23 92 79 23 63 47 40 36 9 68 25 2 43 62 90 37 86 88 67 84 27 60 29
79 43 82 31 44 73 23 47 9 76 35 64 89 96 91 7 40 65 67 69 79 11 91 31 55 86 80 39 46 18 42 7 89 51 92 11 7 93 39 64 85 42 6 29 33 2 93 13 41 48 9 55 30 56 100 73 84 84 57 85 91 3 6 75 14 22 44 94 44 17 3 9 36 42 71
77 89 51 49 54 30 6 2 41 38 84 29 88 63 83 3 48 16 53 60 2 68 41 51 65 53 72 46 75 10 26 96 26 48 22 11 73 75 23 30 11 15 49 37 23 81 51 70 97 76 26 32 35 47 18 97 4 28 8 90 61 29 80 54 57 99 43 47 50 29 43 40 68 70 90
70 98 65 88 13 55 23 25 33 23 49 71 98 74 56 52 73 8 31 54 17 73 89 26 16 75 46 14 57 45 70 91 94 74 23 30 25 71 69 2 65 26 28 6 46 72 54 47 20 99 64 98 28 35 30 99 59 73 36 80 1 94 11 23 94 19 11 74 2 85 91 26 14 75 76
73 96 45 65 23 43 87 50 58 4 26 26 38 40 19 11 18 68 94 85 36 41 44 58 50 40 92 56 47 17 78 63 47 13 65 93 51 42 4 63 84 26 23 78 36 75 87 34 38 86 45 13 97 97 30 75 23 43 13 29 66 69 17 7 68 94 98 75 59 100 17 82 55 80 90
13 31 68 61 9 81 90 8 6 22 4 68 82 21 14 91 68 63 16 77 3 79 72 98 1 19 90 6 4 15 22 50 55 48 70 34 20 24 81 99 77 75 27 55 44 73 62 63 59 71 56 89 56 54 22 9 34 88 36 21 96 76 46 15 53 60 95 70 96 1 99 25 93 37 18
63 40 5 31 20 54 68 7 55 17 64 15 100 19 68 82 19 78 14 15 94 22 53 1 44 44 90 20 83 86 2 13 71 58 11 1 11 59 52 75 83 82 49 94 67 38 80 28 35 74 37 60 11 35 65 5 1 80 57 24 96 52 15 72 32 63 13 24 44 80 65 84 58 91 46
76 89 66 28 22 7 61 85 50 53 58 14 75 28 69 76 91 9 44 5 70 5 2 37 51 50 85 69 12 72 97 21 77 11 71 97 67 83 18 34 25 29 25 2 98 54 18 46 40 58 13 46 73 90 31 6 76 81 64 38 26 88 95 79 49 28 50 53 56 16 78 89 56 39 59
12 15 14 79 2 60 2 35 63 95 65 83 8 89 86 43 98 73 46 62 20 83 65 62 46 65 70 11 20 93 74 81 75 55 17 48 46 75 94 51 33 41 76 5 63 87 65 37 56 26 60 48 77 73 33 59 6 22 12 71 64 46 14 70 9 96 15 70 9 81 41 28 75 66 11
21 90 69 13 59 68 9 15 19 48 45 69 90 83 78 19 22 90 36 100 70 9 74 95 96 55 73 7 94 28 48 3 99 75 73 79 16 38 97 6 19 31 68 1 66 72 3 6 34 100 15 60 86 23 75 58 59 16 21 86 6 82 81 88 20 38 69 39 8 86 56 35 66 20 10
12 55 84 51 34 97 28 75 13 48 43 5 7 34 20 27 52 83 72 82 9 43 25 2 24 100 84 100 10 26 81 42 78 57 49 67 30 75 5 76 36 18 49 26 23 9 63 100 13 5 50 87 18 37 53 48 22 14 48 34 80 10 73 42 1 69 42 43 3 74 30 81 32 84 65
48 89 84 38 48 62 12 16 84 77 16 2 23 15 4 46 46 69 7 55 20 34 11 55 31 65 16 69 91 58 97 36 72 2 4 71 19 19 9 21 80 48 75 88 79 4 18 62 48 8 48 21 57 92 97 96 30 35 68 49 42 30 65 16 49 61 56 87 28 23 59 64 73 7 15
88 3 19 31 61 32 34 13 62 5 13 77 89 29 73 71 66 6 87 64 46 21 75 40 11 64 10 55 26 9 3 22 80 20 44 11 89 81 26 91 2 51 25 54 38 36 49 80 80 27 25 95 83 10 28 37 97 79 38 16 4 89 87 87 42 58 23 58 12 32 37 81 61 21 81
96 99 47 68 63 19 84 1 85 97 97 39 2 71 69 52 26 10 1 24 82 48 13 51 33 40 73 59 63 63 41 57 68 77 74 17 28 39 58 91 94 74 78 41 35 83 62 59 25 40 52 50 92 76 89 56 23 3 44 27 29 60 40 20 25 22 85 82 100 100 70 98 71 16 41
37 85 23 89 53 22 3 72 40 43 96 85 15 44 7 41 13 12 40 22 27 56 3 67 95 78 26 5 15 31 77 53 4 75 74 20 54 48 25 71 79 78 50 11 4 73 82 11 2 27 20 87 61 3 37 93 61 75 69 58 26 50 88 8 29 73 55 57 39 31 16 50 58 46 9
9 14 16 35 56 14 30 50 11 59 12 58 91 56 13 22 24 2 29 64 16 5 60 16 45 76 60 30 97 10 9 9 92 66 8 21 62 80 26 47 1 84 19 80 41 35 30 99 98 43 67 39 74 64 63 72 60 56 86 77 84 75 42 22 43 3 42 82 38 69 30 28 70 57 86
34 6 55 70 58 49 70 56 60 34 13 50 39 49 28 21 43 70 96 30 16 48 94 76 5 75 93 98 3 2 89 75 31 44 51 91 13 49 31 84 55 63 33 69 97 98 63 6 66 69 29 4 23 29 94 29 26 55 35 3 22 49 82 41 37 57 64 63 18 38 93 32 68 87 47
49 90 25 94 75 33 47 67 72 79 79 52 46 33 44 55 28 63 67 57 65 59 38 41 66 51 91 53 79 63 48 84 93 66 23 72 59 12 53 82 86 48 26 76 2 94 95 18 97 36 79 68 58 93 99 71 26 98 58 58 30 80 43 79 50 34 84 78 47 55 62 45 79 94 2
61 65 94 80 100 83 52 82 87 92 79 40 50 81 38 21 53 83 79 20 9 46 68 71 44 29 94 100 77 26 50 43 60 67 63 27 12 37 19 40 10 67 77 44 49 78 83 33 70 100 1 83 94 23 13 86 65 16 45 41 97 15 74 84 84 33 86 80 43 51 13 21 91 12 91
84 76 78 13 50 64 5 100 19 57 97 42 63 22 85 72 54 6 79 95 2 2 50 92 38 88 34 5 97 45 82 13 84 53 52 4 31 47 49 85 5 62 94 61 75 90 6 23 55 40 93 10 74 73 66 95 86 84 68 69 75 38 98 79 56 33 16 32 74 61 76 9 69 86 24
8 98 66 78 94 48 46 49 41 13 46 58 24 64 6 15 45 33 62 3 9 96 87 99 41 9 31 94 74 27 5 71 89 12 5 94 29 25 9 44 14 38 29 97 92 28 39 19 67 49 39 5 40 56 53 3 71 5 44 40 34 79 42 61 6 96 20 44 89 61 24 25 88 35 17
83 22 58 39 95 40 76 70 40 90 71 43 50 62 2 73 8 56 13 58 72 62 72 15 75 48 90 55 12 82 94 66 9 25 17 73 7 64 65 26 5 92 66 46 100 18 40 89 25 23 4 21 55 56 26 13 99 100 58 80 10 22 9 22 66 59 90 46 63 39 74 92 59 31 85
90 92 80 98 46 76 69 45 42 75 90 83 34 89 51 70 13 30 59 41 86 2 99 81 69 16 2 97 15 22 70 24 78 46 82 58 60 11 9 84 1 7 63 39 87 80 91 49 10 60 13 26 21 29 65 46 31 65 79 96 33 7 56 98 18 90 61 70 36 69 39 89 91 3 7
89 36 32 59 73 68 72 36 63 41 56 97 97 59 18 72 1 70 93 87 13 96 1 86 87 38 59 71 80 76 96 50 3 4 70 74 68 23 79 80 93 54 50 15 30 54 96 43 84 15 16 74 87 66 30 56 68 49 76 69 28 27 60 24 51 4 12 74 51 86 40 61 93 61 40
87 28 60 98 86 83 8 40 44 65 96 41 70 7 50 80 41 94 25 53 21 38 8 73 78 26 9 56 27 73 82 85 1 60 56 100 64 40 80 30 75 43 23 42 94 66 72 95 15 26 21 39 38 44 75 90 86 13 54 78 27 13 32 37 57 18 3 91 68 33 24 5 58 69 27
90 91 47 76 38 99 88 76 29 97 80 57 37 82 87 82 62 39 35 11 8 3 42 28 38 92 44 51 50 1 10 27 49 24 84 10 52 18 100 26 79 27 96 99 9 30 10 4 80 44 25 53 43 40 27 3 17 95 90 66 76 28 55 83 93 23 85 13 78 78 33 42 21 85 46
65 67 46 32 66 17 87 9 3 77 46 59 42 20 97 26 33 55 44 12 32 12 79 92 49 82 32 81 76 36 57 19 14 61 94 18 56 96 42 13 40 10 86 36 63 12 90 10 3 55 3 9 14 73 88 51 40 26 89 54 50 11 37 39 91 45 18 56 3 25 55 33 30 67 73
15 58 40 62 68 84 9 10 94 13 85 74 12 95 38 99 85 93 50 7 38 3 59 15 21 11 21 64 39 29 71 33 4 28 29 65 65 77 36 17 99 84 38 30 93 85 64 32 57 12 98 25 11 79 74 27 75 55 11 79 2 18 2 12 98 49 78 87 69 42 92 93 47 91 34
42 47 36 22 39 44 48 46 74 64 39 26 47 28 52 67 39 25 69 41 33 11 100 35 45 48 58 22 20 75 71 17 35 69 96 19 87 68 88 62 5 31 58 39 84 17 29 9 48 53 77 91 39 9 38 92 89 41 66 69 32 47 4 78 29 85 74 24 58 74 26 62 36 57 37
6 60 26 83 98 77 34 27 20 20 49 26 18 4 62 26 69 11 7 41 17 13 61 33 36 51 26 26 3 82 17 35 42 17 63 86 10 28 16 30 89 15 3 1 60 71 85 93 87 87 54 74 14 69 30 99 47 14 8 98 56 91 61 100 59 10 19 53 27 72 50 19 56 12 99
74 46 36 63 11 50 39 42 5 62 19 96 13 78 7 56 19 2 11 71 74 65 6 44 68 83 9 62 54 40 15 48 62 45 81 48 81 78 30 77 8 96 77 3 13 43 10 93 15 68 86 69 83 61 63 32 96 17 3 74 14 18 44 20 25 72 84 59 95 20 38 84 63 96 61
91 95 21 51 64 46 58 96 45 83 79 48 4 37 49 91 51 71 32 67 33 62 55 55 58 36 87 22 43 59 54 18 7 7 17 38 29 84 20 18 60 19 41 77 99 98 12 99 88 58 53 68 92 77 99 5 39 77 51 58 18 59 43 95 36 59 29 31 8 36 51 26 9 59 1
86 43 32 49 92 91 95 9 48 56 55 86 10 67 49 12 70 92 69 43 74 30 50 88 3 33 22 54 97 26 94 6 55 46 94 45 35 95 89 93 53 75 16 79 10 42 5 99 98 74 94 80 30 13 2 14 44 28 99 81 72 13 8 33 16 73 49 34 86 7 13 60 16 43 88
15 13 4 25 35 98 21 56 60 43 77 64 60 59 68 67 93 89 43 11 84 49 8 69 94 6 40 22 91 18 14 5 80 91 24 76 5 74 74 79 98 21 85 3 5 5 82 65 29 22 60 96 25 51 91 97 13 56 74 69 28 85 26 46 37 48 83 86 19 15 68 95 23 8 34
51 21 16 18 6 9 73 8 54 52 32 10 21 89 59 92 58 77 63 3 61 91 88 26 72 88 87 18 10 5 76 96 58 45 78 76 77 94 80 2 31 16 53 76 35 68 38 84 88 69 78 59 6 28 15 70 42 45 43 27 7 99 34 7 2 8 26 79 7 27 46 95 27 1 23
55 4 41 51 36 80 33 40 57 83 78 29 2 59 88 52 88 4 30 20 43 47 98 43 68 31 24 70 8 39 19 100 61 39 9 53 77 45 92 8 80 93 17 67 13 12 76 60 9 98 72 3 16 18 72 63 4 26 86 54 99 15 75 26 99 86 51 64 3 20 94 86 33 19 96
91 94 17 29 69 54 24 12 56 73 31 77 33 33 40 52 29 96 66 72 55 24 1 55 4 46 32 88 66 40 46 15 34 74 73 60 90 7 90 10 13 31 57 53 85 23 64 42 27 97 21 2 61 14 17 94 57 77 30 77 83 45 69 46 97 89 44 47 54 67 14 43 44 78 56
72 95 60 30 56 12 68 71 57 31 95 34 10 75 66 57 97 95 43 90 14 38 71 79 29 7 27 22 62 47 6 86 35 27 18 76 3 12 83 97 90 32 20 31 34 74 91 10 44 70 19 49 81 23 28 22 67 8 27 74 99 24 74 88 1 25 91 47 38 23 12 66 13 54 89
60 31 70 29 13 43 26 10 31 94 11 67 4 27 69 31 47 63 69 80 97 91 81 89 98 26 6 31 43 100 28 58 15 19 43 28 77 13 96 69 60 70 29 33 82 28 46 19 84 40 84 22 3 55 39 81 55 45 19 58 12 21 6 34 93 21 41 75 7 3 64 7 63 47 3
42 3 55 83 26 7 29 64 5 90 40 87 50 50 17 87 40 48 7 52 15 69 9 77 56 30 51 62 55 81 100 92 46 40 19 36 9 41 7 1 1 31 83 66 38 28 10 3 96 52 19 14 79 89 100 93 29 99 99 39 24 57 86 16 97 84 92 9 9 88 28 27 85 90 86
66 35 69 66 53 83 79 39 56 63 9 21 35 23 21 75 89 87 12 72 35 86 92 42 58 83 92 59 98 7 86 44 89 54 96 11 63 93 46 21 91 19 58 8 77 2 97 73 94 96 6 38 1 43 4 34 87 50 65 77 74 77 32 81 57 59 74 81 51 21 56 73 13 90 40
14 29 97 83 15 44 95 38 72 2 62 55 91 81 77 33 5 79 84 63 50 72 2 6 18 39 1 38 33 31 2 62 66 98 82 26 17 21 44 48 79 90 12 2 97 42 47 91 43 37 84 72 30 84 86 69 48 10 99 80 68 42 69 77 4 87 95 30 21 80 90 21 38 18 29
92 69 87 37 45 3 5 65 74 97 27 5 50 42 84 88 57 71 16 24 8 45 38 13 60 69 64 3 77 6 36 20 66 46 49 7 40 42 1 58 46 87 52 1 74 13 76 44 37 32 47 55 56 51 86 48 100 60 63 1 79 53 25 26 19 64 11 1 27 63 46 92 84 97 55
