27 49
78 60 33 40 62 13 55 82 42 68 68 58 10 70 12 50 69 55 18 40 21 2 75 53 90 48 88 11 32 19 20 97 24 59 53 67 16 95 61 31 84 92 22 15 72 75 94 56 99
92 88 51 58 79 99 53 2 86 18 68 2 59 68 56 20 55 25 63 26 35 4 33 84 99 18 30 12 44 42 53 37 98 95 57 95 97 67 26 11 39 94 51 15 23 67 93 25 41
4 22 96 14 68 59 49 25 8 67 67 66 18 41 70 77 50 15 89 46 49 60 35 40 76 31 74 88 45 77 49 32 60 25 39 91 69 18 12 34 28 41 77 40 16 28 38 62 80
33 4 22 8 83 19 48 76 37 92 41 98 52 64 44 12 8 39 3 55 90 61 83 66 25 25 74 66 53 75 80 63 7 47 99 11 26 30 88 86 81 20 15 54 26 31 50 60 95
87 28 42 55 43 91 86 39 35 93 95 29 70 19 58 85 94 99 88 54 94 38 82 95 55 20 37 79 1 20 56 26 84 96 10 33 27 7 40 95 72 27 27 72 38 63 5 2 2
53 2 71 91 81 21 67 97 47 76 26 52 52 96 96 38 43 4 11 76 37 93 52 72 23 86 66 49 25 60 47 31 6 81 17 30 86 77 32 53 61 57 57 49 6 28 54 28 84
2 46 7 87 59 28 15 34 63 99 31 76 32 29 80 77 53 68 7 23 3 20 71 40 6 58 83 33 52 100 74 47 82 34 95 21 67 89 51 30 48 26 5 85 71 5 94 34 10
3 9 87 40 73 76 43 9 22 67 17 44 22 9 36 50 71 73 65 30 60 43 90 97 45 79 14 50 26 52 53 12 3 81 2 38 24 32 34 24 12 8 34 1 28 33 36 52 93
33 41 42 81 89 71 60 18 20 89 89 59 79 59 83 88 58 21 3 56 74 29 1 94 100 89 65 45 89 73 90 67 54 33 81 79 65 39 58 10 52 94 21 91 39 51 79 14 1
23 18 43 47 53 94 34 95 49 97 18 30 90 42 35 8 15 6 4 53 44 43 60 93 43 64 27 35 74 88 5 25 48 14 7 39 74 54 5 6 74 70 51 79 68 11 7 56 29
56 54 6 10 99 74 77 10 84 95 79 18 35 88 71 68 77 93 73 70 97 83 33 21 42 28 1 73 33 96 86 74 25 86 23 40 43 62 36 35 63 43 24 85 2 97 39 48 70
33 49 3 39 12 99 73 87 89 35 76 12 17 6 47 16 72 5 46 89 70 91 12 31 35 30 23 79 98 48 79 41 75 76 76 60 72 21 10 92 93 30 98 16 24 50 3 85 40
99 56 51 79 49 3 35 90 96 54 80 60 10 50 86 91 34 2 76 46 70 5 28 54 38 34 13 39 77 94 68 69 87 75 43 44 83 96 2 49 95 16 59 27 99 8 17 68 78
75 99 91 79 93 49 38 86 60 71 87 69 32 53 93 97 82 43 84 49 5 46 4 79 89 62 74 72 65 26 20 5 34 73 95 99 70 90 62 11 28 86 64 30 26 8 98 26 73
62 94 62 76 90 67 99 31 7 83 48 25 57 41 50 60 74 86 43 28 35 97 52 39 90 2 58 79 17 57 50 84 43 68 63 12 46 70 19 80 73 68 1 21 70 79 90 15 82
60 79 20 52 73 30 100 48 1 38 88 13 62 80 68 64 36 83 50 70 64 76 51 40 18 31 16 38 72 77 70 2 16 98 61 53 64 64 31 54 100 84 43 10 92 73 84 96 67
43 81 2 87 82 5 20 21 27 99 83 75 2 9 76 92 53 92 74 36 55 1 69 40 28 67 73 13 56 73 15 32 87 97 98 65 20 45 89 36 37 52 78 63 29 61 78 94 47
16 91 7 6 85 22 65 98 73 51 11 66 50 93 73 18 82 30 7 15 55 91 61 64 57 12 65 68 33 10 94 49 1 68 81 63 71 35 91 41 39 2 23 79 47 2 32 96 49
51 12 66 95 34 26 37 54 87 29 28 41 14 42 42 71 18 48 79 60 38 66 33 36 8 41 78 68 10 58 71 5 63 98 46 38 94 68 39 77 89 23 32 50 56 53 43 83 99
54 80 31 18 45 35 96 91 76 87 34 89 67 16 86 51 99 71 35 43 59 83 24 53 34 41 99 74 10 19 52 57 61 34 72 99 18 39 79 65 94 39 40 40 47 98 57 84 76
92 15 53 39 100 86 94 72 58 8 35 2 32 22 78 87 16 52 100 43 20 10 53 77 74 63 97 85 38 41 8 69 73 17 97 87 15 84 14 63 57 41 39 53 63 2 8 33 7
50 79 53 83 5 27 30 3 53 57 43 83 58 25 10 15 93 77 84 76 97 92 20 22 7 18 27 22 23 33 90 63 22 87 11 87 42 11 77 47 76 57 83 35 25 14 15 94 39
94 15 22 69 60 79 10 26 4 52 9 81 95 36 47 4 76 55 49 27 76 30 66 76 55 70 22 17 70 51 61 64 53 34 14 5 30 91 21 96 93 63 11 33 45 97 31 45 30
23 44 63 76 48 94 3 53 8 29 70 7 43 41 87 85 97 71 35 98 66 90 59 49 97 77 98 86 58 24 68 33 24 69 47 83 52 10 59 9 68 64 53 20 67 98 4 89 34
74 54 40 26 66 38 32 62 43 56 72 19 46 10 33 38 16 1 11 43 60 88 21 60 94 56 49 83 35 59 99 71 86 83 16 88 33 97 38 2 36 47 70 72 88 86 79 45 96
12 97 11 69 8 80 94 8 6 22 75 100 73 10 45 36 40 34 16 85 81 91 29 76 76 64 89 51 88 49 97 14 61 89 96 100 89 78 51 53 48 79 42 14 42 85 24 71 36
86 61 57 13 84 58 4 6 18 65 75 20 88 49 29 90 87 64 26 74 7 19 34 64 44 42 37 44 54 16 64 75 45 65 23 94 7 10 88 62 80 49 6 67 45 58 94 2 40
