48 88
65 7 11 53 23 28 72 90 21 65 22 24 3 56 1 52 58 54 36 67 78 23 39 95 27 83 65 58 15 24 74 81 19 59 24 4 9 63 92 84 82 24 47 49 55 12 78 89 21 34 5 32 9 56 98 26 77 47 38 90 76 48 20 61 48 26 79 6 78 77 52 78 30 60 39 99 56 82 66 37 25 21 50 73 62 81 11 17
14 76 18 95 58 2 5 90 50 35 49 31 2 82 47 28 22 88 69 18 65 14 14 70 16 47 68 28 10 69 49 80 91 78 12 66 37 14 13 49 11 23 52 87 88 47 22 39 70 33 53 50 12 11 69 73 84 19 98 71 29 53 44 80 80 96 44 29 61 30 85 67 69 33 83 10 46 100 95 65 6 30 51 3 27 2 3 51
14 82 24 36 31 20 88 59 68 82 47 42 46 61 60 55 48 82 15 72 90 88 69 39 45 16 72 17 47 38 21 91 73 91 11 97 31 51 38 78 37 65 32 96 47 1 38 72 62 94 34 41 37 88 16 50 92 7 63 68 12 64 50 92 51 75 98 21 83 14 9 82 13 45 23 46 86 39 12 96 73 68 38 53 74 63 33 96
72 22 88 92 94 11 18 4 18 1 5 7 73 68 45 25 49 30 21 82 25 86 37 50 99 9 67 8 91 70 43 27 27 57 88 62 72 36 41 62 40 46 29 25 26 65 87 53 81 34 36 23 57 47 65 41 78 64 40 75 14 88 34 73 17 14 46 48 27 91 4 46 27 26 45 6 69 15 34 84 65 16 63 89 17 13 9 59
67 86 89 48 72 86 55 52 64 2 59 51 80 43 15 51 47 32 73 82 36 47 82 60 76 2 67 32 75 69 39 43 9 2 90 61 65 60 81 90 34 40 1 8 13 56 76 27 54 61 45 49 57 52 56 100 11 64 30 4 69 22 26 45 2 81 96 8 61 93 16 33 17 49 94 18 54 52 89 33 54 52 38 3 74 76 39 40
55 48 43 53 8 73 31 69 60 99 74 87 68 61 61 44 55 64 65 12 29 72 45 82 9 18 71 40 57 23 79 99 5 3 10 63 36 42 80 99 56 3 32 25 57 30 74 31 76 87 59 92 68 19 100 64 29 78 13 21 51 22 16 79 20 23 80 47 37 8 24 4 10 85 26 13 78 89 14 86 98 30 95 85 4 51 39 88
47 25 38 68 35 57 87 63 75 8 76 51 63 44 11 66 34 75 25 13 41 21 94 17 20 50 5 22 41 16 5 14 50 95 4 78 59 3 23 83 97 98 39 56 65 9 18 50 88 78 36 48 66 60 60 48 65 7 34 33 51 87 39 47 44 95 79 72 77 28 17 87 35 72 15 7 5 88 12 4 87 5 52 42 75 70 87 51
6 100 1 77 78 96 39 41 19 73 37 40 10 22 88 40 89 54 66 78 73 24 62 93 68 9 4 83 59 4 7 14 39 38 6 14 65 62 3 69 88 86 72 72 86 98 84 84 47 5 64 47 69 82 58 59 19 17 40 95 77 70 53 42 44 4 61 36 66 30 55 84 51 66 84 86 65 31 17 16 17 61 91 88 95 22 22 100
16 63 48 62 26 35 12 17 88 55 55 68 27 35 45 21 24 48 51 72 46 47 92 81 26 33 45 75 86 87 37 91 51 20 33 40 42 91 5 44 24 87 87 64 41 6 23 31 10 77 67 81 98 66 8 69 88 70 30 15 81 17 48 23 7 3 74 78 93 20 10 40 97 71 38 49 31 90 29 16 71 73 31 96 94 65 93 89
69 31 96 12 25 41 26 74 85 68 28 94 86 60 5 3 61 19 30 11 59 28 65 91 81 27 60 35 40 80 68 34 89 81 41 69 30 79 71 99 38 13 65 37 99 39 94 15 64 17 65 35 23 20 97 19 73 39 45 81 80 66 20 7 54 59 4 92 80 7 48 38 39 39 99 24 74 46 71 74 76 90 23 75 24 85 16 50
95 50 22 14 64 40 25 31 59 46 6 80 26 91 44 11 51 25 58 1 64 24 66 26 79 73 94 81 66 3 79 11 18 76 40 82 42 41 24 12 15 30 41 69 25 90 11 90 53 89 76 82 53 75 98 66 47 39 16 71 89 80 65 82 100 36 57 97 100 66 20 1 87 2 88 92 70 18 29 95 44 55 71 78 96 56 84 6
6 3 69 27 5 73 86 55 15 27 79 71 96 2 9 66 95 99 64 47 87 15 39 26 77 24 3 68 87 85 67 38 32 55 43 32 93 1 14 43 28 52 22 81 90 94 15 27 43 96 67 31 76 79 44 35 92 36 42 94 20 34 87 70 95 87 12 97 2 6 14 68 55 56 81 69 12 10 91 48 58 10 40 8 39 27 9 22
49 70 6 99 92 67 9 62 10 40 55 72 88 20 49 39 63 87 92 44 29 9 52 81 18 32 71 43 46 6 56 68 59 15 54 23 39 38 95 86 48 90 69 32 39 32 75 44 10 40 75 15 76 8 7 54 53 91 93 26 7 49 75 71 88 34 63 42 65 94 3 98 70 88 21 57 47 90 77 92 2 43 23 52 26 14 90 83
16 27 49 54 64 83 14 76 54 60 80 60 77 1 17 70 84 91 95 55 75 97 98 33 4 6 43 29 55 24 72 96 43 51 27 52 66 90 47 16 30 73 69 49 52 87 16 54 90 34 87 2 88 82 14 41 96 74 87 16 43 93 42 37 57 15 28 11 28 10 48 65 8 88 2 13 6 38 40 55 3 54 2 6 90 64 94 98
46 2 52 83 69 34 90 3 40 80 63 54 40 8 17 85 64 61 100 20 55 23 93 55 28 35 23 40 85 52 1 42 10 16 77 33 54 83 99 32 50 82 88 39 88 4 12 51 29 61 26 6 51 45 4 55 90 28 15 42 49 45 59 56 59 20 14 34 87 67 45 86 40 92 40 21 37 45 23 86 88 24 52 72 86 89 32 40
63 61 80 17 57 36 89 36 90 23 95 17 89 70 37 3 14 95 94 20 79 100 1 68 13 97 35 84 83 70 97 40 11 40 40 38 27 5 38 33 83 40 97 84 91 33 6 9 60 11 10 88 50 60 59 16 60 1 70 39 75 26 80 37 84 70 91 35 9 23 14 77 6 65 3 98 92 88 16 38 21 39 56 77 49 78 68 70
73 96 34 38 26 81 92 58 84 6 39 82 56 87 57 47 42 91 14 55 55 58 24 48 94 47 81 39 86 61 64 82 47 17 45 7 72 88 1 51 69 1 38 41 60 16 32 39 37 92 5 87 53 24 80 42 28 80 40 90 67 74 43 24 36 72 5 44 53 23 43 75 13 22 20 82 48 55 66 61 45 16 64 55 94 22 99 36
57 58 6 46 37 41 30 12 38 78 57 76 8 85 43 8 76 7 23 67 50 71 80 10 83 47 23 17 86 47 22 66 37 72 57 87 80 73 44 82 78 59 22 95 50 63 24 9 44 68 73 94 64 89 25 24 47 12 95 2 45 83 51 48 10 23 55 62 11 75 66 83 100 10 99 60 63 4 3 50 16 94 65 94 63 56 77 96
93 79 67 66 50 75 17 82 38 83 4 13 56 6 3 13 63 72 68 65 95 13 59 23 15 77 76 95 19 49 44 98 24 89 39 2 59 87 81 16 2 67 19 21 69 19 27 53 53 20 50 65 2 54 96 68 14 52 61 57 39 96 27 87 65 58 92 64 90 10 61 78 38 95 60 95 11 57 2 68 36 43 79 48 75 42 50 38
9 28 20 72 73 52 21 33 97 9 13 10 4 93 8 16 98 64 99 77 82 85 89 68 1 32 70 70 40 21 50 3 80 52 97 68 99 94 82 90 50 39 70 58 96 39 95 91 90 78 88 77 13 27 75 83 24 88 76 19 63 60 55 16 26 49 81 33 38 57 99 24 76 51 12 98 100 45 32 45 41 44 20 34 10 30 76 87
64 87 35 48 9 15 81 46 4 51 39 59 46 2 15 57 45 58 94 45 82 31 14 39 33 15 35 87 11 98 4 42 71 8 26 71 81 69 45 75 87 25 52 3 79 12 74 88 83 43 52 87 83 72 37 82 64 82 51 42 61 29 96 55 11 8 41 77 21 59 54 5 33 51 6 15 100 60 45 64 99 67 35 3 75 37 26 28
22 42 30 70 72 72 56 82 5 50 49 46 3 81 44 82 22 82 71 52 74 46 58 87 25 30 33 47 70 17 28 55 13 2 79 7 60 6 42 63 61 71 65 95 9 90 80 72 56 78 63 99 34 57 76 100 45 39 85 98 16 92 23 14 96 43 87 21 12 65 12 85 7 14 81 70 53 62 89 53 85 70 36 74 85 38 48 35
63 6 36 36 64 72 20 76 50 17 13 80 50 5 85 54 86 32 2 85 19 34 59 55 51 67 60 27 34 28 60 4 66 57 48 41 67 51 85 63 76 19 33 16 64 43 74 21 68 49 43 51 1 62 71 21 44 85 19 41 92 52 87 99 99 85 92 58 17 17 49 42 58 18 35 29 87 51 17 91 71 32 96 47 85 29 4 11
8 11 67 63 38 61 2 64 58 61 16 29 6 47 69 65 68 21 84 52 47 92 89 78 68 21 34 83 5 8 62 69 13 41 78 43 89 64 3 92 27 27 49 99 98 45 67 64 97 13 55 11 79 18 15 15 18 30 40 66 55 98 77 83 74 12 99 92 65 60 88 21 6 35 62 76 24 34 54 23 59 17 68 3 25 43 57 86
35 12 42 40 4 52 82 29 30 68 91 54 90 6 77 76 86 10 40 33 58 66 75 38 84 98 24 25 87 33 66 88 81 98 12 77 23 82 96 95 38 60 57 9 56 82 57 30 9 84 77 44 2 47 64 57 89 60 66 67 14 80 94 67 46 90 3 49 54 91 40 85 78 13 81 65 90 91 4 1 1 96 79 15 65 74 23 76
14 82 14 91 18 69 82 85 32 28 74 28 39 3 57 88 78 26 91 98 62 30 26 63 47 95 66 80 62 38 44 40 46 16 5 87 50 71 33 20 63 33 2 18 95 71 55 70 57 40 92 16 70 82 59 98 78 64 32 81 7 49 82 7 67 55 82 13 96 19 83 34 53 29 70 55 2 3 38 52 52 67 35 91 54 24 100 76
52 36 19 49 18 75 53 22 3 3 1 92 14 33 25 33 32 11 42 7 16 94 3 67 20 30 49 63 56 56 9 48 75 42 14 88 84 13 69 10 39 31 63 43 97 24 14 43 18 88 26 75 92 1 73 97 3 21 40 37 55 68 68 9 77 27 78 61 29 47 35 9 47 56 15 24 41 97 34 39 13 39 75 25 24 72 36 76
65 45 26 47 30 11 95 13 68 75 22 38 49 16 18 13 47 34 13 18 46 11 29 9 10 49 88 22 74 42 41 14 24 10 7 99 66 19 65 19 48 41 98 82 40 53 14 57 82 60 93 13 48 83 76 25 84 13 5 31 75 71 94 45 14 67 86 59 19 25 15 43 43 58 38 57 69 13 47 28 17 38 4 57 50 21 6 7
1 68 15 47 63 44 38 12 25 73 50 29 77 80 12 77 87 29 87 91 9 13 2 32 33 81 1 2 65 24 52 91 7 53 49 33 41 5 2 75 31 60 66 71 35 29 80 1 10 35 96 13 32 52 59 52 32 73 89 97 69 12 69 29 75 54 19 83 55 17 48 46 96 99 39 55 91 71 43 39 90 27 34 17 82 95 92 24
2 73 15 88 78 34 77 21 93 56 46 92 79 5 63 17 2 70 27 76 11 67 18 68 92 34 76 96 71 26 71 96 53 14 39 88 43 26 56 19 5 61 61 15 98 16 32 60 16 26 25 30 96 65 16 78 71 23 46 74 18 20 27 36 79 36 33 45 86 15 51 88 71 5 12 14 96 87 34 35 61 95 78 45 22 4 42 42
97 4 76 76 40 78 53 56 29 53 78 36 65 22 61 6 42 67 51 44 93 13 73 78 10 76 73 48 28 48 98 17 64 54 79 24 94 55 67 88 3 88 1 71 73 87 22 39 51 100 83 61 12 15 85 45 91 14 78 2 64 50 46 5 49 67 78 76 5 68 87 45 89 67 74 92 42 8 91 65 22 96 51 53 50 1 67 40
20 56 2 96 44 58 78 28 84 7 73 50 4 20 89 53 95 63 82 42 72 44 91 78 95 22 48 8 4 38 42 16 28 91 67 87 85 71 76 52 21 41 13 100 22 8 76 57 48 83 84 92 66 9 70 88 66 86 72 11 72 83 94 7 4 19 43 35 11 82 58 99 31 82 20 45 26 52 84 82 94 12 88 52 65 8 73 89
14 38 74 80 90 19 40 62 89 75 74 92 14 11 95 100 72 50 65 37 89 27 5 70 35 41 10 57 45 68 7 88 77 63 7 100 68 51 87 50 9 71 83 83 53 61 92 38 86 4 25 91 19 33 64 47 87 71 83 47 54 10 36 8 5 28 13 20 80 42 71 85 8 28 6 90 62 64 80 11 6 8 62 57 60 31 76 83
28 37 10 90 40 9 57 23 6 34 35 22 39 45 25 97 56 70 87 2 39 45 51 34 16 71 79 50 27 1 21 68 49 56 80 54 55 34 60 88 42 28 1 19 61 4 40 33 71 64 87 4 57 48 26 35 83 41 57 50 38 50 71 5 61 80 88 7 22 8 64 71 92 24 16 60 66 86 72 21 91 51 41 78 23 8 87 58
1 73 55 37 11 75 31 81 65 4 42 17 66 80 46 28 55 18 59 56 42 52 2 4 10 47 61 42 15 54 13 67 76 96 45 88 39 96 29 66 45 29 30 80 51 90 84 59 20 39 26 50 80 49 9 12 72 39 75 75 43 69 73 2 41 13 75 81 14 24 23 75 41 30 49 64 73 33 77 49 23 31 21 20 77 18 97 52
43 23 20 93 29 30 69 55 76 1 42 57 100 27 99 44 44 92 42 29 36 98 25 96 60 5 61 41 29 90 66 48 10 4 44 7 55 69 60 3 52 12 49 60 96 98 4 21 100 38 30 40 75 92 85 17 74 18 42 21 72 18 13 40 40 58 5 31 45 73 38 32 23 1 12 63 39 89 82 70 39 65 11 23 99 88 12 9
99 61 66 68 78 81 25 84 94 36 45 40 25 58 52 83 99 36 64 72 1 3 2 71 46 44 63 40 88 41 86 18 85 75 87 86 19 48 55 85 16 31 43 46 94 61 17 77 41 91 40 61 26 73 31 21 93 89 42 81 86 36 52 73 5 100 100 47 6 47 49 97 70 74 96 57 79 10 37 16 65 75 60 32 58 23 94 30
35 17 14 40 45 13 81 55 51 87 46 55 88 25 13 21 39 38 42 14 85 24 17 22 71 47 21 55 45 27 13 59 86 90 57 39 52 35 37 87 67 60 75 14 13 59 19 10 28 39 31 23 84 12 52 26 15 32 62 1 74 24 39 85 72 8 94 68 64 90 17 44 84 52 53 56 37 12 62 30 62 96 27 89 83 42 34 47
36 1 71 2 66 8 81 98 14 46 26 50 74 91 8 88 19 67 20 18 79 9 66 31 15 69 69 84 96 69 16 83 63 60 77 26 45 96 13 72 12 85 100 5 44 42 62 90 44 52 94 98 37 25 19 11 83 31 41 13 1 41 13 17 44 61 22 4 39 63 1 97 58 81 72 85 74 67 56 6 15 28 41 94 37 1 69 52
52 22 7 42 51 99 33 77 11 29 93 70 79 6 44 47 27 65 79 42 2 84 97 8 44 22 5 4 80 29 25 16 88 93 8 9 34 39 80 79 51 60 55 51 35 16 27 73 48 73 31 60 30 68 21 84 58 67 4 26 66 60 27 81 17 1 31 44 6 44 23 15 6 25 18 80 73 74 72 79 38 50 58 91 3 17 56 2
11 75 4 86 2 70 5 10 13 46 72 17 27 27 85 97 34 5 37 83 70 47 58 16 99 48 60 47 33 19 95 82 69 93 85 14 98 93 21 43 36 31 8 23 28 55 23 85 80 20 76 53 2 100 94 54 51 58 20 12 100 24 89 24 57 46 97 69 64 82 62 76 72 68 57 61 42 21 87 19 80 60 80 50 16 49 15 8
4 81 62 67 24 65 19 76 83 29 42 10 81 20 81 13 20 46 54 93 73 73 88 60 50 64 72 35 94 5 85 78 20 57 58 86 24 5 27 7 10 47 99 95 1 45 53 46 35 25 40 82 61 50 99 78 97 70 53 94 22 32 96 12 80 32 25 18 93 61 51 95 20 47 57 47 79 17 86 47 26 72 37 20 46 48 54 62
15 63 65 88 57 24 37 39 52 97 22 72 91 44 55 37 47 14 83 22 5 57 48 4 85 64 44 35 43 25 48 85 78 30 66 70 59 59 23 5 56 46 53 90 50 52 97 14 16 75 21 76 41 41 36 22 96 80 74 19 33 54 73 65 87 35 60 27 88 41 63 71 68 48 71 14 38 41 3 84 31 95 31 61 48 100 73 51
58 13 13 96 68 10 14 72 93 84 89 14 43 3 27 50 79 46 3 19 54 60 85 93 23 18 46 98 30 95 43 60 24 27 32 23 72 46 50 57 2 19 79 49 62 28 85 64 39 93 21 9 44 13 89 32 6 23 81 37 55 73 63 2 71 89 40 54 1 49 25 87 36 60 33 15 47 61 97 90 46 44 10 55 14 63 53 8
14 67 61 63 95 39 40 39 21 47 95 78 51 93 39 44 8 100 32 32 39 2 49 53 20 100 100 31 77 27 44 15 100 13 20 25 61 88 10 89 90 54 32 16 85 74 25 27 46 39 67 79 18 10 63 92 35 32 98 4 84 84 27 56 40 98 40 5 34 9 6 14 44 34 63 86 72 17 10 84 70 16 74 6 31 34 83 94
18 53 21 78 21 99 21 19 58 97 49 85 26 46 19 96 1 54 81 5 16 98 79 75 48 79 1 60 28 77 47 97 80 19 3 17 42 99 46 76 69 99 81 43 93 66 37 62 3 23 21 26 57 88 83 80 3 18 77 86 63 72 25 56 86 89 15 25 8 98 82 79 75 60 54 25 23 93 45 24 40 89 31 64 6 48 98 59
80 94 5 30 61 6 48 71 24 32 13 98 47 1 70 64 58 47 60 9 39 13 50 74 56 39 36 66 45 29 28 88 75 78 2 1 14 56 41 26 98 91 94 69 91 38 45 47 27 64 37 5 38 63 60 19 53 37 38 14 20 72 74 27 36 12 59 75 53 58 87 88 99 47 33 32 40 97 40 97 41 97 3 56 52 42 7 22
82 52 56 19 88 77 99 17 99 48 84 97 44 3 70 76 41 59 87 52 33 21 9 92 78 95 85 34 81 36 20 52 46 96 47 29 69 31 24 12 87 11 93 37 89 76 30 83 86 24 86 22 11 79 79 33 4 25 56 15 29 57 22 34 70 52 17 52 90 50 99 53 42 33 83 36 61 16 72 58 87 13 8 36 18 30 59 65
