62 94
99 14 27 67 34 94 95 49 44 74 60 17 41 98 82 44 9 52 36 64 96 55 79 27 66 90 59 35 58 1 11 55 20 92 56 37 56 89 57 28 77 16 38 100 37 57 88 92 51 8 39 28 63 78 79 51 85 42 76 66 88 23 70 5 12 88 71 45 54 27 98 59 11 6 3 44 48 18 56 38 56 6 64 82 58 73 86 34 25 7 92 17 1 37
24 77 79 46 24 24 56 4 49 61 34 27 53 85 20 96 56 58 56 34 7 63 6 34 36 61 90 64 65 77 84 77 32 54 90 62 54 77 7 84 83 83 35 85 2 34 80 76 65 15 83 60 51 11 2 59 100 40 12 73 1 13 65 10 89 49 68 48 90 17 62 27 72 29 58 99 87 76 97 72 95 65 62 4 33 41 58 39 20 2 88 10 65 62
57 67 90 61 70 28 76 63 86 62 28 58 9 69 27 38 85 65 94 57 76 67 9 13 62 69 42 40 37 34 4 72 11 78 68 51 79 78 12 44 21 47 31 58 62 11 100 85 39 3 14 59 42 31 87 88 47 75 47 65 44 87 88 94 91 6 95 98 39 22 50 60 93 7 28 70 12 25 100 24 27 31 42 98 66 61 30 6 25 48 87 50 88 61
3 57 9 47 75 11 90 69 97 18 2 35 8 94 52 59 77 4 66 59 3 95 54 38 56 11 50 12 82 55 73 90 58 28 54 93 52 54 33 37 11 2 22 17 59 21 68 41 29 45 51 33 93 89 38 60 63 89 92 55 23 67 67 99 13 48 57 40 5 78 31 67 70 33 15 11 41 32 10 87 44 10 18 27 40 49 8 5 8 67 62 65 3 62
3 56 52 100 63 12 16 64 40 44 39 43 13 3 82 30 54 90 64 99 20 51 80 31 22 67 67 11 84 30 22 74 68 49 38 9 27 65 3 79 13 71 37 67 62 15 14 12 39 60 83 93 16 43 80 14 60 56 99 98 27 2 12 60 82 47 61 2 17 91 23 84 97 31 34 86 20 30 72 66 97 23 15 8 14 45 18 39 68 98 86 39 70 34
9 34 26 96 27 20 45 46 99 62 32 94 88 84 22 67 29 99 56 21 58 99 31 60 68 65 84 3 30 58 6 8 21 4 75 34 97 39 68 83 61 18 90 7 44 52 85 76 25 48 73 44 33 3 30 60 43 12 44 26 16 53 1 9 23 98 65 39 82 46 21 56 71 88 100 2 66 58 64 40 72 68 31 66 47 88 83 13 58 58 6 39 20 25
41 50 96 35 29 77 84 66 16 19 66 55 90 90 70 43 63 7 17 44 42 9 94 37 78 23 3 37 96 98 2 21 82 13 20 27 26 27 53 66 46 86 50 36 46 5 60 55 99 89 78 47 46 8 16 34 12 22 96 5 65 7 41 23 62 12 83 75 8 16 99 87 46 11 95 98 50 90 59 81 30 34 9 74 80 18 82 76 92 46 99 11 94 86
39 23 63 57 73 71 28 58 44 44 96 76 80 70 81 74 77 18 94 18 99 12 40 9 44 31 71 91 38 63 21 35 46 90 13 94 81 98 93 12 1 26 89 95 51 67 7 63 44 1 7 54 76 6 48 96 6 74 47 89 45 88 84 6 3 28 82 66 36 29 11 18 1 61 96 15 58 34 33 50 8 75 64 16 4 92 94 47 27 22 98 37 58 7
47 31 2 52 88 81 38 27 14 36 98 88 65 84 54 2 50 11 39 24 69 13 14 61 89 10 53 31 44 65 79 31 1 27 22 83 90 15 19 81 31 6 62 48 88 46 95 60 15 35 60 71 6 54 11 29 78 85 14 100 16 98 50 29 34 24 65 16 97 7 51 3 85 48 18 60 38 44 40 56 46 60 46 84 4 9 99 6 95 16 95 65 26 33
81 92 26 67 45 88 24 63 9 60 61 71 10 17 98 56 55 93 89 7 58 69 70 20 22 85 74 68 100 39 62 60 20 37 90 89 35 75 35 23 3 12 69 57 2 50 29 58 34 100 84 81 44 71 88 21 92 93 43 51 52 10 56 5 17 71 61 96 95 92 2 21 79 12 87 11 13 100 2 88 82 28 33 33 40 13 87 86 24 72 89 58 65 69
89 59 95 24 39 86 68 99 78 94 90 32 83 86 45 78 69 55 3 22 66 98 33 20 42 14 36 58 60 34 33 17 49 9 73 85 53 66 20 61 94 78 20 3 20 12 88 9 58 31 41 14 43 26 33 31 5 72 50 80 36 69 73 29 70 13 48 64 89 28 33 82 91 73 92 82 22 42 87 85 42 53 3 27 14 16 30 20 40 30 91 22 90 37
89 22 66 90 80 33 2 43 12 77 19 80 35 49 77 73 69 9 8 59 75 77 29 16 41 35 56 19 87 23 52 60 5 15 60 60 5 51 33 37 49 31 12 61 78 71 33 52 88 58 16 50 71 1 31 57 66 70 40 71 69 52 57 80 28 41 89 75 22 67 24 81 52 40 14 50 51 44 67 42 10 47 43 95 48 31 89 85 24 54 57 14 71 28
22 80 24 36 64 19 41 25 42 27 52 3 7 41 58 21 83 89 25 69 8 60 61 50 70 27 57 93 82 12 95 100 5 100 71 11 45 76 100 20 52 47 66 64 29 64 5 74 11 20 43 87 75 47 72 71 34 63 55 99 3 61 18 3 81 55 42 51 100 26 80 44 77 57 31 72 19 14 66 38 49 79 57 6 85 51 43 61 1 18 67 92 20 54
48 34 95 83 56 15 14 86 28 42 37 25 33 83 2 82 87 2 48 58 50 42 93 72 76 45 24 66 57 31 78 17 64 45 14 99 23 36 10 34 98 18 44 4 84 28 9 30 82 13 97 29 92 78 31 69 73 39 78 32 12 52 64 7 20 11 2 35 5 21 60 83 76 99 75 88 14 80 84 81 36 76 3 52 37 42 7 8 6 82 39 56 38 96
78 17 30 97 87 39 16 51 13 46 20 38 1 26 37 14 52 91 36 18 6 31 58 36 78 48 53 70 72 95 93 79 1 69 87 94 54 76 58 14 96 97 24 43 18 83 54 19 79 84 76 60 10 54 51 1 43 81 93 60 8 83 22 56 88 53 83 19 54 24 15 5 13 14 21 81 55 69 21 86 12 48 46 78 76 93 96 88 79 35 5 28 3 10
57 24 7 19 14 7 28 76 33 60 17 3 74 72 31 14 14 16 72 35 79 71 27 65 28 19 9 99 78 9 10 42 50 22 71 93 75 55 14 44 2 24 67 74 57 1 98 93 93 85 65 33 7 64 51 72 33 22 33 63 100 64 8 1 4 59 71 22 40 15 14 89 72 81 71 98 76 72 65 65 73 40 34 27 34 72 61 100 85 38 31 16 94 9
5 18 45 54 43 93 43 66 56 49 41 86 46 47 72 12 71 40 88 2 71 99 67 100 32 11 45 11 92 46 58 51 6 41 83 68 100 56 93 72 58 18 30 40 87 56 61 42 84 73 24 70 81 66 16 11 100 23 56 92 51 74 86 22 74 69 47 1 69 26 70 94 42 35 10 83 2 99 91 69 64 4 58 45 43 45 59 26 30 66 56 10 20 18
83 43 1 52 57 24 50 51 85 48 20 19 43 26 43 43 81 98 4 21 13 6 17 14 45 21 49 54 27 28 60 96 17 94 75 49 48 53 95 79 92 38 30 44 7 57 75 20 89 16 87 28 7 70 8 55 62 31 77 14 11 55 38 26 96 78 13 72 78 78 29 22 9 26 74 61 35 37 37 66 37 40 94 45 2 97 63 78 29 49 99 58 66 74
34 90 64 88 58 85 89 92 55 24 61 3 83 6 11 2 86 46 22 10 64 72 87 86 10 97 8 22 22 78 69 6 77 3 68 43 15 61 10 2 58 30 8 11 82 30 43 59 17 90 76 21 33 29 34 77 86 87 25 59 86 17 87 79 34 44 25 16 83 26 25 14 64 82 13 86 90 67 55 61 6 27 66 26 33 80 3 84 42 56 45 23 91 65
38 32 21 63 87 43 58 53 70 80 79 89 10 53 87 32 58 28 9 22 66 4 57 9 6 60 6 80 4 67 34 66 60 73 67 35 10 43 28 34 32 93 87 92 33 64 49 90 49 58 91 1 82 24 56 13 6 36 50 99 6 38 2 70 78 56 38 72 90 64 78 42 20 17 82 29 91 90 81 87 48 58 95 25 91 9 46 38 92 14 91 85 90 37
16 86 36 2 57 50 18 11 55 27 99 27 38 42 24 96 14 20 59 6 9 55 41 44 4 14 68 34 60 42 1 92 18 98 66 82 13 45 95 80 31 63 46 100 7 97 12 6 41 65 6 55 2 46 15 69 1 83 58 85 30 42 88 86 86 10 83 66 48 65 26 54 43 100 100 59 83 36 2 62 84 51 64 96 85 89 3 47 37 75 74 87 52 53
33 92 20 75 93 34 77 83 44 10 86 8 80 65 76 90 16 3 93 20 66 66 46 42 59 66 5 97 79 7 22 11 88 9 18 23 18 75 64 37 96 48 20 70 93 53 37 62 40 87 80 98 60 4 21 24 76 40 28 40 26 18 16 16 79 26 38 8 3 85 82 64 57 59 30 49 68 32 31 86 31 67 15 23 18 27 55 59 86 2 90 46 20 31
55 69 64 22 100 24 76 63 50 36 74 23 98 63 85 86 65 61 52 50 68 53 96 90 39 31 53 15 36 70 46 67 34 100 72 34 86 21 20 54 96 90 68 81 67 75 12 6 27 83 33 1 67 26 69 90 10 92 80 92 4 84 87 53 29 7 3 90 38 62 41 41 29 24 91 93 6 65 1 21 82 84 76 43 34 64 35 31 79 94 41 12 1 8
70 58 97 20 93 41 28 90 57 81 68 40 67 14 17 93 59 70 4 60 51 89 23 2 40 56 6 85 42 5 84 78 46 57 1 69 82 27 54 3 45 73 9 5 91 53 23 3 79 34 51 39 64 10 13 60 89 18 59 49 64 60 47 46 16 68 17 13 41 18 78 8 69 22 65 82 25 45 17 23 9 64 87 82 92 35 45 38 1 76 23 66 87 56
9 80 72 44 70 11 19 99 87 65 76 8 19 69 3 15 77 62 45 21 91 47 50 48 22 52 54 63 53 16 98 65 82 97 22 83 23 25 97 89 34 14 68 50 71 97 62 79 85 74 43 72 83 59 20 24 8 2 42 18 90 80 83 13 79 27 61 93 56 78 56 22 93 79 99 40 98 58 74 44 81 36 6 95 63 11 20 63 63 36 47 90 48 32
68 85 99 51 7 49 57 62 23 26 75 32 46 84 54 16 82 70 95 1 28 67 80 57 75 91 40 50 3 66 21 86 46 92 11 2 26 72 95 29 17 90 45 30 1 19 6 95 32 83 62 7 19 14 53 55 77 54 54 56 62 44 81 16 49 32 5 54 7 54 81 71 69 22 1 39 12 32 63 55 6 24 67 8 12 100 18 55 54 56 50 18 2 89
78 64 77 93 3 73 26 30 40 72 40 21 98 48 46 9 51 20 89 64 31 6 90 28 56 15 5 94 30 77 13 15 74 5 65 60 57 65 10 72 39 20 98 80 56 57 25 14 1 46 5 60 35 87 27 75 22 50 99 87 64 27 13 38 8 42 90 69 73 60 41 98 26 100 47 46 24 19 55 20 25 58 10 31 87 82 77 29 20 47 41 12 44 10
32 49 65 49 92 47 61 29 17 61 25 62 26 24 41 64 29 39 16 6 99 83 21 74 22 13 98 88 5 37 60 48 59 13 8 29 87 83 20 64 63 60 73 55 13 45 11 42 27 86 73 79 38 48 71 97 55 95 13 56 67 53 62 83 97 38 9 86 55 84 11 4 83 96 17 28 18 94 67 16 16 58 8 98 61 47 28 62 63 48 36 99 13 41
30 2 76 67 89 88 52 87 93 3 73 48 49 63 26 51 100 65 14 86 50 77 37 28 81 33 81 88 48 97 89 76 2 76 6 56 10 3 29 48 14 100 76 34 74 38 21 15 66 87 95 79 98 70 41 58 45 54 32 70 76 62 53 19 84 91 20 66 14 63 15 82 90 47 30 78 75 100 26 78 46 25 16 84 100 91 51 98 28 21 94 55 24 74
91 26 35 50 70 33 89 68 38 61 94 13 85 81 76 24 99 90 18 3 25 90 49 90 13 67 38 74 29 46 8 42 99 39 48 37 64 96 66 82 30 82 29 48 14 83 86 56 2 24 21 33 85 61 48 46 45 74 8 42 85 88 89 76 7 29 10 52 90 8 53 2 90 33 92 17 77 63 83 71 100 11 88 39 82 64 13 71 65 83 65 95 100 65
6 17 81 86 33 43 95 93 70 22 60 57 41 4 85 78 34 77 61 5 81 93 54 11 37 13 29 17 65 26 97 68 75 42 91 63 61 42 76 77 86 72 46 23 66 74 72 87 40 14 88 18 23 51 26 56 90 80 99 57 93 72 47 61 93 53 75 31 31 97 85 71 76 78 57 90 79 37 88 95 55 54 59 51 98 85 42 52 91 16 1 6 28 55
83 54 31 24 10 55 42 68 26 49 96 66 77 39 90 59 74 78 6 1 80 32 87 15 34 70 65 65 69 60 79 45 85 24 41 93 39 58 87 68 91 100 79 94 22 14 5 82 86 51 2 95 68 44 61 78 49 80 86 31 5 5 44 60 21 26 88 30 16 17 20 91 87 83 36 20 11 74 56 100 35 74 93 36 71 95 93 56 29 62 37 90 14 15
89 2 78 21 43 70 55 36 59 78 15 99 91 99 1 12 37 55 55 44 77 92 45 83 77 87 28 73 14 46 3 58 5 54 98 12 26 81 45 42 48 22 23 55 76 86 21 35 70 73 60 1 30 100 78 30 39 49 23 73 58 72 54 91 13 83 75 41 70 94 46 51 57 97 47 100 8 35 64 83 74 93 23 24 35 90 97 48 67 44 78 97 52 70
77 29 92 3 58 24 13 79 50 73 24 25 79 57 75 1 33 82 26 39 68 34 92 95 63 74 7 50 40 22 61 42 25 10 86 77 11 18 46 31 57 5 9 13 94 23 79 100 95 14 33 15 3 90 41 80 44 3 69 33 83 31 23 58 54 31 100 53 21 23 30 82 66 38 2 12 54 34 34 84 89 87 95 41 27 29 7 7 76 21 92 36 25 49
28 16 52 10 64 91 98 42 43 60 14 17 89 60 9 69 31 69 24 2 45 21 89 59 84 38 63 33 41 55 11 7 71 50 47 59 73 35 32 88 40 62 9 81 17 44 60 45 74 71 12 47 37 39 26 95 19 100 80 73 43 97 69 10 29 26 34 46 48 13 36 81 53 46 95 24 59 96 62 89 12 71 69 33 93 63 92 62 33 89 40 33 54 56
46 38 21 39 50 93 7 66 78 47 27 37 52 30 86 68 93 66 36 15 47 33 93 9 31 55 24 60 23 57 23 7 80 10 79 53 95 87 61 16 41 21 17 31 95 77 62 56 79 83 51 16 97 6 12 78 41 15 71 75 49 51 96 7 25 86 48 63 77 30 14 72 35 45 56 49 78 62 11 44 70 89 71 87 48 5 54 80 100 17 99 21 38 78
79 94 54 4 15 63 72 55 3 23 14 68 22 81 55 43 90 28 64 3 26 34 24 37 83 48 46 82 39 22 13 88 8 21 95 1 44 80 91 81 23 39 91 77 73 85 55 36 78 20 17 90 20 3 93 3 60 27 33 37 3 34 4 57 78 28 64 64 83 39 51 20 30 6 66 4 45 11 37 45 20 49 3 86 3 100 19 94 72 44 69 15 51 41
73 23 45 99 60 79 85 30 4 10 45 94 23 87 80 81 35 65 86 57 16 98 69 35 5 56 3 10 16 92 16 32 53 71 97 71 5 78 53 78 38 73 47 21 33 4 72 82 51 16 78 6 38 79 25 79 61 94 62 83 88 47 45 89 15 88 79 90 37 66 63 3 45 61 76 53 54 39 88 62 22 7 56 34 99 20 24 36 29 70 55 6 55 37
31 65 33 7 2 94 85 87 8 61 53 15 37 8 96 85 45 72 56 42 42 35 20 86 25 78 54 36 53 34 99 25 8 8 81 63 66 29 93 60 87 73 25 99 61 81 24 42 66 30 33 76 54 79 76 17 4 40 51 3 45 41 33 80 58 3 41 74 72 25 28 46 49 89 98 36 40 88 54 85 87 15 33 58 3 24 25 92 14 92 78 72 93 50
12 81 41 60 95 48 79 97 12 76 16 63 76 2 62 25 89 26 92 75 71 95 66 73 45 31 17 69 85 67 44 61 54 13 27 61 59 58 39 4 15 91 58 77 31 71 8 36 55 23 6 22 4 52 74 77 5 63 56 36 1 35 15 30 89 100 30 85 59 92 4 92 62 74 91 81 74 100 57 81 26 69 100 69 20 12 59 42 21 56 48 91 86 16
13 57 38 9 14 7 85 1 51 88 1 14 5 90 87 44 46 72 99 3 91 90 15 56 46 83 33 17 95 67 40 7 70 95 41 12 45 41 67 58 83 68 95 39 38 84 84 73 41 65 22 99 6 98 85 52 86 100 33 99 4 92 63 28 54 74 22 59 45 26 35 26 37 88 30 52 5 42 54 23 72 37 67 77 49 65 61 59 27 9 32 57 63 31
94 22 90 11 29 35 5 6 90 94 72 88 44 97 67 78 85 83 95 42 21 94 72 68 81 94 13 42 27 56 37 42 74 94 97 70 93 71 34 85 35 74 12 92 94 28 59 67 68 65 93 85 25 50 36 45 51 28 81 11 38 100 5 23 15 100 23 32 31 1 79 71 16 33 41 37 60 66 1 53 37 8 78 91 12 84 48 2 12 62 94 81 1 68
87 28 29 23 81 91 51 69 72 68 39 99 40 77 38 46 17 12 86 73 58 58 91 9 92 41 11 83 80 26 76 13 52 19 100 3 38 25 77 24 53 12 53 21 48 13 11 74 84 84 20 79 70 76 33 12 33 68 30 36 96 43 2 62 75 50 83 5 62 29 53 26 39 75 74 75 2 65 53 62 81 10 11 3 9 12 61 22 41 18 19 92 89 9
80 16 48 15 68 85 82 10 10 6 29 89 90 92 96 34 50 67 41 28 99 8 99 13 46 74 7 59 3 76 4 78 26 14 72 65 81 18 85 94 65 100 95 91 24 93 60 34 47 49 34 75 95 23 28 49 17 77 24 22 70 8 47 28 76 41 26 88 51 77 55 20 59 26 26 11 34 26 78 31 8 11 46 24 16 60 77 99 22 15 70 9 16 27
52 45 54 84 66 72 45 53 4 12 77 2 85 14 18 58 96 40 80 62 9 41 79 90 89 95 93 11 96 83 73 66 82 3 67 40 28 1 33 31 5 42 66 20 49 69 41 53 28 88 37 85 61 96 70 9 1 49 86 30 3 8 40 48 26 57 81 81 93 59 85 50 61 62 57 17 36 67 71 60 41 57 97 73 56 55 13 7 44 89 4 43 98 80
54 86 71 75 10 82 20 62 46 11 69 76 97 100 80 39 15 23 4 6 5 21 26 84 38 57 14 91 76 63 5 28 23 84 61 76 23 64 78 94 60 70 16 36 23 22 24 79 15 73 44 79 89 2 77 50 71 62 63 51 82 9 20 78 59 37 73 94 7 18 81 35 75 38 58 42 59 3 57 14 49 67 13 100 96 64 99 80 49 80 12 9 86 10
56 23 38 61 74 48 8 45 23 66 43 88 75 10 81 42 46 35 98 20 31 45 64 58 23 72 72 27 68 58 76 97 68 55 79 1 64 34 16 16 8 97 51 11 8 41 16 76 67 36 46 1 43 70 79 12 58 89 16 8 40 100 55 15 56 31 35 57 67 68 17 80 50 73 92 60 28 13 82 16 77 4 17 6 20 47 82 28 59 91 89 55 94 28
85 12 65 41 95 52 4 47 9 92 11 75 95 10 67 23 13 83 10 31 98 54 99 32 69 79 26 70 70 87 60 11 8 75 86 75 48 67 58 81 12 81 31 73 85 30 18 52 30 37 13 37 86 21 75 93 88 84 3 18 41 17 62 3 57 37 19 51 29 73 37 35 72 83 24 13 1 40 36 26 77 77 7 74 10 76 4 19 70 97 79 27 88 80
50 6 83 33 45 59 33 99 82 17 43 41 20 34 78 23 69 23 46 43 30 99 3 7 6 76 5 14 89 53 32 69 74 39 92 76 87 82 95 33 24 88 11 72 91 7 23 15 30 2 52 52 61 94 4 97 30 14 31 8 78 21 32 99 41 33 74 85 81 4 88 50 91 22 6 35 87 6 45 14 22 2 96 60 24 8 52 19 15 67 77 59 68 13
50 47 20 74 39 85 8 76 52 18 72 9 49 27 74 34 60 69 81 17 66 62 56 62 22 1 65 17 87 82 29 54 16 9 42 57 85 76 58 48 99 63 86 55 79 24 23 95 80 95 68 50 70 63 4 34 27 29 13 94 96 38 73 29 31 40 35 98 96 65 6 67 44 30 9 18 90 1 87 89 60 53 5 57 100 39 28 5 51 82 18 44 22 94
58 20 67 53 84 25 42 1 61 81 37 30 18 33 60 82 97 52 89 6 47 42 3 41 33 24 78 62 32 30 39 59 54 81 32 51 39 50 45 3 53 34 32 56 12 20 22 60 93 16 60 100 3 57 13 29 98 34 32 26 7 96 4 12 9 59 33 95 11 33 51 36 85 7 18 63 23 15 96 71 63 81 67 76 51 6 48 68 19 14 36 89 52 33
65 42 13 69 88 68 69 18 54 3 73 74 91 97 40 33 86 90 72 44 74 61 58 37 49 34 1 74 19 28 74 87 17 81 4 61 43 47 51 97 70 13 78 80 47 90 17 12 84 66 27 67 51 43 88 51 8 70 27 89 81 2 6 13 82 28 65 10 87 63 80 11 69 18 7 66 17 4 37 31 1 90 52 15 36 68 34 30 4 1 89 99 22 36
75 52 62 63 89 32 8 73 16 82 6 9 9 6 6 88 5 23 70 27 44 81 3 1 15 71 3 86 63 80 46 73 37 26 50 72 47 67 34 57 8 15 56 50 78 73 18 48 95 66 7 81 14 91 62 5 16 55 23 30 98 4 60 50 12 40 90 76 87 95 92 18 35 67 16 50 88 72 65 16 2 57 52 63 18 7 30 26 75 44 69 8 25 7
78 59 13 14 46 10 5 56 15 53 73 72 66 21 59 42 91 48 90 40 93 62 21 51 86 72 66 48 33 5 49 29 10 51 11 16 69 48 74 26 39 13 55 84 74 18 85 18 44 55 12 12 9 1 70 49 56 40 57 61 26 77 89 70 41 67 78 67 29 34 77 9 68 7 12 69 95 34 40 70 43 5 83 11 29 16 53 56 58 54 6 93 14 23
9 34 91 70 43 65 16 25 43 14 46 34 68 13 71 73 11 65 77 27 83 99 37 17 39 28 89 89 35 67 11 16 49 54 83 17 33 96 75 81 10 43 48 55 12 15 28 42 95 3 70 5 85 46 37 82 39 16 77 50 31 59 58 35 30 28 11 55 64 86 66 5 100 65 24 14 23 87 47 25 67 15 50 46 20 46 53 3 77 10 90 28 3 89
43 33 83 58 69 85 89 89 8 74 9 53 92 86 9 29 96 47 47 3 80 51 20 1 24 41 57 93 27 76 26 96 78 5 16 38 58 71 47 64 3 3 7 5 5 64 10 85 26 72 99 94 98 7 74 33 16 36 92 17 98 34 100 2 58 52 18 34 13 28 10 22 73 17 52 23 87 3 59 19 47 71 68 53 70 27 33 45 11 31 73 98 9 1
21 42 69 50 20 4 40 33 79 93 27 15 40 73 65 80 79 39 49 57 41 6 5 50 45 89 10 42 37 85 73 65 82 69 45 14 66 14 14 17 13 88 29 34 77 85 37 62 63 73 13 49 51 46 47 37 83 33 69 99 98 92 38 7 2 81 75 69 77 55 46 5 100 95 58 54 21 26 1 42 58 29 39 8 41 69 75 40 17 93 63 32 83 32
55 63 94 31 2 78 88 50 85 76 92 26 84 62 67 56 62 67 76 31 78 70 67 32 7 66 14 1 53 49 29 86 14 28 100 47 24 78 7 29 83 35 66 1 61 18 60 71 60 78 57 20 4 6 97 25 93 52 95 5 88 31 86 96 37 19 58 82 87 48 58 11 91 77 29 28 98 24 55 31 34 71 2 82 7 100 8 37 58 17 50 37 70 97
45 39 53 47 32 94 61 9 10 88 71 55 50 28 55 21 84 64 2 1 6 59 68 10 23 93 94 46 94 73 83 80 14 28 94 77 48 65 68 84 42 80 81 13 55 3 48 92 91 94 42 81 93 33 83 97 78 12 97 74 71 77 5 48 10 34 23 65 96 21 48 10 43 8 18 14 38 6 8 27 33 13 7 42 48 10 4 100 18 13 30 66 18 26
63 76 60 32 82 94 24 8 63 27 47 90 18 87 51 73 25 22 77 77 21 81 86 72 3 61 1 50 99 73 34 10 68 49 36 28 41 33 10 49 95 50 5 79 49 43 41 89 5 14 68 42 40 13 15 21 71 68 98 74 38 40 15 7 21 58 90 61 45 45 92 87 78 100 70 59 51 23 80 16 73 51 96 29 91 79 3 72 17 14 86 33 56 35
18 39 10 36 19 67 6 82 5 44 98 8 16 79 67 22 8 40 77 16 64 24 75 43 83 57 73 62 27 78 33 13 90 80 6 23 62 50 40 22 10 95 64 11 54 21 10 61 89 24 84 2 49 80 92 60 47 56 91 58 88 23 48 59 47 84 71 62 40 78 34 31 98 60 35 52 44 67 96 52 16 11 12 44 77 82 46 11 81 65 70 11 86 15
87 12 94 57 83 9 48 19 10 33 53 43 25 84 59 27 77 26 77 67 67 15 19 81 77 31 3 96 72 79 48 67 68 33 66 50 7 25 94 73 26 45 88 64 100 99 78 83 8 43 54 67 42 62 19 92 29 13 56 9 3 90 10 57 84 46 59 67 63 46 66 72 79 39 77 91 13 28 97 77 83 89 57 39 81 10 5 29 17 44 44 48 60 16
