79 75
44 86 83 31 90 7 63 9 16 70 85 100 84 89 74 75 89 25 2 32 65 3 39 3 61 23 65 91 96 69 97 82 18 3 12 58 46 58 82 84 37 48 21 64 24 78 24 73 96 85 1 82 49 70 30 33 65 46 72 15 77 95 40 96 37 29 79 44 31 79 59 31 50 90 70
41 49 30 50 1 8 86 70 11 3 71 52 99 96 32 47 60 51 81 63 72 20 63 43 70 71 30 51 82 85 22 66 80 73 63 97 19 30 81 80 27 91 74 96 89 54 13 90 22 53 6 63 47 21 75 89 7 37 51 49 13 8 45 37 24 94 47 12 72 92 55 92 70 93 99
27 35 35 20 88 25 38 32 76 99 23 3 93 23 49 74 90 13 81 59 100 9 55 4 20 11 32 99 61 5 69 17 16 46 35 94 22 54 44 73 49 91 11 56 50 50 11 14 82 77 34 71 67 3 20 8 20 32 81 76 32 91 63 57 8 77 14 75 64 89 54 66 31 88 31
14 84 45 39 76 40 85 26 91 1 99 29 56 85 12 2 13 36 17 3 31 90 61 69 71 73 4 72 98 49 8 32 57 8 59 70 48 88 57 84 61 59 52 9 95 59 38 29 11 34 34 29 39 23 8 58 30 69 1 78 15 36 42 26 5 94 41 18 6 91 94 2 98 88 79
34 63 29 74 57 6 73 18 33 65 75 40 38 35 93 47 72 7 31 94 62 45 1 65 48 13 53 40 3 86 61 27 96 78 24 32 46 6 62 77 56 84 85 57 34 71 81 99 2 92 51 49 82 34 14 69 45 51 18 17 11 13 38 32 97 17 75 65 92 19 29 12 84 86 37
5 36 62 20 43 32 36 48 30 96 100 8 53 67 22 40 95 82 2 70 30 94 40 27 8 55 24 29 18 22 49 20 74 34 68 59 97 42 27 53 45 14 75 52 39 64 47 78 49 4 82 69 86 91 95 27 70 59 39 7 51 59 74 66 32 46 49 37 37 25 7 66 11 46 59
34 85 26 2 34 39 97 49 69 55 72 49 100 74 28 46 30 100 30 76 42 57 94 5 83 34 91 34 32 55 62 55 33 7 67 46 13 34 81 71 59 89 42 24 9 20 54 34 27 8 82 61 97 43 97 3 49 88 2 58 3 17 4 37 58 47 77 97 98 45 9 84 21 37 47
90 91 20 57 30 13 51 21 87 47 89 70 84 78 59 96 77 34 82 43 15 68 47 66 53 45 33 27 28 95 74 57 44 58 99 94 28 61 33 94 31 51 44 99 20 39 72 67 12 94 77 51 34 15 39 57 3 84 64 56 78 77 68 50 29 29 24 15 58 39 19 97 25 9 67
67 91 55 42 53 34 19 46 28 77 45 85 22 87 16 88 9 15 18 52 60 15 65 75 10 89 98 33 13 17 30 26 86 76 11 81 8 73 24 5 46 66 24 75 49 33 56 65 100 55 98 85 98 52 29 77 93 25 87 97 4 11 94 6 72 61 42 97 39 71 61 19 69 87 8
60 42 84 18 29 11 50 50 55 27 82 66 33 18 6 41 93 49 98 88 29 69 64 49 27 29 97 59 63 33 34 82 21 21 78 30 66 84 88 34 79 57 27 87 55 31 43 21 64 41 56 77 69 57 78 83 99 16 67 54 90 2 1 50 64 22 65 57 68 33 28 65 64 83 68
17 72 82 18 78 82 90 43 96 10 13 63 57 3 51 89 53 30 8 20 75 27 93 86 39 5 33 99 84 86 45 68 84 51 86 77 53 16 53 79 22 43 11 47 71 93 66 18 41 29 80 93 78 6 70 65 23 95 60 65 86 9 35 17 91 76 87 9 45 57 74 98 7 8 28
65 20 84 9 36 74 39 48 58 2 60 34 49 66 33 22 62 28 30 93 81 83 71 65 70 79 98 74 91 74 89 73 18 84 85 80 73 15 59 5 57 16 9 15 4 59 24 58 26 54 4 7 21 11 77 95 51 67 53 91 97 55 47 48 46 73 30 59 46 36 33 48 100 47 1
94 80 75 87 10 32 99 84 18 13 32 77 55 18 12 36 82 81 92 89 95 93 48 89 75 27 50 49 99 99 8 81 32 18 22 82 14 58 55 80 44 57 13 96 57 33 11 23 48 55 30 67 16 3 36 54 38 39 77 7 52 8 42 52 75 74 83 85 40 50 75 2 86 68 27
9 3 1 15 80 44 23 24 10 17 91 11 44 9 60 76 88 30 46 79 46 49 59 50 13 25 25 99 18 33 84 21 32 2 58 33 5 1 4 67 25 65 11 9 79 65 20 48 80 20 36 40 60 97 75 56 97 37 71 58 59 15 95 48 93 94 48 1 22 5 8 30 32 27 49
27 99 64 36 100 81 48 71 3 12 43 100 5 78 44 43 9 81 49 10 40 33 16 14 6 85 55 61 87 27 5 30 49 81 12 12 49 41 33 15 72 25 26 43 76 42 79 34 96 40 36 28 28 71 70 38 96 8 31 44 54 19 98 50 46 23 99 36 82 83 27 100 6 72 4
60 58 87 72 41 90 16 87 63 25 35 93 38 80 34 64 57 25 63 2 4 87 56 99 51 64 8 50 29 90 95 16 59 11 57 89 30 51 54 65 85 46 2 54 67 18 100 68 19 61 56 49 30 59 1 63 23 99 31 18 76 64 97 14 39 34 2 92 69 64 90 52 52 16 23
19 48 29 73 38 40 68 41 67 62 43 12 63 62 30 76 15 79 27 7 34 49 39 92 43 64 73 22 71 70 98 94 54 79 58 77 82 10 94 6 52 41 10 100 82 9 10 79 89 87 99 48 96 94 7 34 5 57 41 80 2 68 33 28 58 86 40 36 97 10 23 83 65 11 53
10 90 15 30 57 57 79 97 40 32 60 30 85 1 94 93 51 69 29 33 8 27 39 32 67 21 72 14 17 64 51 60 41 70 58 91 1 29 77 57 63 95 91 35 76 61 21 8 52 80 55 17 2 24 72 18 13 47 15 71 63 74 47 38 25 86 32 32 15 86 99 6 62 47 17
63 87 40 23 91 62 91 100 45 50 79 25 37 14 47 13 67 89 88 81 20 54 54 19 2 16 73 71 61 36 69 52 25 7 62 55 5 53 42 5 55 77 51 8 17 39 78 56 18 72 60 78 97 85 71 53 21 63 64 87 66 53 94 33 74 2 83 43 67 93 21 98 52 14 100
100 47 83 10 89 47 35 80 98 18 29 15 86 52 28 5 44 20 6 32 80 1 87 91 45 89 79 64 95 87 74 86 16 7 2 29 12 19 14 34 1 18 99 15 96 31 96 2 41 79 50 77 69 43 83 74 26 70 2 92 27 82 76 66 41 64 17 5 77 1 22 76 54 62 97
47 41 67 94 97 52 92 65 8 28 72 60 16 86 35 46 71 16 33 56 62 99 11 39 56 19 74 82 93 59 2 93 72 3 80 94 61 15 63 32 48 4 3 97 38 29 63 60 87 36 81 26 31 13 64 12 49 32 21 30 100 18 49 79 96 48 25 17 34 7 19 54 7 99 61
86 22 94 95 51 70 12 2 43 61 45 98 37 32 90 71 47 83 76 67 77 13 29 3 22 51 40 49 67 8 99 5 64 17 91 94 23 38 91 47 74 5 93 77 13 36 94 56 92 89 9 53 41 26 85 18 85 18 98 60 31 23 45 40 78 8 66 13 41 53 75 13 67 13 26
90 32 11 92 15 1 2 32 51 47 90 10 85 90 2 32 89 3 8 64 45 88 5 68 96 64 97 46 95 79 75 12 17 14 84 87 96 22 66 95 5 69 11 50 88 2 71 100 23 2 67 70 37 63 58 17 10 12 29 82 38 45 69 95 25 76 35 5 57 16 61 52 5 9 76
70 92 96 57 60 15 9 84 29 8 86 77 32 16 70 61 69 21 81 49 83 11 29 56 20 23 86 67 28 78 30 85 22 29 93 29 73 1 95 63 94 57 85 40 43 93 13 53 24 1 80 62 55 90 10 92 97 1 49 93 83 66 57 89 46 10 88 13 71 12 64 88 37 92 29
58 8 18 81 80 42 6 9 19 64 39 54 33 16 65 31 49 44 69 77 90 34 84 25 74 89 1 80 91 86 59 37 39 28 86 74 68 77 39 20 70 62 58 85 20 49 67 6 76 81 16 70 35 29 75 24 77 33 47 36 20 85 79 69 91 35 18 21 57 67 12 70 58 73 66
63 77 83 32 58 15 28 23 44 57 96 45 54 80 77 83 19 76 33 83 65 22 1 93 77 33 69 43 65 27 21 79 5 77 59 92 45 72 26 61 4 34 87 1 22 12 30 68 41 69 15 37 42 36 1 80 27 37 95 21 56 21 69 2 90 6 10 54 45 21 15 31 49 63 74
89 84 98 8 87 83 29 71 53 95 5 44 39 17 89 41 49 68 16 82 95 90 2 45 63 74 64 11 53 72 56 13 26 41 97 94 12 80 66 57 80 33 33 47 53 21 89 26 65 75 84 65 77 10 15 3 74 94 71 25 5 27 6 47 75 72 64 42 6 64 42 53 10 7 56
56 31 43 26 20 81 28 34 87 25 45 15 39 16 47 13 79 58 32 55 73 1 97 57 42 25 32 32 22 74 45 42 27 68 77 30 13 86 87 4 91 39 87 53 24 56 84 21 59 38 31 29 11 79 52 31 87 83 39 59 49 45 91 91 50 89 17 19 14 44 61 31 88 42 89
92 87 71 38 65 58 98 62 2 61 58 18 6 41 45 33 33 71 34 98 40 83 73 51 91 55 86 1 51 25 14 97 82 8 77 16 76 35 9 59 96 15 61 50 2 36 74 95 41 45 98 29 15 23 57 89 60 83 93 35 37 55 96 58 54 23 65 70 18 56 40 54 49 80 17
17 71 7 19 31 23 82 28 60 18 70 33 45 57 4 44 8 87 30 84 5 20 84 32 69 23 55 78 33 51 54 98 34 29 96 55 76 31 45 61 12 75 92 88 23 57 4 32 3 3 10 29 40 40 30 17 51 19 38 4 18 69 19 79 25 28 41 48 59 69 17 4 84 52 61
62 53 58 60 56 84 84 86 44 22 94 22 33 42 34 75 21 52 91 76 81 26 16 91 87 38 89 67 7 20 8 20 57 97 35 68 53 28 93 56 28 72 74 72 99 38 97 43 58 80 49 48 95 54 41 26 83 100 91 19 27 41 34 46 94 10 80 75 3 22 96 54 6 8 21
48 8 18 98 57 67 69 27 77 22 32 15 97 8 57 92 49 94 46 60 56 20 77 1 51 93 30 56 49 30 8 93 66 95 70 98 67 55 51 57 57 33 33 19 94 24 86 90 52 48 79 41 31 41 40 22 50 15 29 33 13 35 44 31 1 70 94 86 59 58 18 87 38 45 71
63 7 12 90 66 78 64 32 69 62 17 10 47 13 7 73 23 57 21 50 56 11 78 71 52 54 98 23 49 18 77 8 25 29 19 34 17 93 31 38 32 72 1 16 33 36 74 65 18 27 42 57 38 74 77 20 86 12 57 17 19 53 95 16 11 60 43 44 21 54 41 76 18 88 37
92 82 31 67 46 78 37 75 54 99 87 31 45 74 97 71 41 61 53 64 77 67 32 4 42 8 69 93 3 15 75 24 93 79 33 76 6 91 40 23 26 73 37 11 27 70 4 73 1 84 40 62 21 32 48 55 12 52 33 63 22 75 65 87 39 28 96 29 44 17 24 11 54 46 62
94 53 25 38 78 63 14 32 41 19 9 17 96 28 47 60 33 77 83 30 41 43 78 26 67 8 77 49 90 14 17 84 100 95 58 4 99 55 61 27 92 24 40 47 58 32 68 16 24 60 89 41 23 48 95 84 66 55 25 74 34 40 69 17 20 65 19 8 4 99 79 78 80 31 96
86 94 23 71 58 67 76 10 76 32 22 61 50 45 84 14 33 7 98 68 22 54 24 23 94 48 81 78 92 77 12 77 82 79 98 27 58 63 72 63 13 53 98 7 55 65 75 97 24 98 79 93 18 43 7 86 80 16 77 77 63 30 24 19 23 82 12 62 44 59 40 58 69 30 35
12 21 25 89 60 20 87 40 40 40 35 63 88 80 47 29 15 69 91 25 58 28 27 17 43 95 5 17 45 96 98 21 6 86 66 93 85 60 9 28 21 47 85 51 73 16 2 39 10 75 25 61 26 26 61 25 58 45 93 86 35 49 49 5 32 75 35 67 22 90 25 87 96 81 22
75 21 46 5 2 33 69 64 84 87 9 56 13 8 80 56 39 71 22 33 97 50 100 57 72 53 88 86 21 77 36 49 19 77 26 30 11 100 87 51 57 9 45 45 80 11 5 2 17 99 73 87 72 68 60 92 11 57 40 1 99 53 64 43 44 47 58 16 85 79 57 3 24 53 1
12 27 32 48 10 66 58 3 78 59 46 9 43 32 82 28 2 80 66 67 56 21 8 72 53 4 50 86 76 73 81 15 36 76 19 52 1 85 92 12 60 56 88 49 22 28 40 12 44 88 73 68 11 66 69 6 26 44 13 43 68 37 55 61 86 49 41 19 38 43 41 39 77 18 18
37 47 37 39 18 76 8 79 74 40 44 100 30 74 42 48 12 50 91 1 84 53 62 72 99 90 26 9 90 98 29 8 21 75 10 59 72 1 51 38 14 85 26 75 89 94 65 83 29 36 91 81 32 86 89 78 97 33 29 68 11 83 38 10 29 41 40 72 44 79 26 88 4 91 96
96 26 9 6 63 18 43 38 49 21 93 4 69 73 50 93 90 47 83 84 61 80 15 1 54 32 32 99 11 12 45 19 37 59 64 51 50 58 66 43 99 70 37 71 71 2 33 36 75 82 38 36 79 44 13 8 45 77 34 68 13 57 76 34 97 38 63 18 17 10 38 62 86 72 75
52 94 18 15 88 27 72 14 24 30 43 88 57 17 86 85 92 9 49 19 61 44 52 97 19 25 94 66 95 29 20 82 69 96 3 32 25 47 37 65 6 32 22 36 57 43 73 78 92 30 14 84 65 77 93 86 24 80 78 35 91 54 7 30 5 52 62 99 66 65 36 3 38 15 77
92 23 89 48 24 79 26 1 19 84 66 21 4 3 72 86 32 6 76 4 45 73 82 87 69 7 82 2 1 98 93 23 65 88 61 100 97 65 60 42 49 77 38 68 48 84 40 25 54 74 83 10 45 80 26 86 37 60 95 99 18 64 32 66 6 90 25 81 26 19 12 92 6 5 25
33 45 89 3 61 5 9 91 32 2 58 36 22 36 10 66 95 40 7 7 60 72 83 83 15 97 7 42 89 93 78 23 89 36 72 99 8 96 38 16 11 49 8 84 80 10 55 25 98 72 60 14 46 94 66 33 62 54 92 30 95 91 19 61 8 96 44 79 35 12 61 42 27 78 16
86 97 6 42 67 79 84 50 28 88 45 80 41 53 33 59 100 87 20 92 65 34 51 82 79 97 12 63 50 28 64 72 78 27 17 24 16 55 64 97 43 33 37 44 70 21 56 58 29 1 38 42 60 47 53 89 47 4 29 35 86 34 80 88 76 46 70 67 99 70 60 54 66 51 57
26 84 2 74 36 39 52 48 92 6 30 12 93 83 82 2 14 27 96 53 7 45 52 74 50 42 44 42 31 22 96 65 67 42 4 93 65 71 50 24 75 28 37 93 54 67 81 48 82 54 7 36 65 99 91 36 62 100 65 5 34 13 9 31 22 74 35 10 78 82 17 15 1 48 22
54 61 31 67 86 1 9 95 68 94 67 1 13 70 97 56 3 67 96 18 92 91 7 6 44 6 74 34 44 28 20 78 43 61 87 96 45 43 70 24 86 87 98 100 28 86 85 79 44 57 75 71 3 86 98 2 75 5 1 97 39 60 66 100 32 99 96 42 97 22 7 94 9 99 83
100 50 2 88 96 30 28 34 67 50 28 5 75 73 28 65 58 42 71 40 22 48 77 68 63 49 4 66 76 55 78 33 27 87 19 23 8 50 100 78 96 97 84 85 45 28 54 52 56 27 23 93 78 11 65 97 77 54 24 50 76 93 5 74 95 86 84 76 18 87 54 53 96 17 34
26 4 24 91 60 49 14 83 77 5 98 55 89 14 35 3 99 4 85 14 49 74 36 54 64 68 78 29 29 60 86 67 84 48 70 44 7 79 96 100 75 47 45 69 70 95 57 36 81 73 19 44 77 50 68 99 35 32 54 97 52 36 91 86 12 8 30 76 56 11 73 65 69 48 75
93 78 59 28 63 67 66 70 20 36 28 51 1 74 24 69 91 20 23 57 4 60 17 91 79 23 29 84 46 74 20 37 38 3 100 59 37 27 37 71 100 45 71 96 20 59 26 99 34 80 7 51 43 50 47 33 41 36 36 77 27 70 82 70 13 16 96 70 20 28 72 50 35 8 93
88 90 72 22 45 82 59 26 82 41 96 38 94 79 39 90 10 1 37 55 39 17 100 48 58 23 3 32 18 6 45 24 19 29 24 38 67 51 71 41 97 14 16 1 31 36 28 33 8 39 20 63 95 46 29 40 91 63 82 45 15 52 56 53 88 97 58 28 80 18 39 64 17 16 57
50 99 17 11 94 10 90 29 98 19 29 50 44 76 74 98 43 6 77 62 52 3 64 20 26 25 54 7 58 74 89 67 99 72 20 48 89 26 81 73 24 11 81 31 20 98 63 47 94 11 77 93 81 10 48 17 58 97 28 99 45 35 44 57 5 46 75 12 22 72 84 60 40 30 18
20 11 12 86 94 37 73 45 98 84 30 44 25 29 53 67 87 59 12 78 9 88 14 6 93 80 9 51 99 84 61 16 17 82 83 76 29 77 61 68 41 60 26 57 16 6 37 95 63 93 23 94 30 75 88 28 96 40 1 75 96 94 75 12 66 85 51 40 50 62 67 94 71 30 100
38 30 35 84 60 64 27 93 8 32 96 7 89 78 31 19 63 89 79 5 5 100 24 59 70 79 4 74 68 14 62 28 83 39 90 54 79 76 89 21 48 23 49 64 93 5 98 80 35 16 18 38 87 93 91 28 99 78 87 54 25 16 52 27 64 11 20 64 91 100 62 13 19 11 35
78 13 99 12 35 52 79 61 55 47 74 93 49 70 1 30 40 65 4 40 57 70 18 73 22 65 24 88 17 40 37 62 26 76 27 28 81 20 49 90 23 36 52 63 59 7 38 27 52 85 53 61 13 60 28 5 59 31 49 85 86 72 3 2 7 42 72 17 85 30 26 30 3 63 85
85 97 79 80 100 69 4 21 96 35 46 74 3 32 47 53 66 84 53 50 2 46 95 100 44 24 39 9 37 47 2 15 27 80 29 11 82 28 6 83 86 5 45 22 29 85 69 74 95 10 5 47 75 59 52 94 53 14 29 32 75 62 19 96 81 63 17 19 36 20 71 59 84 41 88
5 77 89 75 87 51 9 24 64 74 81 88 82 80 78 15 26 4 81 77 2 86 75 43 88 36 98 40 57 37 3 20 20 16 4 43 91 8 64 48 35 17 76 8 12 77 49 98 55 95 59 1 52 76 56 24 70 16 1 12 61 40 60 59 30 78 83 44 32 52 32 99 26 64 98
43 44 83 98 21 47 49 9 74 18 97 81 47 81 21 30 52 43 76 55 39 30 70 34 11 37 28 12 9 71 41 56 53 90 27 38 4 99 42 3 76 15 18 3 53 37 95 5 83 87 82 37 67 82 2 88 71 82 28 41 16 69 10 21 94 10 21 52 79 1 18 68 16 81 62
13 20 18 22 41 25 61 82 62 36 45 84 70 44 91 3 35 10 15 40 47 83 44 97 5 91 50 21 88 97 31 71 12 10 73 18 39 90 13 84 61 9 78 65 59 82 8 55 77 22 7 67 18 31 85 75 28 63 2 2 8 15 97 39 39 59 12 38 62 23 12 15 39 66 7
29 28 98 89 70 95 97 72 31 75 11 71 58 98 95 82 14 60 30 95 16 43 49 12 39 95 27 68 61 7 28 87 32 5 63 38 25 59 54 6 40 14 89 91 76 63 64 12 82 67 63 54 100 11 74 54 86 13 98 14 88 18 29 42 61 41 78 11 80 42 61 1 73 54 63
50 71 46 29 82 59 78 29 20 79 40 42 44 4 49 33 27 85 32 84 92 81 12 74 44 15 95 26 49 80 76 57 2 8 76 22 78 80 96 4 86 63 98 31 24 64 27 83 69 28 48 46 93 21 87 7 26 65 72 42 6 47 47 21 81 6 92 24 22 40 86 61 32 78 96
75 69 69 26 32 18 77 42 21 62 46 90 97 87 84 37 8 32 27 28 69 6 3 71 26 65 10 100 31 51 38 51 10 50 58 18 93 97 79 95 20 17 95 100 25 81 78 63 69 48 79 34 76 44 89 64 64 91 59 45 10 81 9 86 54 73 76 1 1 49 3 31 67 11 75
26 30 6 40 94 15 40 33 6 47 77 10 100 51 15 63 93 87 48 44 2 5 9 67 56 60 64 37 77 35 93 93 96 84 12 18 49 48 97 51 44 77 36 28 43 45 91 2 66 13 26 82 71 34 26 83 98 63 49 53 38 35 9 30 28 20 93 11 21 48 4 70 99 94 37
59 68 85 30 19 13 32 1 53 72 30 28 7 56 100 24 47 58 27 76 2 37 61 99 5 41 73 11 26 88 19 40 77 56 16 80 36 9 53 80 99 93 20 15 64 93 58 93 62 20 84 39 29 53 63 57 38 54 25 4 59 78 30 57 68 94 68 53 71 47 43 47 53 27 48
87 79 55 14 76 36 52 17 45 31 5 74 79 71 71 52 98 80 30 78 84 46 79 44 30 81 18 98 6 3 78 98 8 46 47 78 9 51 19 90 69 67 40 7 88 48 17 12 8 71 95 28 29 37 82 92 17 94 64 11 72 85 85 71 79 65 32 17 8 48 61 40 57 66 99
65 30 68 20 43 48 46 50 50 84 57 44 41 59 74 53 100 47 59 69 74 94 70 30 31 74 87 25 18 84 92 45 17 28 17 15 92 97 26 90 71 90 44 85 30 65 84 47 16 46 68 49 63 82 99 55 9 21 79 100 48 90 81 99 90 23 65 82 56 67 67 8 47 37 53
60 8 41 29 59 96 2 13 58 3 72 94 72 74 46 26 45 74 15 5 8 40 69 37 71 2 2 61 84 31 30 91 5 37 28 49 99 14 25 42 36 37 90 97 76 7 98 42 33 45 67 67 5 19 71 77 7 82 78 39 21 66 58 23 57 91 31 20 63 1 80 95 58 21 30
25 81 82 71 68 39 88 82 17 86 40 17 17 57 56 39 98 48 28 23 61 96 22 21 86 7 17 11 96 13 56 14 93 27 41 43 96 12 48 32 97 98 42 75 40 91 97 57 74 48 18 11 41 45 24 33 63 10 51 79 20 92 53 4 23 79 48 40 1 12 40 85 60 18 29
98 52 93 56 40 7 34 67 56 50 97 7 5 2 40 18 58 32 63 100 51 37 25 29 40 85 2 28 77 26 9 66 84 39 48 94 61 37 37 31 76 30 88 54 36 92 58 30 10 84 4 66 47 96 44 42 66 62 55 20 9 82 60 8 87 82 20 85 54 75 82 99 70 75 93
98 94 25 48 60 5 76 93 30 75 96 5 70 58 5 18 69 11 26 86 43 33 41 8 47 60 71 85 18 86 66 28 14 10 29 53 75 1 100 86 84 93 69 67 58 40 38 76 74 53 16 20 88 40 99 25 44 80 75 81 96 20 3 18 86 18 99 70 3 36 31 48 60 84 18
15 81 15 69 92 75 61 21 94 50 71 62 18 82 48 40 35 5 20 37 63 82 45 73 54 69 32 99 15 43 32 17 57 71 5 29 67 29 1 40 55 1 1 16 48 83 98 58 98 78 46 46 30 79 24 53 22 24 24 86 66 88 53 72 24 92 13 36 9 67 67 83 48 74 28
38 10 43 64 88 51 74 42 20 68 28 13 12 73 80 32 93 17 100 32 96 4 37 24 92 1 97 21 89 36 28 27 56 77 36 76 64 25 82 68 40 96 98 41 94 40 82 56 12 98 57 79 73 46 89 72 18 32 44 90 69 12 19 90 53 29 52 65 48 45 85 100 70 75 32
100 78 71 28 80 14 71 58 43 50 86 97 38 25 1 39 65 40 87 31 93 63 85 54 27 45 62 27 62 97 5 18 83 50 77 53 68 96 44 68 5 21 51 3 90 43 45 26 4 86 34 9 24 8 5 87 58 95 49 16 27 95 93 56 12 28 59 46 4 75 98 5 39 72 26
77 9 86 43 29 98 26 80 92 55 61 27 38 18 73 34 85 49 86 23 27 12 33 36 97 48 81 88 96 90 32 54 51 89 24 80 17 3 22 46 17 11 86 88 39 99 93 40 97 2 51 85 86 4 25 61 53 48 38 11 45 3 33 100 83 44 43 83 33 7 64 8 10 58 63
7 2 29 69 44 8 36 54 40 1 43 68 69 58 32 52 67 5 17 74 56 31 68 19 53 2 63 17 97 97 17 91 6 84 64 54 81 39 89 47 95 85 48 25 57 17 45 18 35 3 71 61 1 75 39 82 98 58 57 81 74 30 56 92 49 16 60 36 12 69 43 2 60 28 5
34 44 29 77 15 32 43 75 64 40 93 16 10 97 84 74 60 18 56 60 4 73 47 73 7 84 38 36 6 19 1 97 97 7 22 70 12 81 45 32 96 68 59 70 73 75 1 98 62 2 83 27 24 58 63 60 62 42 50 47 8 33 49 44 23 14 53 50 93 15 38 46 1 5 4
63 57 27 15 14 26 89 15 39 96 87 71 71 98 82 38 8 36 1 66 57 56 88 5 55 65 74 29 53 63 29 93 98 35 90 5 68 1 32 16 27 19 89 12 59 51 91 94 99 74 65 55 22 11 14 90 39 22 37 71 89 1 38 13 31 2 75 31 74 35 43 47 70 15 95
80 77 25 50 36 84 93 70 97 18 74 95 49 8 42 24 59 54 5 24 52 98 72 35 30 46 48 89 28 98 54 14 10 76 92 62 50 75 15 6 51 90 95 96 17 49 58 96 37 48 33 36 87 87 43 26 85 98 27 94 41 54 29 93 50 35 64 20 43 64 18 37 57 16 67
5 22 62 90 57 89 3 46 14 92 98 36 15 88 4 34 76 32 98 20 21 24 72 20 75 55 95 31 99 27 41 50 97 93 67 42 46 48 19 44 85 5 83 91 42 11 42 95 40 4 6 90 62 73 66 45 36 87 28 2 99 94 73 39 76 44 28 6 16 25 56 94 38 90 74
