44 89
36 57 12 31 46 92 18 67 2 61 63 72 97 75 44 13 48 33 39 67 28 13 14 94 86 63 37 83 61 84 46 63 98 52 68 10 36 64 64 13 80 32 4 44 14 68 20 52 5 20 96 80 75 73 3 82 57 34 44 89 85 79 70 40 93 8 76 33 43 50 31 59 25 34 35 1 19 10 100 73 78 60 24 88 47 75 29 66 1
28 57 44 28 30 66 40 10 42 43 56 82 98 2 83 62 43 48 21 37 72 58 1 54 49 93 8 44 4 92 11 22 22 8 37 25 33 76 22 99 29 35 27 42 69 59 99 10 99 19 98 7 70 7 64 78 11 18 80 9 26 24 13 18 51 18 72 80 61 10 83 36 41 23 10 51 98 17 56 43 35 77 17 71 65 23 57 18 35
3 63 91 83 53 7 74 12 85 9 43 93 79 19 80 15 67 56 48 33 19 42 61 78 92 77 81 28 15 14 1 100 60 35 14 31 44 67 69 63 90 27 67 61 55 66 56 9 39 71 73 2 47 45 53 21 89 72 62 12 89 37 76 83 89 26 9 1 55 31 4 26 66 60 15 1 46 60 76 82 63 45 16 42 44 93 99 10 41
40 46 7 50 99 82 19 3 89 80 69 16 44 6 49 91 90 89 66 92 44 39 83 76 91 30 4 18 45 70 27 66 10 72 59 7 76 52 40 96 60 40 91 17 22 57 6 63 90 65 51 29 96 5 26 64 4 18 49 13 3 95 80 38 66 21 16 63 48 73 42 49 98 9 35 52 13 29 71 56 52 60 29 97 26 96 18 64 38
18 48 70 1 25 35 39 40 12 40 85 94 26 78 86 13 46 78 76 72 87 44 68 87 66 87 28 87 13 95 29 27 10 85 95 12 37 90 39 87 42 73 47 36 78 31 20 35 52 44 12 88 55 83 37 61 14 21 94 98 59 54 89 96 83 88 25 43 30 4 20 85 78 2 12 60 91 45 73 13 34 99 50 89 40 46 25 56 77
71 28 85 19 54 98 21 65 34 100 40 29 30 84 56 97 56 16 91 14 29 87 19 9 57 9 3 83 48 3 77 66 58 96 70 76 47 50 66 91 38 25 49 14 83 10 17 15 78 90 57 57 46 84 8 32 9 9 98 7 70 95 80 70 13 96 19 32 82 95 47 70 64 66 23 92 3 62 68 23 20 32 89 84 28 70 58 32 56
2 10 97 51 5 77 48 12 58 62 47 2 95 99 53 21 93 50 24 63 20 96 18 82 41 89 18 64 32 63 49 45 72 42 60 59 21 31 37 8 48 3 6 11 96 79 65 60 4 18 97 61 80 7 71 73 46 59 40 73 6 40 90 36 3 39 97 23 79 92 45 100 92 48 85 41 25 63 1 45 1 22 88 92 50 27 63 80 73
40 54 67 11 89 44 29 75 45 96 1 63 62 87 32 52 3 83 53 26 79 70 53 15 28 32 9 58 37 13 36 83 76 19 22 49 2 66 41 72 8 68 47 41 30 19 93 55 50 89 71 23 75 84 71 9 98 86 30 80 69 14 20 4 46 55 7 35 19 93 99 7 47 86 41 29 7 74 81 93 35 18 9 92 54 94 63 13 5
33 66 5 43 1 52 93 68 71 53 69 67 96 71 90 84 9 90 28 55 56 43 57 75 7 13 89 70 28 5 22 89 14 89 7 62 16 32 40 60 67 85 100 63 56 42 67 9 90 66 16 88 77 32 37 93 52 22 86 97 56 54 64 90 25 36 75 87 72 9 2 11 34 26 22 39 97 71 48 51 4 33 58 44 87 18 24 79 4
72 71 32 51 41 31 55 85 34 46 30 95 34 36 49 85 20 48 19 78 30 11 38 16 20 99 9 49 12 70 27 7 92 49 18 96 79 83 1 75 7 74 87 81 79 61 34 91 15 74 43 35 4 26 74 86 78 33 23 61 39 64 34 26 73 38 61 81 23 76 12 62 8 61 46 33 56 64 65 17 80 45 2 81 52 39 26 25 59
38 52 31 65 92 68 89 100 39 11 2 5 35 76 7 48 26 43 96 22 31 80 47 82 51 45 32 82 85 35 5 40 73 75 77 73 3 65 75 19 5 9 32 5 14 53 57 71 100 1 22 81 45 13 92 49 1 40 79 11 71 14 56 91 78 59 84 20 85 64 89 8 98 15 47 80 2 70 89 14 1 33 38 43 58 41 53 70 20
39 87 2 67 72 95 83 76 57 19 8 19 43 63 35 4 77 34 33 20 93 67 72 60 3 8 38 18 75 53 96 79 82 96 95 44 60 1 9 9 13 47 20 19 80 48 98 49 27 86 8 50 20 78 73 57 27 9 33 72 29 76 39 1 28 17 10 70 65 40 59 96 83 83 80 67 24 88 91 51 16 70 30 14 92 3 37 56 9
53 77 71 21 28 72 92 91 6 76 45 6 36 84 77 50 77 93 77 95 52 1 37 85 91 70 94 81 77 13 33 4 63 65 56 5 39 97 35 1 92 36 69 12 6 33 36 79 21 6 59 48 32 77 15 26 100 40 40 30 29 12 84 57 68 65 40 3 61 45 34 11 7 43 42 11 54 45 41 59 48 15 60 77 11 30 49 19 18
1 66 21 74 39 85 32 71 93 35 44 7 73 5 29 94 28 61 67 43 88 13 91 98 24 19 40 94 32 11 60 41 88 86 36 89 92 60 9 49 46 49 55 13 67 84 42 38 99 88 16 61 62 14 6 18 82 50 70 12 15 61 36 4 17 47 96 73 70 18 92 86 95 59 74 2 42 51 100 95 12 88 29 86 24 61 15 97 53
92 35 54 44 39 85 87 49 61 57 15 58 81 68 73 56 3 99 26 7 38 97 27 32 54 79 52 61 18 81 62 39 85 75 32 38 33 97 40 54 4 10 63 42 22 15 10 58 23 71 91 64 25 54 41 70 12 46 51 89 66 25 82 26 1 93 45 86 47 17 20 83 20 21 20 1 94 27 3 8 89 34 62 48 8 39 83 46 24
42 32 17 99 19 69 45 12 70 89 31 69 8 30 61 85 52 47 43 35 53 97 22 7 32 94 16 31 11 38 97 44 19 70 84 31 87 38 32 90 87 13 81 4 24 72 62 71 40 31 69 31 92 83 33 79 12 33 26 23 48 65 98 34 96 62 54 85 73 81 44 35 89 93 72 98 99 62 5 54 57 13 10 49 2 18 80 7 63
79 25 58 12 1 73 81 99 96 24 72 76 95 40 84 3 92 1 56 58 21 82 71 11 28 90 72 21 41 47 94 38 29 25 62 20 17 90 5 18 83 13 50 46 88 65 35 48 99 59 27 77 77 2 28 13 33 29 34 78 26 35 72 27 67 99 41 76 98 62 30 18 28 41 94 21 71 69 57 83 62 34 73 20 65 84 26 44 8
76 50 53 89 82 41 26 32 14 53 3 31 12 39 30 54 52 24 58 33 18 15 73 15 7 12 3 62 88 38 24 60 38 48 82 23 79 97 1 57 66 68 11 81 77 54 92 82 19 12 100 65 88 71 50 21 21 71 61 51 59 62 5 50 56 76 49 24 87 72 82 33 44 76 94 52 68 90 74 84 45 14 45 36 97 91 82 30 12
30 51 57 80 100 11 65 25 62 93 63 84 62 11 37 34 44 69 19 13 32 21 59 59 30 75 58 15 1 9 51 48 80 81 43 83 51 38 50 73 82 11 21 25 27 58 76 51 92 72 3 12 26 77 63 84 48 27 10 82 63 6 83 22 35 47 82 45 78 13 4 56 64 48 50 42 95 67 43 32 88 91 95 82 89 58 9 40 32
57 17 20 72 50 83 57 86 65 54 17 15 37 20 59 84 33 76 12 26 20 90 51 48 2 28 50 33 80 1 75 2 41 74 63 52 25 30 2 41 2 78 31 89 14 13 89 31 57 70 26 13 32 92 35 4 32 77 17 39 66 98 98 54 7 90 90 26 47 65 36 88 48 82 100 96 84 57 23 11 23 70 81 10 22 50 13 4 30
55 1 49 73 89 44 37 38 72 22 20 72 79 31 35 9 100 74 64 55 81 59 81 22 93 91 43 47 87 3 80 96 49 28 41 97 46 13 81 3 9 26 57 55 61 23 35 46 73 92 85 74 39 95 78 35 94 78 98 31 52 24 8 18 25 6 57 66 3 66 64 90 60 82 89 26 87 41 26 74 52 59 19 23 11 55 56 26 5
46 65 6 48 81 85 72 48 13 7 16 83 54 80 7 26 14 73 47 88 8 93 95 59 1 22 52 64 21 49 79 96 37 62 35 72 48 21 49 64 83 97 50 68 29 7 50 47 91 59 19 25 44 73 59 90 17 18 85 91 43 44 65 45 45 43 19 44 92 41 98 57 51 65 42 95 36 72 30 38 24 32 46 77 30 80 43 18 19
95 80 44 60 72 10 36 37 59 67 39 73 22 51 50 38 86 34 59 78 46 52 88 74 12 67 17 73 16 7 87 100 78 100 94 13 51 24 30 30 58 48 57 48 18 96 76 39 60 39 13 23 55 100 28 75 12 92 40 77 95 95 16 91 81 72 73 61 12 4 27 47 24 45 27 100 71 5 75 26 27 40 68 68 6 18 59 9 50
99 35 7 47 43 98 41 62 1 38 100 67 33 98 24 5 37 61 9 4 6 26 88 19 91 89 67 51 30 28 4 4 73 46 90 86 34 100 40 3 23 33 51 48 49 27 77 81 7 66 47 84 42 81 19 72 46 35 7 30 84 84 26 56 97 72 78 74 9 95 58 54 46 29 60 31 42 4 67 64 44 71 83 1 14 37 29 86 67
23 33 27 79 55 93 84 29 74 56 22 92 98 42 65 45 19 74 12 22 86 97 66 4 100 49 54 6 62 38 93 43 89 87 78 36 4 32 99 60 99 67 22 31 98 17 18 70 54 62 99 51 48 16 31 15 60 99 63 26 31 9 89 45 32 4 35 59 39 16 44 85 88 15 50 90 27 22 28 35 11 94 84 78 64 18 35 5 87
23 28 97 61 86 7 40 37 48 63 76 10 92 29 1 72 68 98 20 16 37 71 61 86 61 43 6 18 78 55 41 42 32 97 65 75 89 41 63 15 80 76 66 66 88 61 44 4 55 38 27 13 23 63 4 38 87 97 25 71 41 61 61 41 71 66 60 38 51 52 60 3 83 7 27 74 13 80 17 63 99 94 1 36 51 43 23 11 57
52 9 19 41 63 3 23 42 19 35 54 83 1 5 24 42 69 77 100 82 58 98 86 17 2 87 74 69 94 16 10 50 30 87 37 81 31 8 53 11 16 26 34 73 46 78 95 99 24 21 56 59 35 93 33 55 19 16 30 41 85 45 99 6 33 7 70 13 3 23 54 6 70 24 67 22 13 65 24 24 50 19 23 48 47 51 51 88 43
6 74 4 61 47 61 62 15 5 5 33 49 98 3 14 39 7 44 73 93 21 74 53 5 14 29 38 30 56 17 17 95 59 86 9 26 62 73 13 42 100 39 18 71 83 4 51 100 5 34 50 73 33 33 76 35 72 69 56 53 28 62 8 76 32 23 84 88 98 35 51 32 34 39 84 4 99 16 61 14 35 76 54 11 62 14 19 63 43
83 46 82 23 7 84 32 37 45 6 84 30 38 29 84 69 82 29 48 6 92 85 84 33 55 31 26 4 85 29 29 64 85 25 50 68 99 65 33 70 87 22 84 76 94 62 14 18 84 95 35 64 71 22 69 23 90 72 38 27 74 55 88 59 61 60 58 24 75 68 89 79 94 65 89 86 44 58 50 81 68 69 97 5 53 68 7 12 14
78 99 30 95 68 14 72 39 91 32 59 63 99 98 35 13 73 36 13 52 89 72 77 67 16 62 28 28 47 17 33 31 63 25 22 27 4 26 98 52 75 74 41 46 33 39 59 5 36 23 16 1 88 76 16 84 79 62 6 74 44 38 98 48 54 68 12 32 23 60 91 11 75 42 9 100 99 4 95 65 81 20 21 4 14 6 56 32 78
25 43 63 7 20 79 22 52 76 10 34 54 69 49 65 67 98 5 59 27 73 3 66 53 54 58 60 56 54 42 98 81 43 19 56 74 66 64 40 71 98 64 79 80 19 65 70 76 37 7 76 4 2 35 56 39 25 29 62 97 28 42 43 97 76 78 5 51 24 61 7 5 44 28 36 82 27 47 89 33 83 96 70 15 67 22 18 35 60
36 26 81 88 40 66 49 85 71 53 33 94 97 58 94 95 88 68 2 25 90 63 82 28 92 7 3 56 22 48 86 25 83 91 48 39 43 44 37 24 52 64 81 24 21 78 48 64 70 92 78 62 11 67 47 28 47 51 76 77 41 16 47 43 16 53 67 3 8 57 6 51 7 64 81 10 1 54 33 25 100 51 74 32 11 22 29 39 20
87 34 50 40 59 50 10 46 2 33 18 83 96 47 20 65 34 15 33 93 47 85 56 11 43 16 81 12 88 39 17 5 27 74 79 34 64 39 50 88 79 34 70 64 58 60 21 53 45 95 51 1 61 54 63 66 60 26 39 55 32 2 14 32 2 87 85 57 17 39 56 95 91 27 29 71 78 58 4 37 59 56 77 88 39 2 56 7 15
88 80 35 26 53 50 34 37 57 66 63 50 13 14 55 59 55 45 40 37 100 91 19 28 34 4 99 98 69 6 4 80 44 98 34 55 4 77 82 47 1 75 57 68 78 49 27 38 26 52 62 87 86 65 4 65 21 38 70 97 37 17 2 82 68 35 18 7 15 11 50 37 90 77 35 83 20 81 73 98 12 1 82 51 32 10 32 70 74
73 85 33 72 28 13 10 59 46 76 77 87 5 12 38 64 54 77 78 9 99 55 71 10 88 64 97 95 74 83 98 12 11 20 14 13 41 53 71 14 39 80 70 3 37 81 35 20 4 79 82 93 53 10 14 12 61 24 66 15 5 5 2 11 10 99 51 13 59 9 34 88 34 58 30 55 57 9 40 49 6 64 26 26 29 74 39 40 48
34 6 2 51 45 85 11 41 1 64 67 82 3 22 1 3 57 8 80 75 12 20 75 56 69 87 14 77 55 81 8 29 49 4 86 24 60 12 17 55 59 18 19 78 93 52 30 30 42 28 93 41 82 99 79 29 54 76 37 79 65 69 27 64 46 25 70 36 74 2 24 22 93 77 53 44 8 96 17 19 2 59 54 30 6 30 72 55 31
18 85 18 47 18 69 29 21 68 70 63 79 100 57 61 7 20 70 78 48 49 100 86 74 5 36 17 18 17 26 41 32 9 32 73 86 73 35 16 90 14 15 49 39 10 67 36 92 28 45 9 12 32 7 31 85 49 54 80 12 24 73 11 8 84 57 58 70 66 84 33 57 47 8 3 53 55 70 31 30 24 30 70 6 24 33 3 82 44
4 94 56 5 78 73 65 87 89 84 55 84 41 5 9 22 2 31 58 20 74 10 47 41 94 51 72 58 94 100 60 85 90 31 92 7 28 83 93 4 31 63 65 7 56 66 56 39 55 39 27 44 52 86 32 83 12 81 19 93 42 68 8 41 33 31 23 64 8 78 37 92 99 71 63 77 7 74 24 39 77 33 33 60 99 89 21 29 72
53 63 46 18 69 62 91 92 98 28 37 64 44 60 86 21 48 82 51 38 31 98 2 19 19 59 87 44 96 69 64 11 58 19 57 29 81 82 17 8 4 88 41 38 18 16 56 38 38 58 84 47 23 77 15 42 63 84 38 41 35 58 83 36 19 77 57 71 30 12 8 68 49 19 84 66 85 39 82 65 46 63 49 32 84 83 71 89 71
95 85 40 83 82 51 7 26 23 66 9 94 15 98 100 38 9 100 43 79 86 21 31 10 37 17 53 100 58 42 44 42 45 19 53 30 58 11 89 2 54 98 61 96 45 27 80 69 45 75 60 82 1 1 10 3 60 42 28 34 95 67 40 76 94 56 50 50 22 12 97 99 98 54 14 75 4 6 61 75 57 89 40 60 48 89 20 62 43
4 39 2 74 98 16 41 70 41 69 65 66 9 19 37 55 29 45 57 49 88 6 57 39 47 96 59 43 30 25 53 75 12 61 99 31 24 92 65 68 6 2 49 97 99 59 36 60 5 96 45 23 36 91 9 24 40 6 9 21 39 31 81 8 94 67 75 50 45 36 80 58 70 7 89 12 86 30 12 19 58 98 59 92 83 5 97 80 89
6 24 71 41 92 11 98 69 20 89 6 32 89 50 10 50 2 21 27 13 91 81 42 85 52 3 2 73 47 48 46 70 62 63 37 99 40 78 8 82 80 54 93 30 38 67 97 82 2 28 78 32 79 27 74 10 45 61 94 53 57 57 100 78 68 2 47 22 13 9 100 33 71 92 89 58 52 59 63 93 48 16 53 37 72 30 95 44 65
2 20 48 28 18 84 74 79 1 49 86 37 6 8 12 10 48 26 45 5 54 88 35 7 64 60 94 100 38 24 59 92 40 92 21 22 22 47 1 80 68 78 46 39 96 33 38 72 46 58 91 87 9 87 85 79 40 94 75 67 28 51 49 3 76 38 77 54 61 41 100 14 91 24 62 32 75 19 49 65 59 24 71 34 82 81 43 88 25
4 29 52 46 98 100 65 22 73 27 77 91 86 99 89 78 93 36 3 3 37 42 58 41 47 33 21 95 26 64 55 81 90 75 19 2 94 84 46 11 66 92 93 36 73 49 73 17 46 41 84 40 69 72 10 65 76 35 40 70 82 97 31 53 8 46 4 70 3 38 71 85 73 31 49 16 63 94 27 77 30 96 87 46 97 15 81 84 39
