9 83
18 94 2 76 68 82 73 2 17 38 29 65 90 41 16 70 50 88 42 99 82 6 13 67 85 14 7 63 20 18 59 10 92 13 33 9 8 14 17 46 61 43 6 89 46 65 60 93 53 81 18 54 7 55 99 88 47 45 71 3 2 39 74 54 49 10 57 44 52 26 92 73 26 19 23 43 5 17 4 13 43 96 36
28 100 52 49 91 50 49 15 11 15 41 14 24 58 100 20 42 49 65 38 20 5 88 100 89 98 35 33 51 88 89 52 52 98 15 5 39 34 5 87 40 90 77 78 51 50 49 84 71 54 15 67 42 12 24 77 67 29 54 58 82 85 99 70 63 80 58 13 18 96 12 87 82 75 65 31 57 17 4 33 34 39 56
27 24 62 17 13 90 18 10 69 75 88 16 86 37 74 95 55 72 63 84 66 36 63 58 81 19 48 61 37 84 52 4 33 37 60 34 22 82 98 3 52 54 84 43 79 93 49 40 83 2 87 80 97 79 21 5 100 43 89 64 54 4 86 35 42 78 8 99 34 66 40 1 68 66 18 32 83 23 88 71 55 36 53
47 72 59 97 57 31 89 86 41 26 95 80 29 42 34 37 43 70 78 1 36 45 51 100 20 16 92 83 34 93 53 36 43 71 94 52 25 56 41 79 36 83 56 15 30 61 82 4 20 2 64 76 5 83 38 29 21 51 76 75 4 95 62 44 79 26 83 53 95 57 5 31 6 6 32 85 15 63 94 96 97 53 70
9 38 14 83 5 72 16 18 79 57 91 58 41 11 88 96 16 10 87 84 6 93 66 43 96 90 47 25 93 22 36 52 20 64 9 29 85 85 22 11 55 32 82 98 24 79 95 10 70 82 70 32 24 86 53 76 100 64 15 27 3 91 16 11 10 12 13 9 92 61 67 46 44 7 71 58 16 39 37 76 49 55 65
30 6 58 73 99 23 10 41 74 99 21 11 50 54 40 34 18 70 10 5 28 96 85 36 9 2 64 95 19 40 73 34 81 63 27 55 85 39 98 66 95 12 6 89 82 8 10 20 37 100 30 5 32 42 6 19 75 92 72 96 38 68 44 43 13 35 35 15 82 68 2 69 81 35 23 12 59 73 44 55 42 17 31
95 43 19 39 33 9 96 32 94 6 7 76 61 48 91 96 89 41 68 25 68 42 90 100 55 8 92 36 58 60 89 39 82 85 49 18 30 51 50 65 91 38 40 41 60 92 62 48 28 91 85 98 45 82 59 14 81 30 89 5 55 16 9 64 36 89 59 48 62 64 48 1 44 88 63 80 80 13 72 6 10 36 2
95 89 94 22 55 75 64 32 75 72 53 32 32 71 28 93 29 52 73 52 26 97 81 49 63 100 68 74 69 25 83 84 79 60 62 81 65 5 63 34 65 70 40 10 14 24 81 36 26 62 90 14 70 46 23 49 27 69 73 83 19 58 16 6 82 50 29 74 66 62 79 18 97 48 72 88 2 87 69 51 5 18 50
80 15 75 90 27 41 72 31 7 55 41 92 20 72 91 92 29 96 56 43 53 54 80 66 5 32 4 19 50 64 21 81 96 56 51 97 92 39 27 38 86 53 25 43 27 9 18 74 68 78 81 59 54 88 100 61 29 92 70 32 86 97 75 36 66 72 31 69 27 91 58 16 49 77 88 72 1 57 100 88 77 80 54
