66 37
81 2 39 48 73 100 76 21 43 99 52 54 6 88 56 33 4 92 57 53 59 30 5 70 5 14 56 26 81 3 62 87 82 8 38 14 94
99 99 2 51 70 4 90 37 18 41 31 92 8 39 54 71 69 25 20 22 41 1 42 3 63 77 43 35 52 43 8 96 98 25 59 74 43
61 24 46 42 44 64 93 47 17 14 49 49 48 74 80 45 4 92 74 33 70 6 61 96 54 81 15 8 43 49 95 16 47 7 63 52 68
3 45 5 93 46 80 1 91 9 42 74 39 7 55 81 60 51 91 3 81 42 19 27 97 4 14 91 53 52 51 28 42 61 75 78 40 53
8 81 22 45 73 12 19 43 40 59 16 28 37 32 62 90 69 94 47 63 72 98 12 26 30 94 46 89 12 58 70 64 77 52 65 73 23
39 91 13 12 36 94 26 20 13 79 14 53 37 77 70 55 35 57 54 17 94 12 84 34 6 94 99 56 36 92 26 51 4 77 21 19 26
38 11 39 69 10 61 53 96 86 14 66 65 90 51 91 84 92 45 96 12 98 97 40 28 66 11 29 49 27 94 70 62 7 19 6 92 76
4 15 95 32 55 42 48 84 91 57 5 57 13 34 1 32 27 26 13 36 77 38 55 71 85 36 25 87 29 9 6 28 2 46 6 53 60
9 80 82 3 49 11 37 72 57 98 21 44 97 17 2 44 73 31 31 1 81 77 44 94 85 67 60 44 46 17 46 6 98 21 98 9 97
7 38 77 56 21 89 97 37 21 52 7 70 19 40 43 66 99 67 74 77 95 98 38 80 65 90 72 54 95 46 53 93 14 29 25 67 28
32 57 22 53 94 3 50 61 65 67 78 52 32 68 78 78 7 83 3 36 55 19 31 26 11 70 19 67 25 19 35 70 81 21 57 90 87
75 4 32 44 88 33 11 98 84 55 36 51 72 36 31 91 7 100 38 49 89 57 49 68 72 83 66 42 9 9 58 80 8 40 3 83 43
8 3 83 72 20 85 70 52 57 35 75 43 2 88 51 90 15 30 12 36 15 2 81 28 70 67 37 25 43 80 91 27 10 2 17 53 65
46 35 96 76 46 31 35 31 62 79 48 63 57 71 2 11 93 43 14 33 71 14 59 7 66 16 61 39 67 57 89 95 65 24 67 97 14
7 72 86 13 31 95 99 62 39 70 96 55 72 24 13 12 51 49 75 65 74 20 24 34 43 52 57 59 15 50 50 1 3 46 47 30 8
52 14 24 100 49 41 4 47 10 90 76 71 8 64 45 16 5 20 27 35 54 75 9 57 57 29 89 70 56 7 59 82 99 65 41 60 19
95 52 22 7 37 37 56 24 72 74 32 7 47 82 12 42 22 61 70 23 53 5 49 11 33 90 57 71 99 24 41 35 49 79 15 16 20
46 4 24 6 52 48 75 17 19 76 12 45 93 9 5 75 93 64 91 41 34 81 97 92 2 53 94 75 29 51 21 74 39 100 9 87 43
25 49 71 74 45 61 4 84 68 54 2 81 95 19 56 74 97 60 84 81 58 63 89 14 22 1 20 100 83 90 13 80 95 24 12 95 92
65 40 10 5 43 74 77 74 91 81 92 90 37 76 22 72 55 52 11 59 24 12 97 47 48 26 25 93 53 5 18 77 35 100 46 53 67
23 5 84 76 32 99 80 24 27 33 65 54 35 58 64 83 97 10 34 6 82 75 25 15 72 24 11 28 80 34 48 83 14 5 67 86 1
75 23 80 61 3 60 83 22 32 35 94 52 71 10 65 11 23 29 11 3 43 28 3 52 81 26 2 2 33 77 4 61 96 79 49 95 2
64 42 10 6 49 64 11 28 93 92 91 63 86 100 14 56 46 33 33 59 62 93 4 61 27 23 95 6 75 72 76 87 6 36 38 50 78
26 77 9 19 4 46 89 8 31 11 92 2 58 54 40 66 48 67 41 80 42 96 13 12 41 44 95 2 81 22 70 38 99 7 58 14 17
38 23 46 80 68 61 56 97 88 60 20 86 63 78 22 66 71 25 59 43 100 77 52 96 27 69 8 96 91 72 88 58 17 59 54 74 17
25 51 38 17 24 73 80 64 22 87 11 36 50 53 87 43 68 11 10 60 14 10 21 76 57 39 96 71 84 22 69 52 91 53 50 44 98
44 61 99 6 36 96 19 24 37 41 29 18 21 91 73 43 94 33 42 39 81 38 98 53 43 78 63 19 12 37 38 83 59 18 59 47 9
17 97 88 22 92 79 26 40 14 31 87 89 17 62 92 87 33 48 88 13 37 65 80 65 78 21 12 76 98 32 12 38 75 85 76 55 24
40 7 53 63 9 78 86 80 3 38 76 69 76 8 100 38 39 32 4 26 24 51 24 38 99 44 71 82 47 26 21 42 88 91 56 95 59
16 87 54 25 51 30 77 19 97 3 99 24 46 5 44 23 29 35 98 35 77 43 85 92 4 8 42 95 93 72 42 13 29 22 97 21 49
39 93 56 75 32 95 88 10 31 65 71 79 81 29 80 54 47 45 71 12 72 43 58 5 7 75 48 81 97 87 41 71 56 62 79 90 25
56 27 92 99 33 35 60 98 39 98 2 55 58 16 48 8 90 40 39 19 7 19 100 86 96 100 1 49 4 24 59 31 6 66 12 46 95
23 67 29 62 18 99 31 95 36 78 14 82 94 56 57 57 59 46 98 17 71 75 74 42 40 60 62 59 24 70 94 8 59 94 20 87 59
36 91 36 50 33 20 80 3 62 85 86 42 80 12 70 24 73 71 45 54 10 5 48 82 83 51 71 8 100 49 97 42 89 34 2 90 41
99 64 47 14 90 94 94 92 14 62 90 63 35 84 34 85 14 71 14 81 15 21 82 77 4 26 10 14 50 21 100 98 55 9 30 88 78
24 15 39 22 61 62 25 15 8 65 66 47 80 27 13 100 69 3 13 71 70 67 15 13 24 1 64 31 75 21 73 71 57 47 14 57 25
26 91 11 5 6 27 97 15 82 76 76 68 5 32 77 50 85 17 52 24 60 67 41 87 83 3 18 48 16 35 15 67 64 5 47 70 29
46 64 43 41 48 97 45 35 54 45 74 57 54 78 32 22 31 99 89 4 68 83 29 90 92 56 26 88 96 27 40 19 30 80 52 91 91
3 1 50 35 76 77 42 11 29 9 74 80 58 48 73 2 18 38 47 4 11 96 1 74 46 58 3 86 48 27 48 47 92 76 16 59 34
48 92 93 23 83 84 38 74 57 33 23 59 85 13 22 49 65 35 64 85 40 53 88 9 36 24 78 42 85 15 46 91 70 88 14 33 25
64 61 3 68 28 66 97 22 56 100 79 10 54 11 76 12 22 7 7 10 24 23 91 17 7 13 86 80 37 76 55 79 39 38 8 20 27
79 77 42 22 53 3 63 79 1 7 40 37 79 54 66 16 38 89 35 90 74 29 77 43 25 33 66 8 51 87 77 28 93 31 77 5 29
69 51 93 44 18 28 74 76 66 15 26 99 13 76 50 46 66 78 39 27 35 78 19 57 6 96 58 22 75 70 8 12 91 55 44 27 100
57 17 98 31 26 48 58 86 83 11 78 78 31 48 61 12 14 97 73 6 21 2 97 44 33 12 14 19 82 36 53 35 15 99 81 68 86
97 19 26 9 75 81 21 99 94 54 37 51 77 49 90 91 10 94 64 56 43 47 7 93 74 44 53 61 91 89 38 48 54 70 63 14 60
66 46 78 58 52 70 1 39 67 4 31 93 9 9 68 8 91 13 11 86 67 39 63 50 90 69 48 57 11 18 61 26 47 83 81 51 82
23 55 44 10 62 92 24 51 44 4 52 54 29 13 30 74 100 67 70 80 93 17 81 94 31 58 43 99 22 84 45 52 28 5 95 58 14
83 65 78 17 10 73 49 53 35 92 65 62 87 65 23 45 8 19 51 26 19 29 97 32 83 40 86 68 92 40 22 78 4 82 63 32 34
42 14 84 68 87 88 35 79 19 16 63 32 65 98 51 65 11 51 45 64 97 24 49 92 71 84 78 10 31 98 76 69 75 26 25 29 92
75 17 8 99 17 89 58 38 100 69 59 30 32 100 42 75 90 97 88 29 19 8 81 26 88 58 15 1 90 81 25 73 38 94 13 49 56
64 45 86 3 1 35 1 48 71 83 23 52 21 73 29 3 94 23 49 87 43 43 27 44 64 21 32 41 34 71 57 91 40 74 54 1 83
37 88 3 36 16 19 35 20 46 32 80 6 61 40 65 40 2 37 26 49 4 97 97 63 38 24 80 97 21 45 40 43 50 31 33 40 56
42 37 44 80 9 23 42 50 33 40 56 43 28 75 54 87 87 96 59 37 60 14 90 49 59 14 89 30 15 43 3 43 89 79 63 55 12
6 43 31 94 50 10 95 7 22 97 74 86 16 52 37 56 48 76 78 25 98 20 8 3 99 9 79 94 94 34 94 69 66 48 39 79 74
9 61 26 5 100 24 70 15 24 13 13 72 84 22 62 15 21 24 72 2 50 49 80 32 1 21 89 43 39 64 42 47 82 18 49 23 52
53 48 67 12 14 9 73 71 82 90 75 97 60 72 53 49 68 67 23 28 9 87 74 94 86 65 51 41 46 53 8 84 38 19 62 7 28
3 35 8 53 53 65 1 65 69 82 39 38 72 49 63 66 95 93 98 78 55 49 22 72 89 92 59 11 11 38 51 18 96 14 30 85 24
25 80 70 39 23 84 55 1 40 41 43 54 70 7 36 53 53 77 25 58 39 44 95 16 82 6 88 35 90 8 18 6 7 65 41 68 34
88 68 97 7 87 29 15 3 77 79 54 91 13 44 67 9 44 35 19 97 89 83 12 15 19 17 28 83 3 54 22 49 55 21 21 46 9
24 78 26 68 52 54 43 55 42 72 34 31 35 32 37 68 55 31 5 7 74 81 69 31 26 13 58 92 45 35 97 3 99 16 38 43 22
41 33 19 70 37 38 17 58 97 1 99 63 5 72 56 100 49 33 73 13 27 91 80 97 94 88 17 66 52 34 3 14 64 70 69 25 43
50 14 20 16 73 90 72 61 33 82 63 16 60 37 46 30 39 67 92 51 27 18 46 82 12 52 44 2 12 57 38 9 92 5 66 88 85
36 57 3 30 40 29 55 12 86 62 69 26 37 99 81 2 64 99 50 67 62 51 95 64 90 86 3 89 12 28 6 85 18 31 80 76 55
80 37 38 70 40 33 76 78 82 92 53 61 60 45 27 9 100 76 83 26 85 70 66 21 29 20 37 4 50 87 16 55 24 26 3 55 33
21 45 13 92 84 68 2 38 67 16 4 42 76 39 43 22 1 9 25 18 48 86 82 9 60 57 36 62 51 17 98 33 13 21 72 37 54
51 70 48 58 62 64 25 84 54 74 30 96 8 87 67 2 94 92 45 52 74 34 17 99 42 39 75 65 24 49 55 93 23 99 79 76 21
