46 54
74 34 64 12 37 65 22 20 19 45 75 92 56 9 81 6 72 62 11 85 100 36 88 40 28 63 52 68 61 28 85 32 96 38 61 87 71 74 37 37 36 30 17 54 80 9 94 95 10 100 57 54 96 91
43 37 4 99 64 34 15 35 75 54 15 52 78 74 59 54 10 32 19 91 98 26 27 42 60 12 24 60 88 85 61 14 92 16 64 48 43 47 85 79 2 91 74 45 12 37 64 5 29 9 76 1 93 37
6 80 50 57 42 79 51 92 4 4 31 25 50 100 62 67 39 13 65 73 90 88 27 46 6 59 90 28 53 75 48 51 44 24 92 45 37 73 60 96 92 89 64 68 10 29 63 93 4 84 80 74 18 6
52 71 31 9 46 69 39 9 34 36 66 68 90 18 17 32 26 21 14 93 16 32 5 55 55 98 28 69 11 60 23 61 13 54 5 74 23 95 29 8 27 64 48 71 68 66 1 30 93 59 82 1 25 94
35 69 43 18 53 71 39 49 44 67 40 5 88 70 39 27 93 90 31 74 25 14 31 66 14 50 37 37 3 24 13 83 3 78 33 65 8 54 26 77 59 44 23 4 97 6 52 69 71 18 18 12 57 79
29 81 55 53 34 56 70 2 82 44 58 69 95 83 84 46 49 70 21 58 88 37 3 21 76 45 84 97 92 24 97 73 3 65 97 9 92 52 34 72 86 16 19 3 100 87 91 36 36 38 24 55 25 91
39 47 69 3 88 49 21 27 17 64 34 52 88 73 84 29 8 29 91 18 15 22 83 63 65 39 64 79 68 26 92 21 93 45 9 2 46 33 10 9 48 17 92 35 47 70 16 95 55 33 15 57 49 78
78 33 3 99 23 75 60 36 8 20 8 70 19 31 66 61 57 57 47 23 91 22 70 74 57 29 100 68 57 94 62 33 20 86 85 25 55 63 17 100 29 20 57 6 6 27 62 50 27 100 25 2 29 77
94 4 80 13 27 19 65 45 38 33 73 86 22 80 83 98 95 74 39 85 63 66 60 43 52 99 89 67 87 3 56 16 27 24 51 97 3 26 3 10 68 61 69 28 11 96 42 26 89 27 58 86 79 56
20 94 64 84 37 56 61 1 99 74 84 7 8 34 29 59 83 73 81 18 4 50 75 62 58 41 3 5 38 61 45 11 38 75 99 58 37 35 30 100 5 8 26 40 49 84 20 52 1 77 52 10 42 18
27 97 30 24 82 35 27 84 60 60 18 1 100 20 48 46 3 100 100 94 17 19 76 70 57 32 33 79 90 64 11 9 38 81 46 47 78 18 41 4 12 61 12 45 85 14 33 63 79 62 63 28 28 21
83 93 39 19 7 95 50 73 71 99 37 54 37 30 50 4 60 32 14 33 21 59 39 29 86 64 15 42 50 90 71 32 4 86 91 66 63 89 93 19 83 99 8 53 57 49 63 52 1 90 6 24 59 23
96 96 30 31 58 22 37 15 99 19 2 83 96 48 61 81 18 21 69 63 94 77 69 31 92 98 6 96 79 43 27 96 60 95 25 81 13 80 80 61 76 23 69 25 28 6 6 42 34 15 22 73 28 83
90 25 18 27 20 44 86 25 6 96 10 46 95 1 75 91 19 98 33 34 69 87 48 74 52 66 57 46 99 54 33 26 14 99 61 30 56 60 2 38 58 89 31 54 60 85 61 87 42 91 47 51 94 83
46 14 72 63 10 1 18 66 90 54 54 73 52 15 52 9 60 39 28 100 83 94 76 91 51 1 18 51 33 51 68 27 98 18 87 66 22 52 5 69 38 43 6 23 92 63 54 90 52 51 13 1 33 27
31 84 76 20 1 48 48 56 51 40 7 36 96 90 64 76 11 62 6 66 79 40 24 37 1 41 89 90 88 55 89 84 77 96 61 65 24 100 88 69 31 42 34 50 86 45 49 64 87 15 14 22 67 73
1 9 64 68 44 33 12 76 33 81 66 67 53 82 72 16 92 99 65 24 27 100 23 85 93 20 19 30 37 39 12 22 78 64 17 16 44 19 27 30 86 42 15 100 93 81 11 88 36 4 39 84 93 24
58 88 91 56 90 52 43 6 68 7 56 64 63 97 78 48 56 74 46 4 6 73 8 66 91 64 9 87 42 16 64 84 19 84 7 65 16 57 25 74 13 68 6 84 38 59 21 49 39 80 49 14 88 32
87 31 6 76 67 92 59 57 29 43 89 25 50 50 45 92 31 55 97 28 9 9 10 57 6 13 64 76 39 64 10 26 74 6 38 43 13 80 40 11 68 18 30 13 68 60 57 11 32 90 94 5 85 69
15 45 24 24 35 73 67 59 50 75 68 10 82 70 20 50 71 18 16 28 53 6 16 54 64 96 61 45 23 93 61 39 85 17 92 94 4 41 93 14 54 98 30 28 82 85 36 86 99 54 66 13 55 46
55 4 78 76 38 87 52 81 74 40 20 66 50 32 7 30 82 21 33 57 75 35 98 32 16 45 7 34 5 81 42 63 56 90 43 7 38 37 33 72 31 34 49 92 57 73 28 13 74 89 31 46 76 3
38 43 56 30 9 75 6 97 7 5 96 9 36 20 65 17 66 60 49 67 70 62 70 82 99 86 84 97 55 62 96 32 94 37 93 25 84 29 69 24 58 78 59 100 63 17 44 6 99 87 51 91 12 82
32 17 5 56 33 41 15 9 24 19 38 52 39 22 44 52 49 50 84 1 68 11 33 32 27 49 96 55 70 40 36 26 44 32 40 61 48 61 50 55 39 19 94 78 9 26 33 72 26 60 91 17 91 39
87 38 85 80 73 46 41 56 36 39 33 43 17 15 34 42 100 75 42 85 34 60 96 20 27 16 73 33 100 87 1 55 95 79 83 66 90 96 13 63 38 33 48 24 69 91 99 11 69 15 93 60 42 29
67 33 2 17 18 9 16 95 10 47 95 31 44 68 59 99 70 91 64 27 29 81 70 81 26 9 61 53 43 20 91 71 27 68 98 12 12 25 22 73 73 8 58 45 45 72 9 97 39 22 76 7 39 14
50 96 75 54 81 74 33 33 95 20 56 77 23 2 64 76 85 44 51 81 83 39 58 29 46 56 53 12 61 31 34 49 48 2 75 45 59 97 26 64 91 33 77 56 81 66 42 86 59 82 80 18 76 67
74 83 32 22 55 91 38 24 27 44 24 81 2 87 32 80 79 4 60 90 82 10 13 15 69 12 75 81 67 16 100 54 78 75 37 36 26 77 33 50 86 46 17 38 99 2 33 81 71 73 69 51 76 26
85 96 25 65 12 54 64 50 55 95 45 36 87 17 90 57 61 41 71 4 85 97 87 21 60 97 7 20 97 100 35 32 3 26 51 89 72 37 28 40 5 88 7 30 52 11 42 36 10 100 64 57 99 2
61 84 10 28 79 20 74 72 74 5 65 93 43 20 30 81 23 50 82 67 54 14 54 12 18 25 64 1 76 37 11 48 22 48 48 74 6 77 79 24 18 28 41 89 52 27 82 28 20 93 14 2 64 38
96 69 31 84 71 50 5 76 93 52 78 76 1 43 28 91 71 32 67 33 61 5 23 33 40 36 100 20 97 67 77 85 62 54 33 49 16 28 71 99 61 87 80 80 64 42 15 23 96 92 56 97 59 75
91 63 97 18 14 100 23 39 18 60 88 19 15 1 77 15 56 25 51 71 17 80 63 17 52 28 45 16 33 39 98 29 13 64 27 42 91 7 53 29 75 69 90 40 78 67 35 30 29 67 12 48 52 77
57 82 90 91 26 75 51 23 74 4 73 84 87 91 63 99 45 91 55 39 32 12 93 83 70 95 52 99 42 16 58 83 38 21 31 87 95 59 38 93 15 8 42 59 85 7 41 76 56 75 58 99 98 16
45 66 27 100 77 28 90 21 78 52 30 24 39 92 92 38 93 6 49 48 84 26 10 80 38 48 11 38 10 67 16 20 86 43 80 6 12 83 85 1 1 86 21 14 31 38 38 41 61 93 36 38 20 12
64 23 77 73 28 4 88 93 34 80 11 86 75 45 56 26 73 42 50 64 99 50 51 90 3 51 89 99 100 60 30 9 69 32 90 55 65 5 35 21 45 68 25 12 19 17 33 44 48 52 62 11 84 65
98 39 72 34 34 11 1 67 13 2 27 95 79 68 41 36 77 22 59 11 35 48 51 57 24 85 20 61 77 25 64 59 65 1 82 44 60 33 27 79 98 6 56 48 58 6 39 2 66 28 69 58 61 34
45 74 33 61 83 15 74 56 55 100 99 93 47 54 70 73 34 56 1 25 55 82 75 73 13 40 47 67 52 73 61 55 40 44 23 45 76 84 46 96 10 63 73 22 37 24 76 92 11 57 61 100 76 74
59 79 46 92 56 64 62 12 65 6 72 79 47 37 91 86 20 11 43 58 14 24 98 2 31 89 76 84 42 93 46 56 10 86 54 34 48 66 41 15 81 95 45 31 12 31 100 62 1 19 71 95 79 32
28 20 95 44 82 35 69 31 83 44 67 61 49 48 72 21 44 37 86 74 59 84 55 53 91 39 64 12 7 27 76 5 6 97 67 82 50 47 86 67 82 9 78 89 15 20 3 1 6 96 4 8 18 61
99 86 68 99 30 24 66 70 8 31 27 38 56 6 26 95 64 19 19 41 33 60 28 68 2 11 17 22 94 36 86 19 93 43 51 40 91 41 23 47 31 91 37 71 42 96 28 57 96 94 58 82 57 81
68 50 24 11 76 100 24 15 95 90 77 98 8 15 10 55 92 52 98 64 95 72 80 13 39 79 65 33 40 61 93 33 79 26 46 59 3 1 72 71 45 70 46 22 23 32 63 4 16 43 13 54 9 9
66 24 71 79 48 66 91 30 79 10 70 26 72 9 30 55 84 50 96 26 21 76 96 47 32 38 2 21 8 61 71 65 5 13 3 7 77 59 84 57 67 19 15 17 25 76 5 68 20 8 49 68 45 22
75 76 66 52 28 86 1 82 21 14 73 72 49 87 75 32 43 29 18 8 23 34 90 1 28 42 9 8 26 98 87 79 93 14 100 19 97 41 7 72 47 10 21 74 84 81 54 3 73 23 28 74 67 18
74 54 79 59 58 26 25 29 6 27 60 82 32 22 85 64 28 16 21 34 42 34 20 15 20 50 96 36 4 24 85 9 74 1 18 23 76 54 68 77 19 79 74 52 74 57 28 97 57 92 32 81 99 81
97 23 66 17 14 13 59 74 15 54 77 70 26 28 87 89 17 90 66 38 45 80 75 64 30 53 9 11 46 5 69 86 92 7 47 70 81 57 48 21 60 3 32 48 61 80 46 77 27 55 10 68 67 14
95 64 28 16 92 38 16 40 64 33 75 4 36 39 63 23 32 40 87 6 39 51 69 81 90 77 53 97 39 34 83 49 29 84 56 74 40 71 75 11 3 18 87 57 36 84 79 50 46 83 34 85 93 91
4 77 26 18 53 77 67 23 16 70 85 1 47 83 38 37 41 94 50 82 64 12 69 55 92 35 67 46 32 97 10 73 76 41 3 18 46 20 27 51 8 82 77 33 70 34 37 88 44 53 6 8 47 47
