81
99 92
79 79 41 88 41 25 12 15 49 76 58 35 98 48 42 15 66 94 30 43 63 82 84 28 76 9 15 16 14 36 69 29 90 98 74 12 67 94 38 34 40 13 2 34 76 31 77 74 24 19 78 71 49 72 18 21 63 68 59 84 45 8 92 59 30 22 95 18 43 79 96 91 1 85 8 65 34 34 35 13 51 89 33 5 81 16 75 37 81 79 92 95
36 56 18 94 46 96 19 71 25 33 75 84 82 85 32 56 20 69 2 66 80 97 48 57 91 75 69 73 77 98 19 35 63 45 38 83 24 60 94 21 21 58 74 36 61 24 88 79 37 57 13 96 81 90 98 15 99 84 19 83 37 96 35 67 53 50 24 4 18 37 65 33 94 90 37 39 23 43 90 26 7 26 73 95 27 10 92 88 44 52 93 92
43 10 69 40 55 84 25 66 86 16 67 56 26 40 20 81 55 1 77 1 36 75 40 27 93 18 28 62 84 59 72 93 52 95 4 84 37 71 68 50 90 4 64 52 87 29 24 54 51 51 17 92 53 49 45 84 93 4 4 10 97 96 75 36 92 32 92 76 19 70 57 30 59 34 17 34 30 49 96 78 37 37 7 72 5 27 1 58 41 12 76 85
16 92 6 47 91 60 41 48 77 86 45 80 60 30 81 63 31 99 93 73 42 58 70 23 26 34 62 5 58 9 62 90 92 18 78 77 80 8 92 41 2 94 59 43 99 39 72 50 17 23 82 59 34 7 59 50 70 34 31 17 64 24 44 40 95 87 14 9 61 28 8 49 43 79 3 54 46 98 99 18 38 35 43 88 49 63 20 34 78 30 17 83
50 5 98 73 51 83 18 65 40 99 85 46 100 32 98 55 82 38 37 77 60 88 68 77 94 99 95 77 42 66 46 57 14 27 22 68 38 97 34 60 90 85 12 22 93 86 70 17 83 76 18 18 36 48 94 8 47 78 56 25 42 31 17 24 50 86 18 25 18 97 91 10 91 79 40 19 62 12 30 40 33 23 39 13 42 19 68 98 18 53 65 76
78 49 78 73 95 39 45 55 7 92 24 95 22 65 81 23 98 91 27 28 51 80 87 82 70 77 82 60 24 36 84 12 37 87 22 86 53 66 56 24 79 94 82 31 69 14 76 40 15 43 59 49 27 70 50 97 67 73 41 40 85 94 32 92 56 86 48 49 96 2 34 75 88 58 24 62 50 23 91 21 79 95 69 67 51 10 4 78 35 99 28 84
20 52 26 28 95 62 40 77 4 8 55 5 12 49 54 32 58 12 93 70 7 16 42 50 88 72 94 25 24 88 67 71 59 93 9 80 34 34 55 49 88 67 23 20 45 34 88 21 85 92 71 71 6 49 76 95 2 51 87 90 7 48 31 9 60 58 21 56 37 66 96 83 65 56 75 45 3 90 55 38 94 99 11 56 2 43 81 32 92 36 16 73
12 26 71 73 88 74 94 48 55 63 47 90 23 75 70 24 92 5 26 89 87 26 60 9 5 21 13 22 100 2 35 23 50 75 79 41 47 66 25 96 94 1 100 82 18 43 32 46 99 66 85 83 98 21 63 26 81 16 66 62 64 54 2 2 87 58 31 16 5 77 1 88 12 63 60 3 74 76 10 81 31 73 61 61 32 59 54 55 12 63 22 10
97 47 65 91 41 44 8 6 5 44 43 96 86 10 10 29 22 11 51 50 17 99 25 25 1 5 68 92 38 11 1 60 79 34 30 55 17 77 41 83 57 59 62 8 79 73 79 36 27 44 63 94 41 60 97 17 17 78 62 81 49 76 69 70 93 19 7 100 7 72 71 15 7 5 66 93 45 25 70 32 26 26 47 28 3 7 6 36 59 59 94 83
55 21 40 30 61 69 92 24 22 21 80 75 40 91 23 33 86 14 35 89 20 66 66 19 90 69 27 85 81 52 11 40 22 11 2 63 5 68 79 34 28 89 3 93 75 48 30 65 91 27 70 79 88 32 12 21 12 14 12 34 5 48 25 46 96 89 21 56 18 33 58 54 7 16 9 74 70 65 14 38 72 92 80 43 41 47 6 65 27 53 90 82
88 32 77 3 18 36 79 99 32 96 80 59 96 81 88 15 51 53 59 83 57 78 52 47 58 59 95 30 16 34 72 61 25 79 98 73 7 76 99 43 11 53 22 71 55 37 71 82 79 85 50 47 98 29 14 97 92 73 87 50 15 14 10 35 14 21 52 58 9 36 50 8 90 18 59 29 60 11 98 40 22 21 26 60 62 28 43 91 31 53 54 36
75 61 68 36 21 48 96 12 18 88 79 10 11 2 59 53 38 72 26 18 80 44 27 1 6 64 22 99 63 18 29 84 6 42 91 24 52 38 48 74 51 77 10 33 48 35 50 11 10 96 86 11 29 30 85 29 38 5 83 51 51 77 3 70 30 6 66 31 45 31 55 60 76 55 47 26 46 73 25 91 77 98 54 14 72 13 61 58 22 86 3 81
57 33 1 55 96 4 94 81 13 52 90 38 49 13 39 3 21 30 35 25 61 3 18 53 27 46 42 43 6 55 1 52 15 43 38 45 36 65 81 35 99 89 59 60 78 84 77 9 56 75 29 98 38 6 47 55 4 48 81 60 89 33 41 92 94 91 26 33 69 89 21 51 57 49 89 22 58 43 33 60 41 70 13 40 6 12 17 76 55 53 21 65
97 12 67 33 2 48 69 59 1 83 46 18 69 32 9 40 70 3 56 65 34 99 94 32 11 100 50 8 70 89 70 98 100 27 36 99 46 46 72 44 90 64 66 97 60 64 37 78 50 20 5 34 60 6 1 39 23 91 16 39 72 45 60 80 63 87 79 18 40 70 26 26 49 55 39 38 90 22 23 48 18 21 88 45 87 22 96 71 64 8 58 57
88 29 56 81 97 7 41 14 66 68 59 27 42 84 1 99 19 49 79 79 14 43 86 37 79 3 98 90 74 20 69 50 15 40 13 86 72 44 9 47 77 7 88 45 21 25 62 31 46 3 40 45 65 97 94 17 39 66 91 74 15 35 47 70 53 3 19 32 6 30 19 5 93 80 92 2 90 88 48 53 40 72 6 75 52 31 20 27 44 47 19 81
69 100 10 69 74 33 55 1 40 32 83 44 74 71 47 97 40 89 95 51 74 1 5 78 43 7 13 70 34 41 55 18 38 40 14 64 49 3 28 27 70 98 58 53 79 19 58 78 16 57 49 8 22 22 62 40 90 87 4 18 57 69 99 45 40 14 93 5 56 8 6 24 72 45 11 50 10 88 19 76 14 92 4 72 92 94 24 39 1 79 33 39
29 74 45 98 16 95 65 5 73 69 58 90 14 69 22 88 97 71 25 41 86 33 27 91 70 66 39 62 31 60 84 69 70 89 19 33 93 94 22 49 17 30 75 4 15 33 16 88 81 76 97 100 99 28 3 81 2 9 47 44 66 54 58 76 67 37 36 22 53 60 66 48 72 58 77 61 48 14 96 96 33 42 49 33 15 67 54 18 14 88 49 7
32 52 58 92 13 3 45 49 26 21 47 45 61 45 81 75 5 60 42 98 99 62 60 100 72 43 23 82 92 90 9 86 18 58 9 17 4 59 52 50 1 76 25 22 78 8 30 69 66 90 47 73 57 19 67 10 35 95 23 49 96 92 85 65 95 82 5 15 4 32 28 77 50 29 38 86 81 87 96 19 27 68 82 37 61 90 36 21 20 33 48 64
92 98 95 12 89 70 24 50 48 11 34 94 33 98 4 12 71 78 47 17 75 99 27 1 93 75 97 42 63 5 37 33 79 31 22 7 10 82 54 51 10 7 32 85 94 100 82 78 48 35 12 3 48 27 42 79 77 61 6 29 19 72 74 65 24 76 7 50 92 47 26 76 28 21 41 47 32 34 13 55 83 5 78 65 36 67 100 46 75 28 77 87
29 34 88 33 36 40 20 53 17 4 84 91 47 12 41 58 100 34 80 83 86 22 66 43 84 80 16 14 13 50 28 38 58 94 18 7 91 20 27 12 57 66 84 50 47 97 45 84 2 76 47 66 63 47 86 90 23 97 19 91 25 84 63 84 51 33 16 61 64 3 24 40 2 85 59 47 48 16 88 99 98 45 18 8 31 95 81 40 71 59 80 50
13 53 16 11 79 6 11 62 9 38 62 27 30 20 87 5 1 64 38 33 32 33 82 14 74 42 52 46 98 46 83 33 14 30 21 89 61 42 78 13 40 25 25 87 39 40 59 47 63 65 88 61 99 35 66 82 44 86 29 9 93 45 24 9 71 86 34 65 4 40 1 84 15 59 57 42 43 52 40 63 63 97 29 38 20 91 15 81 65 48 39 43
68 84 76 86 62 39 41 6 5 77 12 6 23 56 67 34 15 5 44 4 26 29 9 74 32 83 43 44 96 11 66 82 19 100 58 33 69 41 24 62 76 5 20 11 27 25 86 17 74 55 30 26 23 88 40 92 56 28 20 69 66 73 27 72 94 1 66 52 41 97 26 28 85 79 44 99 90 66 10 33 34 65 99 45 21 92 31 28 39 57 86 54
75 98 96 11 64 38 9 77 34 35 16 84 52 64 17 66 47 66 95 33 89 71 30 45 59 45 81 70 44 36 27 61 91 71 48 42 50 36 70 10 72 74 29 58 16 31 14 40 35 6 62 20 20 86 15 46 46 84 55 22 18 5 45 88 22 32 12 61 64 59 49 17 47 27 89 94 70 61 23 85 62 58 91 16 99 94 58 92 94 29 44 68
66 85 48 93 7 16 82 44 98 78 55 61 90 93 52 52 62 5 76 93 36 81 20 52 46 54 8 35 19 59 32 76 44 28 90 38 59 44 49 83 36 73 7 73 2 65 3 41 56 92 86 25 5 27 55 80 69 99 56 20 37 78 99 63 96 1 41 14 26 63 94 18 45 97 37 51 19 59 85 51 40 53 40 71 52 41 91 32 63 36 6 25
71 48 58 91 81 41 8 13 92 14 64 41 15 78 89 90 13 78 38 55 17 33 38 56 63 87 89 88 45 14 75 63 46 87 8 45 85 59 84 59 81 89 31 56 52 51 84 82 60 23 31 10 49 80 93 69 28 88 35 12 79 53 90 11 22 3 17 86 6 8 68 40 80 7 63 19 17 89 90 55 7 13 23 18 78 17 28 100 4 61 79 17
57 48 23 76 63 29 78 60 69 16 40 44 51 12 89 66 93 43 81 33 35 92 75 1 37 5 43 3 22 10 97 97 83 36 23 1 37 88 10 29 14 82 88 59 92 6 68 18 46 2 15 76 32 30 37 25 9 51 87 97 80 29 60 97 52 92 85 60 79 97 65 35 69 46 17 5 4 42 84 41 62 98 59 5 50 53 55 80 36 32 15 33
12 41 68 42 45 36 17 92 31 24 52 72 49 57 6 98 86 7 18 52 82 66 25 10 49 77 72 61 72 99 63 65 59 52 49 6 94 58 68 68 3 32 78 79 87 39 11 91 84 34 45 20 34 18 38 44 57 11 25 19 63 13 80 8 61 99 92 15 87 24 69 26 40 42 75 16 39 87 5 66 36 58 69 24 30 7 97 64 5 50 45 20
71 6 57 78 62 73 47 7 64 38 92 37 25 61 8 86 45 70 67 5 24 97 87 95 38 61 82 84 26 52 56 43 48 85 30 23 10 55 29 72 16 81 89 1 12 26 63 79 97 36 89 54 30 59 26 15 73 43 54 93 60 62 47 52 64 99 47 91 88 52 75 13 57 41 61 86 55 93 95 66 10 32 44 27 6 49 74 43 12 30 12 40
47 82 32 23 9 3 69 26 85 93 55 82 85 45 79 92 47 9 81 99 50 18 79 70 74 91 12 22 11 70 4 8 62 40 57 52 93 58 99 8 25 33 64 82 53 93 64 51 84 82 31 79 3 27 54 29 60 68 19 50 18 17 59 76 55 56 26 15 78 67 22 13 32 49 63 99 33 31 15 96 30 41 80 92 42 67 74 11 58 85 99 66
97 34 76 62 8 100 6 5 13 43 64 18 6 45 3 32 84 73 72 53 21 74 24 35 27 85 90 92 34 41 20 62 99 91 7 9 6 75 57 60 1 2 63 97 78 44 64 29 15 43 59 87 60 24 24 92 1 34 30 47 89 89 43 78 30 33 77 65 73 3 3 37 32 67 71 91 86 62 90 54 95 38 73 59 56 60 99 28 34 9 99 50
26 9 91 70 48 43 56 38 36 97 29 77 80 38 14 41 100 77 50 24 38 29 93 95 53 73 97 21 8 15 79 8 55 68 17 75 62 14 31 72 57 28 46 66 42 56 2 49 97 82 11 97 16 97 39 57 31 48 95 1 28 59 5 89 18 94 63 47 71 77 59 75 66 24 62 74 30 1 51 57 56 68 66 86 55 94 12 99 10 57 32 78
54 94 78 2 96 36 7 55 93 41 82 23 36 39 46 87 48 92 23 100 59 13 1 19 98 79 23 47 73 31 72 46 29 76 20 77 73 70 17 52 30 49 15 88 35 79 61 7 15 58 60 45 92 53 2 73 72 53 96 92 46 91 44 15 19 4 26 19 69 59 55 36 75 27 54 11 7 80 31 17 9 35 81 94 8 49 13 70 98 91 63 86
55 16 3 75 74 83 72 28 39 60 15 25 68 32 40 26 95 31 77 48 20 30 51 82 67 53 4 52 44 74 41 84 29 75 33 1 31 92 11 37 45 53 17 17 41 34 24 6 48 16 46 18 97 95 77 73 97 36 45 9 33 94 49 40 35 95 79 49 14 20 6 12 49 5 39 26 78 45 2 20 19 70 82 22 8 87 47 99 94 67 64 79
43 78 60 73 75 93 16 55 67 94 1 83 16 12 95 47 78 80 51 2 58 57 53 72 4 2 58 56 25 65 51 49 68 30 85 31 55 44 76 75 53 47 49 12 82 59 21 27 66 64 86 86 57 99 28 64 95 47 52 8 95 15 92 91 57 95 84 67 85 45 23 45 90 23 49 29 86 54 15 60 50 93 75 71 46 69 98 42 71 35 19 83
12 16 66 53 46 25 25 27 74 88 82 49 12 37 77 28 70 64 39 89 94 41 91 20 51 38 88 66 81 49 59 41 52 65 14 6 91 79 57 28 73 16 40 55 76 46 58 3 80 10 48 6 78 87 57 35 9 96 76 44 21 54 15 75 95 14 7 32 68 90 39 14 33 2 42 79 25 13 87 13 29 7 59 19 5 17 1 75 20 59 12 1
46 14 7 43 24 6 41 30 68 65 44 34 9 5 98 22 21 10 12 82 69 28 51 84 29 92 4 36 60 100 100 75 62 4 39 71 24 38 76 17 76 17 18 62 91 78 10 62 14 51 21 66 88 64 28 73 24 79 16 46 69 83 7 24 59 8 20 45 20 37 65 19 92 70 23 12 41 28 14 96 38 18 15 89 9 5 26 10 51 55 76 97
26 63 97 50 82 48 41 91 69 48 91 17 4 83 31 58 55 24 64 37 15 7 73 71 61 24 42 96 25 67 89 49 17 49 58 6 99 21 70 59 34 78 63 39 20 28 24 74 35 54 18 80 85 83 20 100 9 23 99 17 48 40 81 26 24 44 79 97 26 98 20 39 14 88 87 30 31 47 32 2 84 33 60 100 78 22 91 96 82 26 17 10
38 69 83 84 36 9 2 6 67 88 82 82 44 98 61 80 86 57 94 48 9 97 64 91 8 39 30 44 55 48 41 56 36 27 11 79 44 59 74 100 81 46 56 39 29 51 49 67 53 85 95 83 19 11 4 28 77 55 97 58 31 94 82 57 70 26 86 100 78 3 60 61 77 30 26 60 9 15 37 45 84 93 30 79 62 27 47 98 71 33 29 59
21 59 8 59 52 49 75 97 36 37 62 88 55 72 17 96 32 15 11 56 19 89 39 36 86 21 90 79 63 46 5 92 38 32 52 28 14 57 95 60 83 84 3 29 63 50 96 91 41 67 83 54 49 86 43 26 78 59 20 54 48 33 53 39 98 57 5 42 43 49 100 3 27 88 4 44 72 73 16 29 58 43 59 77 56 4 36 81 59 100 57 31
40 51 42 14 53 1 23 32 12 2 28 80 72 23 16 13 72 99 32 54 33 37 41 12 38 38 97 1 90 94 13 94 37 88 55 95 91 89 55 6 13 27 26 37 30 78 47 64 73 92 84 78 59 40 60 27 80 88 75 86 97 77 97 11 92 79 52 92 71 4 43 60 58 49 87 60 80 8 69 5 4 52 88 46 96 30 73 6 54 100 4 100
80 15 44 35 13 96 6 84 22 19 30 34 79 96 14 92 7 51 83 28 49 58 37 32 72 71 67 49 19 51 59 72 41 25 19 64 92 20 63 11 76 65 45 52 27 39 55 81 63 75 84 10 76 58 38 45 54 28 22 40 20 72 28 32 50 22 12 79 41 7 22 48 33 95 18 90 8 87 71 70 72 37 61 37 72 13 7 94 47 13 46 7
22 21 76 41 17 3 45 12 91 17 20 69 65 56 40 68 80 91 65 73 26 49 64 82 82 23 41 17 87 69 12 66 43 6 82 60 84 31 66 12 95 52 75 81 12 49 60 58 52 12 89 65 52 82 7 2 35 23 43 20 54 93 51 45 51 4 98 79 32 88 18 37 93 91 82 20 85 2 92 80 23 13 35 23 19 65 30 63 77 98 1 73
56 73 56 88 8 71 61 60 12 78 4 1 41 16 50 91 97 30 10 39 43 35 44 85 95 49 99 55 44 99 76 82 45 19 49 92 89 30 14 58 78 34 27 63 83 51 61 96 100 10 18 17 50 25 99 92 84 11 16 9 90 87 43 46 36 6 12 63 89 50 13 28 52 12 12 66 86 30 81 4 14 69 42 15 1 4 28 16 62 82 68 76
89 33 54 32 86 56 25 95 61 6 27 60 63 55 81 100 100 22 18 15 26 100 44 50 72 100 72 29 72 23 12 90 2 78 6 78 87 22 90 26 41 79 34 41 71 100 54 8 27 10 23 30 66 46 44 53 27 16 50 68 32 14 59 98 77 6 42 79 67 11 45 82 84 25 25 23 12 6 5 10 27 11 96 11 28 80 88 71 82 61 91 35
56 26 53 64 14 40 14 35 21 24 18 97 68 75 69 94 53 90 12 78 42 88 45 92 45 62 54 2 4 18 69 64 1 56 99 68 1 44 54 42 87 80 63 97 87 97 80 34 68 95 74 68 3 75 91 35 53 75 13 89 18 12 70 89 23 55 27 70 9 60 7 96 31 96 70 49 26 72 49 63 63 86 20 80 25 80 65 2 23 28 30 27
100 74 94 44 81 36 68 82 99 61 24 93 98 39 14 37 85 16 81 29 87 51 76 34 13 20 11 88 65 88 32 94 78 9 79 60 41 98 39 64 83 6 42 26 28 6 40 65 20 56 86 45 52 69 60 30 55 19 85 84 89 11 75 81 100 97 15 33 69 34 26 56 29 53 67 21 68 17 83 49 7 57 62 93 45 13 88 84 27 40 20 52
44 11 44 96 1 25 33 26 34 59 40 51 21 34 57 35 4 43 39 53 73 94 45 50 20 74 67 65 92 88 27 15 50 26 13 95 71 18 78 69 44 46 53 87 98 94 80 29 86 89 36 25 99 80 81 29 67 73 1 15 100 74 95 29 58 84 61 50 16 79 1 89 38 27 34 53 54 81 78 57 71 74 59 97 21 71 68 72 83 49 54 67
49 51 91 86 94 70 17 86 97 17 38 10 66 21 78 22 99 50 77 41 51 83 59 13 27 62 10 57 96 39 55 34 32 47 95 38 52 96 15 1 29 47 65 28 42 5 41 12 30 98 45 35 22 19 45 70 89 21 89 90 73 31 23 42 21 93 63 73 29 93 42 52 46 58 39 31 51 50 12 93 35 96 92 93 15 11 87 42 34 94 67 13
88 72 42 69 44 97 32 11 25 54 18 72 2 81 59 44 81 49 34 16 17 89 12 34 68 78 87 90 11 30 20 97 43 66 89 6 16 76 81 37 44 58 92 11 2 21 6 21 92 49 83 80 65 28 40 41 15 97 5 23 20 88 94 49 51 11 35 28 6 86 35 33 26 46 71 3 42 22 34 83 11 95 96 3 28 74 89 32 1 72 31 63
13 98 55 39 24 24 16 61 66 54 96 16 46 13 91 62 34 71 81 87 3 15 72 48 32 27 18 90 2 90 47 52 98 100 42 2 46 84 60 8 4 85 46 3 17 80 85 54 78 25 59 47 69 64 67 63 29 58 31 95 33 68 69 77 98 75 8 42 100 21 56 25 48 23 77 40 55 91 44 90 93 19 90 85 78 91 37 44 57 84 9 95
44 13 99 73 63 11 84 59 12 63 91 16 9 18 59 41 80 13 24 65 84 62 80 83 41 63 99 3 70 92 10 34 57 54 43 98 23 99 10 85 72 91 42 1 89 65 10 84 80 38 41 57 43 65 9 23 33 41 28 32 82 79 8 60 61 79 96 51 31 75 74 89 9 9 52 48 6 62 22 79 14 84 4 61 18 53 67 56 33 76 29 43
51 80 19 82 84 99 15 84 59 85 73 97 55 16 89 73 33 82 65 5 43 88 21 17 73 22 28 25 26 77 36 60 62 8 2 74 21 14 55 97 30 6 50 42 77 96 17 45 98 72 57 70 99 49 22 17 59 7 71 80 32 43 12 92 50 10 97 81 6 85 28 38 25 1 93 20 49 63 97 10 44 21 93 14 50 21 37 1 82 53 57 32
7 63 10 61 73 47 20 8 9 96 10 39 41 64 35 24 9 51 12 1 5 56 46 13 100 48 57 25 32 11 25 57 43 17 16 4 37 83 100 97 35 18 6 80 96 99 51 16 70 84 14 31 99 14 31 3 24 67 98 25 54 6 23 99 35 44 9 78 39 93 76 18 28 52 47 57 94 55 97 54 80 47 44 94 63 38 80 24 32 38 73 58
11 69 11 66 17 5 29 85 59 22 100 9 32 49 62 47 93 48 42 97 54 11 41 36 25 45 65 80 38 44 25 90 89 77 98 66 91 83 13 79 33 57 37 40 62 58 69 12 4 73 61 68 14 9 69 83 60 27 39 39 59 25 87 42 58 5 99 7 93 91 56 26 48 27 58 82 72 47 86 94 22 31 78 89 82 29 93 45 34 47 97 5
14 47 89 79 7 46 11 94 69 60 50 44 46 68 83 98 48 11 93 51 32 29 62 51 19 14 32 45 65 78 16 42 61 32 93 51 80 92 72 29 94 15 47 32 53 87 76 26 83 30 24 57 70 84 24 6 21 69 70 59 22 67 14 87 58 60 83 56 41 78 68 17 83 4 64 70 18 36 46 29 5 18 85 34 59 15 56 74 88 53 19 74
29 67 89 34 70 100 73 76 6 49 63 63 21 66 76 90 41 4 80 7 9 36 35 56 9 55 58 7 88 51 88 96 98 5 17 85 29 79 41 73 42 20 63 65 96 62 20 72 73 23 43 88 65 43 99 42 82 8 47 89 28 3 77 12 24 50 84 98 3 83 90 94 74 16 22 25 64 11 95 76 92 32 10 36 43 48 28 95 95 17 78 36
49 40 80 58 93 78 92 7 64 53 89 63 78 68 72 74 52 94 61 14 20 76 37 79 16 94 70 69 48 67 24 64 31 18 91 55 71 4 48 3 87 23 61 60 82 49 51 79 58 74 74 10 6 74 56 46 96 71 98 63 33 17 63 21 54 18 29 33 15 16 9 13 86 81 30 41 34 71 17 2 48 80 83 76 14 87 44 59 94 99 15 29
22 68 57 87 5 44 6 9 68 16 74 31 7 43 12 50 1 21 33 42 59 59 67 100 31 51 56 47 28 88 53 63 10 91 42 75 38 55 99 51 28 5 87 80 34 43 88 75 9 92 44 91 63 53 31 23 63 5 28 99 16 3 68 81 14 3 69 95 43 72 79 72 41 30 5 84 25 48 61 88 28 19 37 45 35 87 77 67 100 97 37 37
15 34 85 15 66 24 62 25 81 35 42 34 9 9 62 31 67 72 36 45 55 43 76 96 25 87 67 70 23 20 38 19 17 65 83 42 90 17 61 39 84 42 17 51 22 34 37 45 23 27 72 50 69 15 9 36 11 29 25 18 96 2 35 63 86 32 74 56 58 50 19 15 20 20 23 49 20 42 19 78 22 15 61 88 40 56 57 57 14 48 69 13
71 15 73 91 85 98 27 2 29 1 58 24 56 15 44 74 65 5 46 82 32 57 55 93 86 65 19 15 22 5 81 41 52 1 43 54 84 47 77 73 52 87 25 5 1 32 25 48 72 6 29 78 89 4 3 50 48 11 44 67 59 16 1 68 62 15 81 3 53 92 85 11 95 99 65 32 31 98 37 17 8 65 60 80 32 25 12 60 86 74 18 31
88 88 99 77 46 15 68 24 1 1 5 38 42 2 76 8 94 2 80 68 26 48 76 73 7 19 18 33 80 73 79 96 7 17 73 32 36 33 27 96 39 29 91 28 69 71 33 69 70 83 19 41 2 57 24 38 24 72 54 39 30 65 39 15 82 96 14 81 48 78 30 35 17 93 18 3 31 16 21 51 47 46 73 24 27 36 96 57 100 92 11 21
87 53 56 38 18 1 47 52 17 30 25 21 81 100 63 34 46 25 71 54 80 46 62 89 51 70 65 8 87 52 45 75 92 10 32 15 22 35 83 25 37 12 5 34 57 11 93 40 8 60 55 46 94 100 66 20 4 50 10 38 40 40 4 44 69 83 83 96 72 95 34 92 82 53 41 86 31 49 4 23 74 22 29 23 85 12 94 21 7 77 59 90
53 7 1 22 66 97 99 31 14 28 72 65 81 20 50 86 63 23 89 2 12 54 90 85 85 13 13 40 100 91 53 42 84 26 71 20 47 12 18 31 66 11 98 100 18 94 58 44 87 37 31 9 81 5 81 29 62 56 87 13 75 39 71 69 34 92 51 26 95 31 55 44 46 44 39 41 29 23 3 1 34 82 14 60 62 98 90 49 87 52 9 21
12 42 9 79 71 30 100 48 52 67 71 14 10 14 83 9 33 34 5 34 39 43 46 19 52 99 82 74 33 2 34 26 74 27 7 12 99 16 10 74 72 3 69 53 20 69 51 42 44 24 90 45 43 91 64 35 33 44 100 65 48 33 75 46 82 99 82 40 57 53 29 45 68 64 33 69 71 14 86 30 20 32 32 76 86 91 67 66 45 14 68 13
76 26 74 71 40 2 97 35 58 33 74 11 3 49 23 6 26 45 96 7 10 74 83 97 84 66 15 61 78 61 19 9 37 57 5 83 40 15 93 33 82 41 16 77 31 31 12 4 22 77 50 95 49 36 37 10 16 61 29 12 11 76 96 79 82 89 68 40 26 66 53 6 45 17 91 60 86 25 19 3 99 55 11 60 59 12 4 86 67 11 92 96
71 64 23 10 69 74 53 52 29 21 9 54 35 60 64 94 25 84 37 75 96 47 71 52 46 38 35 24 62 45 16 3 11 96 69 25 24 61 86 78 3 49 1 10 8 91 26 29 92 4 40 25 27 8 83 38 39 91 95 26 55 79 74 75 99 89 45 46 44 86 82 21 14 64 82 76 23 58 97 95 51 20 47 55 38 86 62 66 18 19 59 23
42 56 65 34 58 66 75 24 28 73 22 75 55 22 51 81 77 96 26 42 50 9 87 70 14 22 16 32 51 13 79 47 89 5 85 86 34 88 95 11 46 40 77 43 1 47 16 58 34 65 88 64 60 18 2 3 11 76 49 83 90 5 55 62 94 85 91 18 85 95 86 59 36 62 83 45 86 10 66 69 66 86 87 7 2 76 43 89 17 35 62 14
42 33 96 96 31 9 2 66 96 62 71 16 75 5 36 17 56 83 64 44 77 31 24 34 52 10 10 91 60 76 46 2 100 42 89 78 70 13 98 82 3 10 23 66 7 89 93 79 16 51 22 42 74 35 58 85 6 61 75 11 3 2 26 40 12 87 3 2 55 24 20 33 94 62 21 90 80 64 41 64 22 6 61 90 38 87 45 20 80 9 95 44
47 2 49 36 42 26 45 93 36 62 70 5 45 87 57 34 14 63 61 22 50 7 48 50 49 34 1 47 73 73 2 54 60 60 95 82 42 95 39 11 59 4 47 29 47 56 3 43 96 17 27 50 28 63 59 9 59 13 39 22 43 46 70 100 18 15 68 83 19 67 17 13 46 82 8 86 53 18 76 62 83 75 77 33 71 17 18 27 88 88 66 85
28 63 89 80 29 31 5 29 99 94 60 21 51 51 43 38 95 61 35 69 3 48 43 97 16 22 94 92 95 10 15 24 25 33 58 85 36 61 65 57 60 95 91 57 35 96 31 66 61 80 52 6 56 66 83 55 51 5 98 92 6 87 48 76 81 71 22 7 92 85 76 56 31 3 42 43 25 84 84 98 59 79 44 47 6 89 19 36 84 100 87 47
19 56 24 59 62 34 67 39 14 70 87 25 68 53 62 33 55 48 7 43 48 68 6 34 56 62 3 83 43 12 95 78 67 5 28 42 90 53 31 35 23 77 13 83 38 58 73 78 91 40 99 95 77 28 10 38 84 25 41 87 75 91 5 67 22 17 42 42 38 65 58 84 46 22 94 64 66 37 46 94 74 35 20 95 78 54 8 99 28 73 43 26
81 61 38 67 87 65 5 25 66 82 71 42 10 12 34 83 33 15 94 100 76 1 95 68 71 75 29 53 37 23 9 87 17 49 68 94 7 77 89 41 54 55 38 62 46 79 98 40 1 60 43 46 45 32 7 53 64 34 80 3 94 54 97 78 87 28 38 97 95 40 91 84 2 77 39 62 55 76 46 46 50 43 28 43 93 73 100 69 80 41 82 19
17 67 1 19 55 5 44 54 33 30 5 4 93 83 99 28 9 19 96 67 90 81 66 75 3 67 83 58 69 16 62 100 96 17 4 14 64 69 23 15 73 84 18 60 4 14 21 10 48 75 66 78 39 61 16 86 64 7 91 71 93 57 96 15 24 21 87 51 84 76 22 91 5 94 79 32 91 49 17 58 47 73 99 76 43 80 82 89 100 16 52 44
41 61 72 26 61 19 56 30 65 93 69 57 87 7 66 12 34 45 15 19 24 96 100 35 64 73 80 26 3 72 59 93 49 75 87 34 39 38 49 3 48 25 68 27 81 32 50 8 65 98 84 41 57 53 35 48 19 17 71 74 5 75 98 86 8 12 84 67 62 35 62 2 93 55 36 8 17 64 32 12 35 11 8 3 71 44 66 55 7 31 26 41
37 19 16 71 100 63 84 22 65 85 86 76 43 4 37 8 64 60 7 64 50 61 77 51 18 56 17 80 22 72 65 36 37 53 22 80 87 94 17 25 57 57 77 23 100 99 73 67 93 95 31 52 32 99 97 28 93 5 70 96 2 8 13 29 75 52 54 93 86 73 97 6 82 10 15 88 46 77 30 25 46 74 56 16 94 18 19 78 58 61 71 21
76 74 13 62 96 45 43 6 5 49 12 87 88 61 77 36 22 13 3 18 65 89 27 8 67 49 36 9 11 17 64 29 28 87 13 37 11 55 49 31 63 74 60 30 59 82 34 41 20 92 33 86 99 91 51 33 1 33 86 29 89 96 79 2 26 34 46 92 2 28 29 61 10 39 87 89 14 72 18 1 47 6 38 29 96 21 32 5 34 49 55 11
64 3 50 10 21 8 51 94 55 32 30 70 4 81 16 22 79 83 26 55 73 86 48 51 12 42 67 61 55 86 39 61 76 41 69 36 91 12 80 79 91 28 64 88 98 39 48 84 44 97 44 62 12 69 39 85 2 11 79 50 8 72 9 16 4 100 86 12 94 55 98 46 2 68 4 49 28 30 62 95 74 47 91 96 69 70 30 29 92 75 24 2
89 42 85 81 30 60 51 53 79 21 11 29 48 91 17 15 49 41 50 75 1 96 44 80 68 42 85 84 12 35 15 67 82 73 95 90 36 94 71 57 14 33 78 91 61 98 99 88 7 5 13 8 28 26 45 18 53 12 12 47 95 87 95 40 22 80 48 13 79 98 87 35 50 24 92 96 8 76 7 90 96 58 97 46 60 77 61 30 87 49 68 12
77 82 36 33 66 24 31 48 14 91 30 51 29 29 31 40 26 74 24 24 65 75 29 73 42 50 21 88 52 29 15 45 61 61 71 5 54 32 40 97 3 18 24 81 9 29 50 20 23 95 66 42 50 45 78 69 48 33 84 40 86 99 32 5 25 91 91 2 18 45 84 23 8 78 61 18 71 11 81 94 75 100 74 44 39 91 58 50 30 5 2 90
78 51 40 84 11 61 88 15 38 11 17 89 99 32 90 4 47 68 69 87 62 41 14 14 8 82 96 97 38 70 87 87 3 15 73 9 4 86 42 20 81 13 38 61 42 60 22 96 57 100 69 27 67 61 89 84 84 21 96 52 94 90 52 29 91 28 42 38 88 35 2 37 5 80 56 98 9 37 29 34 4 50 14 71 44 25 88 70 84 25 7 96
56 83 64 29 24 5 36 62 15 71 39 42 16 79 93 96 14 92 48 75 49 66 50 73 47 24 65 100 40 82 56 6 50 89 55 20 72 27 22 1 44 15 54 88 75 19 16 47 67 12 38 21 4 5 99 91 36 7 35 22 40 87 47 56 8 45 54 12 53 25 12 79 37 7 9 77 29 83 34 75 18 41 59 26 1 63 65 43 73 77 10 29
60 76 33 56 32 70 12 67 11 97 98 48 88 82 98 30 48 60 37 8 17 85 96 60 56 11 90 19 25 31 27 31 59 58 41 45 57 81 81 95 76 84 81 29 34 97 37 84 82 13 28 66 53 34 60 41 9 26 36 70 59 88 85 89 50 53 75 30 22 82 38 22 59 69 8 72 42 67 40 85 8 15 48 6 85 4 95 100 83 96 2 12
12 25 80 12 69 85 56 49 72 68 54 55 95 72 4 94 54 65 17 35 50 10 23 82 43 4 38 57 55 12 37 96 28 10 33 54 100 16 78 73 87 92 65 18 5 59 3 48 12 86 4 48 24 17 88 47 21 97 84 39 57 38 100 72 51 66 63 57 51 89 84 38 83 29 63 51 97 31 23 44 29 51 31 90 94 61 55 22 24 41 61 96
73 19 27 55 61 10 14 76 13 50 55 12 11 16 9 41 30 67 20 67 21 36 92 71 79 77 17 57 20 45 21 23 71 67 98 57 9 81 27 46 100 83 25 63 29 9 18 26 18 17 100 62 40 44 43 89 20 6 9 2 17 15 17 32 10 37 42 58 48 76 37 57 78 54 69 91 27 23 71 94 95 41 45 8 42 99 30 87 41 27 11 8
59 43 56 51 31 26 62 3 38 15 40 76 32 60 72 96 2 30 7 11 78 72 47 48 18 19 67 93 90 65 16 54 93 49 11 89 98 69 75 2 3 77 28 55 2 79 64 7 17 27 98 94 43 50 12 60 65 73 89 79 63 48 27 22 68 4 81 4 95 43 8 32 7 94 54 58 43 27 59 22 10 2 40 11 82 86 90 87 80 96 33 73
11 11 28 59 72 44 94 37 22 68 33 1 49 95 65 37 37 96 41 2 83 98 58 42 39 73 76 69 28 74 58 79 76 35 75 9 61 90 74 44 2 99 66 50 34 96 38 88 46 81 8 44 46 16 7 88 81 34 75 46 52 51 56 89 12 67 77 84 27 90 6 66 45 36 36 17 66 36 8 59 23 54 74 38 41 84 67 59 25 10 38 58
23 64 75 71 100 36 81 24 65 15 33 89 45 53 18 76 89 80 75 10 72 60 27 46 17 16 15 53 43 41 61 9 52 73 32 82 67 5 16 41 76 58 31 83 83 95 28 97 47 51 99 90 48 87 97 26 89 19 90 12 63 78 84 3 20 93 98 88 67 15 21 75 60 6 1 66 94 85 63 50 24 26 69 89 33 94 66 68 47 91 24 66
93 77 92 76 11 1 9 42 2 45 12 66 57 68 74 8 68 49 29 38 35 9 32 85 85 82 22 27 13 21 78 54 64 7 16 96 77 60 30 13 97 52 17 18 75 11 74 60 11 23 81 61 5 59 68 68 93 58 99 27 80 52 7 35 62 4 64 32 9 59 52 47 60 28 13 72 25 92 22 17 84 16 48 18 58 28 82 80 89 71 11 19
44 89 95 83 57 15 21 82 33 77 27 78 23 44 15 94 57 59 64 97 67 43 40 11 54 58 77 43 32 44 13 25 73 23 55 89 6 61 54 44 79 19 40 52 2 9 87 58 85 51 79 31 28 66 8 3 92 46 45 63 64 6 10 64 34 39 26 89 52 2 35 84 44 45 30 99 64 6 38 94 66 28 100 63 87 78 53 58 6 83 11 27
15 29 81 84 1 12 76 3 93 73 21 64 100 38 37 66 66 60 87 72 56 48 97 21 83 85 82 73 98 47 94 38 66 56 50 37 48 7 69 3 79 82 11 78 50 42 94 45 52 34 30 90 82 84 93 85 9 35 19 6 77 10 74 82 21 40 21 40 88 12 62 73 11 78 45 24 4 91 59 48 50 1 44 14 10 39 81 79 81 80 60 54
87 33 91 58 100 72 43 3 37 74 6 45 13 21 16 25 40 70 91 31 8 9 48 7 2 71 39 80 95 79 86 9 72 68 50 86 47 85 7 43 10 98 85 40 29 38 87 8 7 98 35 70 93 41 42 65 99 60 49 10 71 100 16 96 51 90 46 62 21 54 17 5 33 43 72 52 87 2 70 31 21 9 41 89 63 94 2 84 5 83 51 10
49 52 18 73 41 99 40 34 39 92 26 31 60 94 38 98 34 56 90 85 37 99 80 92 56 99 49 24 95 68 76 37 52 51 5 61 34 21 19 34 1 55 89 34 20 94 16 7 7 89 77 58 81 89 21 35 69 69 50 45 51 2 88 25 61 52 100 85 54 33 63 75 95 70 82 91 77 76 28 57 94 60 14 6 79 87 90 22 81 83 82 7
87 66 11 64 40 52 35 64 65 10 84 15 29 73 86 41 98 64 68 78 71 34 22 81 28 60 49 38 94 98 68 98 88 91 29 20 73 22 27 17 62 46 87 67 94 77 64 23 21 37 48 44 98 55 71 4 28 32 82 17 94 45 8 10 10 6 91 47 99 7 31 98 19 93 3 56 7 30 88 47 84 67 46 17 90 2 40 25 51 53 67 12
22 29 14 99 45 94 73 12 75 58 83 58 2 64 28 24 68 91 11 84 32 83 36 4 80 32 21 29 1 93 82 20 38 94 11 86 20 96 73 94 46 68 64 13 56 91 19 29 61 25 92 2 45 5 17 61 24 8 51 33 89 48 63 91 22 59 98 89 100 76 93 95 42 5 64 78 25 65 59 41 62 72 75 73 71 9 18 27 94 67 77 83
60 39 40 55 6 17 91 29 54 89 92 94 79 40 90 35 88 71 92 86 94 43 76 97 29 61 30 92 86 84 91 29 30 77 75 91 77 67 79 91 84 47 23 87 63 89 87 99 99 44 27 99 7 26 28 10 9 88 69 59 12 48 98 49 87 64 87 95 40 86 65 58 98 56 1 86 48 42 85 83 8 85 31 99 63 18 38 12 37 36 83 48
3 15 13 57 51 57 93 78 87 85 97 45 74 5 38 51 12 24 51 29 76 45 68 24 15 51 59 99 74 45 45 27 16 52 96 95 13 6 36 66 98 89 68 2 90 17 38 58 85 10 69 82 27 69 62 89 71 68 89 39 20 45 26 81 87 31 52 9 38 51 56 2 5 94 13 76 99 30 34 100 48 6 36 18 92 61 34 62 18 86 38 60
74 89 23 40 12 34 64 6 54 55 86 10 59 67 48 78 85 44 89 51 4 32 87 46 37 44 63 59 6 97 62 91 42 24 26 89 66 82 60 62 65 39 52 30 98 88 1 22 40 16 24 32 43 77 7 40 32 3 94 76 97 28 56 94 66 47 25 25 51 70 80 81 7 51 49 18 80 75 41 51 88 58 57 52 39 77 58 73 50 77 94 30
8 51 100 63 55 53 100 26 85 100 41 39 87 90 22 79 50 17 87 9 92 9 2 29 21 35 46 50 99 31 31 79 79 47 14 56 25 92 93 58 5 16 38 72 19 16 89 31 71 49 32 36 18 98 99 69 5 32 91 10 59 52 97 4 33 36 66 31 60 36 10 95 71 35 80 84 13 15 21 79 29 77 47 77 68 8 14 22 91 23 19 52
77 89 81 65 80 41 1 47 11 82 51 67 26 49 50 79 22 24 54 8 58 13 84 34 79 16 81 90 34 1 40 50 75 41 66 71 50 67 75 91 3 54 42 80 36 53 80 57 29 46 53 16 51 14 39 80 94 21 55 23 76 69 73 3 3 38 28 80 28 85 22 53 64 95 41 60 51 56 42 19 96 98 9 21 84 40 17 55 59 84 25 55
