334
28 72
79 31 91 30 6 28 22 62 73 92 99 35 68 34 7 8 76 70 55 41 5 32 69 33 33 35 67 87 16 73 67 46 32 55 56 9 84 91 80 23 24 16 6 74 54 2 58 47 56 27 83 49 37 42 69 55 25 25 35 64 53 88 6 67 70 44 10 100 96 57 89 15
74 47 10 75 1 14 31 84 26 13 38 73 91 37 4 45 8 31 71 70 46 7 90 30 17 45 75 62 47 4 40 32 80 77 25 53 19 94 56 55 92 92 50 67 12 38 65 15 34 11 51 34 100 42 66 16 33 39 60 55 55 97 29 6 61 2 55 53 5 46 34 45
32 100 11 57 26 53 53 89 27 98 42 47 65 28 91 11 42 78 36 32 90 19 30 83 4 53 97 45 36 33 8 49 85 4 2 59 79 45 76 36 4 92 33 29 78 86 97 86 1 86 60 4 71 44 49 21 63 100 2 63 70 1 63 7 91 14 27 47 30 28 49 35
51 29 7 25 88 57 19 50 64 19 19 79 61 62 74 23 53 81 47 67 16 16 90 36 53 4 81 63 18 68 61 79 17 49 69 78 29 67 69 61 20 5 51 29 46 82 98 2 94 69 36 47 99 98 22 98 77 55 17 6 1 54 7 2 87 27 82 92 15 60 68 54
90 43 88 51 57 4 21 85 97 44 24 21 90 21 30 68 66 82 78 73 54 26 92 86 7 44 67 64 76 38 40 41 92 34 51 4 74 44 82 40 48 85 60 1 12 12 27 31 20 7 33 87 61 12 27 59 27 16 100 21 94 87 20 15 43 82 88 9 93 6 29 15
26 78 51 25 35 82 69 85 43 16 37 64 30 23 29 23 25 95 84 83 64 13 49 11 64 95 66 81 26 77 52 39 76 9 26 31 46 96 15 37 99 2 8 84 45 61 58 92 15 37 7 67 94 74 7 77 66 48 14 64 33 70 12 47 76 35 72 14 81 42 34 7
20 61 15 24 74 44 45 30 39 65 91 84 80 82 49 70 100 23 83 62 58 81 80 24 71 84 2 99 56 24 1 28 7 25 24 51 1 13 30 71 75 44 37 70 29 71 39 96 80 70 14 44 25 58 66 97 69 51 84 73 38 33 33 7 18 62 55 98 95 59 63 69
66 2 12 93 68 24 14 70 85 74 7 37 75 5 86 2 15 38 9 16 78 83 21 33 54 75 83 19 2 64 29 15 52 43 2 50 2 80 50 49 59 59 17 30 66 9 33 59 79 79 62 36 37 36 62 4 40 73 13 41 87 22 59 18 73 71 87 96 52 96 98 75
82 84 92 41 67 48 39 97 2 47 82 38 32 45 59 98 2 68 36 73 31 23 87 93 69 93 68 16 58 84 51 63 94 79 2 16 3 80 43 19 57 86 34 21 23 14 61 39 2 40 33 61 60 37 89 36 12 87 73 88 40 8 8 6 39 42 8 95 40 90 26 13
15 72 5 46 90 98 52 89 30 5 48 8 88 20 18 55 70 31 17 54 66 51 74 79 25 42 65 80 68 46 75 40 11 56 76 31 58 79 91 62 44 18 8 82 41 86 30 3 15 46 8 50 57 50 65 62 24 51 78 1 18 99 51 42 15 24 83 62 5 83 47 50
99 37 70 43 61 66 56 75 47 47 80 38 43 66 100 87 9 45 50 17 41 94 21 38 94 62 17 51 89 95 95 83 51 52 77 80 7 43 68 79 67 96 19 12 10 37 7 59 18 99 39 49 3 24 98 57 16 95 98 100 48 51 16 43 51 60 1 77 51 22 48 68
9 15 37 24 88 95 23 65 52 31 89 8 87 35 30 9 12 19 99 47 8 43 66 53 57 97 100 12 17 27 82 41 3 69 7 88 91 90 24 65 84 91 78 6 89 95 8 81 48 29 88 52 39 78 8 82 84 94 60 59 9 33 30 6 15 90 88 82 50 24 93 4
80 32 95 80 21 58 29 6 20 63 53 5 63 85 46 44 84 28 53 85 14 6 93 84 7 46 34 78 9 87 55 65 74 45 98 28 11 30 64 23 58 55 72 92 83 49 57 98 74 72 12 23 71 60 14 74 73 45 82 38 95 21 74 12 64 24 63 45 39 37 94 56
55 14 52 60 83 4 61 45 68 72 93 59 61 100 42 52 11 26 34 92 54 86 89 90 84 67 58 84 61 93 38 37 7 48 19 50 99 38 49 35 47 76 75 16 21 82 69 7 12 3 14 27 41 68 44 18 97 40 5 63 89 63 89 43 6 72 25 97 47 61 22 59
59 2 95 7 99 82 22 38 68 90 1 96 100 66 96 60 31 45 23 61 11 34 82 97 77 36 47 33 59 99 19 89 17 40 48 6 27 60 42 25 70 4 68 41 87 35 69 92 50 22 18 82 36 44 58 31 78 58 17 50 15 69 21 42 31 12 19 52 22 67 72 89
76 100 75 5 74 16 66 39 46 81 87 63 50 51 33 26 98 95 26 69 47 71 84 77 11 80 83 9 10 4 33 96 9 36 41 85 50 5 28 64 15 68 81 63 27 68 30 37 26 39 87 37 35 93 35 98 67 8 73 70 73 95 85 29 89 6 42 47 49 82 38 48
45 65 48 42 17 59 46 32 49 54 8 67 71 43 79 58 73 30 12 58 37 12 59 9 5 7 48 14 60 46 85 10 64 90 58 85 26 44 16 24 54 35 80 61 68 80 23 16 3 17 81 85 12 51 31 38 7 39 12 38 84 86 1 18 60 32 33 71 68 58 21 4
59 20 27 21 16 86 20 12 31 40 52 100 93 91 50 63 48 6 53 100 3 43 21 84 21 50 25 76 81 63 13 8 51 47 90 7 93 27 61 99 60 44 20 6 83 70 72 76 44 79 40 75 19 75 25 33 72 38 75 69 44 65 14 17 78 57 37 73 53 56 11 4
62 9 38 71 44 74 24 46 48 72 72 99 78 62 66 32 95 94 15 81 57 97 95 53 88 93 59 73 38 12 41 35 41 51 81 55 47 8 79 88 6 27 67 5 46 38 68 93 80 19 32 72 32 43 62 91 65 73 73 19 3 89 68 44 29 21 18 51 80 67 13 26
32 61 69 52 1 89 66 77 9 85 38 62 33 38 28 76 21 43 50 49 83 33 76 96 30 77 41 42 47 65 45 1 72 94 15 92 73 53 1 51 100 64 39 100 72 8 16 2 36 29 55 65 100 9 60 98 8 77 61 9 100 68 31 24 8 13 61 78 73 24 21 63
35 68 92 65 41 27 55 8 54 17 39 98 57 37 89 71 31 82 54 91 7 97 8 91 47 12 90 84 25 78 13 6 96 76 52 26 52 92 48 6 19 35 83 41 2 89 70 77 95 91 49 92 88 56 80 7 68 85 75 85 41 85 41 83 98 73 57 18 29 87 4 29
7 81 55 77 71 88 56 62 97 6 66 8 8 5 94 55 45 29 15 78 77 92 42 74 85 43 7 1 80 79 43 44 95 86 78 54 12 48 2 46 99 97 16 100 81 24 7 63 21 48 63 61 41 6 92 75 36 78 59 99 62 58 88 72 89 21 73 48 89 99 5 28
30 42 68 19 40 76 78 35 36 78 99 21 53 84 10 91 97 2 93 97 45 66 39 39 95 91 43 64 82 26 4 16 51 15 46 49 98 82 12 92 62 26 22 78 53 38 21 69 43 78 80 38 19 32 1 19 51 40 21 1 87 1 12 34 84 97 1 31 81 46 16 93
35 37 28 77 94 32 24 6 83 39 81 98 86 4 22 64 63 12 94 84 17 11 13 50 59 7 5 72 71 28 43 15 63 59 66 93 46 49 92 5 91 21 15 46 32 82 21 68 65 22 75 67 30 38 2 73 63 31 23 36 26 4 17 41 78 40 44 27 58 94 5 86
40 28 59 45 91 90 95 41 63 23 35 36 3 76 80 95 51 91 11 52 88 37 69 35 85 36 93 77 35 24 18 41 2 36 44 19 81 99 12 34 56 4 99 35 29 10 86 82 49 16 44 75 16 48 4 37 82 35 70 1 55 81 91 15 49 88 63 88 1 6 79 12
44 87 51 34 46 8 5 80 8 2 95 89 50 73 69 36 70 96 87 87 52 61 61 55 86 34 96 33 99 23 48 50 59 68 34 35 80 62 25 80 48 81 23 39 45 36 17 27 14 16 47 81 40 50 72 93 11 56 82 66 71 86 76 100 33 13 13 2 66 79 41 19
21 88 77 63 75 13 43 54 44 95 10 93 49 14 71 70 30 11 17 21 97 47 95 94 62 88 43 89 27 25 57 8 79 97 32 100 91 68 16 38 58 69 61 62 90 79 19 5 41 87 87 32 73 77 8 77 10 63 37 50 65 46 86 7 70 50 89 11 97 84 76 78
82 74 44 21 59 51 12 62 10 79 69 58 43 73 96 36 5 12 35 64 67 79 12 52 10 92 100 86 14 98 6 82 14 21 22 61 96 26 89 18 36 85 66 55 31 79 10 36 39 79 28 40 33 11 62 92 16 71 48 12 72 66 31 7 45 55 88 6 28 54 62 92
