475
11 97
27 75 11 27 75 5 92 31 96 14 19 94 45 80 53 95 1 65 39 51 63 19 44 84 75 44 14 37 11 77 56 73 72 85 78 81 31 15 93 47 16 79 73 28 44 96 20 20 68 92 84 29 53 8 56 89 70 32 67 52 34 85 14 85 95 87 99 35 22 85 17 15 84 54 62 57 52 11 35 100 26 67 23 10 15 42 54 15 50 81 7 100 27 44 8 84 98
32 5 82 61 100 3 73 42 43 99 3 19 4 78 56 11 37 70 75 26 56 86 50 39 11 78 83 45 73 42 85 19 66 56 28 49 51 4 28 64 41 23 44 11 68 41 2 63 43 67 61 8 94 73 19 1 27 49 48 69 97 96 42 99 54 9 67 39 3 15 16 99 69 34 35 85 30 29 91 25 48 50 14 9 46 86 72 31 29 51 27 95 16 95 2 82 22
15 69 70 27 76 41 94 2 60 16 77 27 53 36 10 37 17 32 63 33 69 95 98 72 76 68 39 37 78 13 83 86 86 24 37 72 40 3 3 9 58 75 19 70 73 19 2 54 62 94 88 26 15 74 74 32 12 99 73 9 90 23 88 85 63 35 83 90 69 38 48 46 47 16 86 44 94 86 17 2 73 96 58 62 91 59 99 50 76 32 52 87 26 76 15 48 45
89 77 44 73 46 22 28 40 59 47 9 99 15 46 6 96 13 31 60 13 32 48 18 43 95 53 32 90 20 21 31 32 88 35 67 40 91 53 95 44 4 23 96 12 52 47 13 45 75 19 38 74 43 71 20 86 64 40 47 98 96 34 9 12 51 97 2 97 5 41 44 95 71 52 78 74 72 82 31 23 57 88 28 9 3 82 31 4 63 61 77 11 82 17 86 74 42
54 34 24 85 18 27 89 24 58 38 31 19 48 58 67 15 57 99 34 28 70 83 93 68 52 5 100 51 36 87 65 13 20 82 73 25 23 23 87 80 91 61 50 33 49 48 67 57 61 95 42 94 55 33 73 68 68 24 49 80 61 28 94 92 89 15 77 54 97 33 8 69 13 10 32 54 53 45 18 71 61 67 72 13 32 61 33 69 19 66 55 71 65 84 96 95 82
69 47 1 52 49 68 72 10 22 31 54 35 86 33 30 1 8 40 61 63 38 48 24 67 2 89 34 56 52 39 83 3 23 71 88 36 53 76 50 88 72 74 73 41 31 62 52 77 81 38 46 46 25 26 38 25 81 71 71 14 87 15 2 7 29 82 9 97 88 3 82 71 77 70 47 81 95 76 42 40 63 75 44 18 41 4 62 96 22 62 52 86 2 13 77 8 48
59 55 90 16 49 59 37 97 1 12 76 87 79 17 95 98 34 27 83 63 45 31 34 54 37 12 26 65 48 53 100 48 58 45 73 26 43 59 52 95 1 36 9 38 68 43 99 41 43 35 49 90 5 95 81 12 48 86 88 3 32 20 68 69 48 5 4 61 4 73 98 76 42 87 74 37 2 38 26 20 75 5 95 79 40 21 63 5 92 8 29 68 6 52 16 25 71
54 80 94 84 8 81 87 11 98 93 63 33 32 8 5 17 39 2 46 63 57 62 85 80 9 44 2 1 39 32 43 90 12 32 48 96 86 22 17 40 67 31 21 10 75 63 37 30 42 55 62 18 30 10 39 96 89 67 34 81 55 59 49 2 63 66 76 78 46 100 89 37 92 88 71 76 93 57 3 56 15 8 55 39 58 29 100 4 76 60 23 35 83 94 47 57 59
20 17 1 8 13 8 23 35 32 96 35 68 48 56 81 25 49 47 96 32 57 7 85 34 33 15 50 63 86 83 46 84 67 72 58 8 75 50 29 26 35 72 52 27 10 31 36 3 8 47 80 33 56 5 90 91 88 46 38 78 36 74 5 18 23 29 43 98 91 94 67 92 72 1 89 78 71 66 98 15 15 58 79 83 72 45 52 76 70 45 39 98 67 14 83 10 100
67 39 47 49 100 57 92 89 36 1 13 17 37 50 92 35 2 78 59 2 92 81 11 26 64 58 38 54 35 71 6 18 91 62 69 25 98 68 88 32 92 37 76 47 69 28 29 40 63 88 53 33 10 35 57 6 78 26 30 92 77 42 51 96 28 21 97 15 57 75 35 21 75 11 87 48 86 73 56 2 14 82 38 71 42 14 39 96 19 100 90 62 55 10 26 96 95
51 11 2 92 3 25 78 77 26 22 97 23 40 32 97 19 26 100 42 68 60 43 17 81 3 15 64 89 69 5 40 35 53 76 19 52 19 78 58 19 54 65 54 89 29 85 36 65 50 80 23 81 99 95 65 41 15 15 22 76 59 66 96 49 17 2 58 100 67 18 56 45 88 57 99 99 16 7 37 97 14 63 46 9 31 81 100 42 12 19 8 52 62 15 98 93 33
