380
87 32
22 25 47 49 50 84 40 36 32 86 86 41 50 26 37 81 27 54 59 89 16 24 42 13 86 47 57 23 40 29 45 2
51 98 53 77 60 54 6 8 6 36 30 17 66 69 85 66 27 23 70 14 85 24 28 5 48 93 60 82 4 66 88 60
4 85 76 94 67 51 16 82 58 5 55 83 92 90 95 71 71 81 24 53 27 22 93 52 12 86 40 99 23 11 21 57
24 88 79 80 55 12 82 74 32 56 24 33 77 4 85 4 94 47 52 33 42 98 81 40 97 25 20 31 48 3 7 60
41 43 31 48 11 31 47 81 24 62 49 58 73 13 33 89 17 81 67 50 6 27 32 46 41 19 32 39 64 78 71 14
33 67 14 40 60 28 47 85 13 34 55 14 35 13 46 30 80 53 20 32 59 37 15 59 38 84 57 77 95 94 36 84
69 15 23 70 30 11 14 84 4 57 73 57 53 89 92 51 47 36 79 71 80 17 25 81 97 75 82 67 1 96 14 50
5 48 30 76 17 11 41 88 85 27 83 43 21 21 100 21 98 81 56 59 86 79 86 34 86 57 43 63 42 91 17 4
80 70 84 4 57 20 51 59 96 7 9 24 36 4 93 90 33 10 72 88 62 90 83 52 21 65 21 87 17 73 50 27
56 24 47 24 85 51 24 39 33 73 20 88 66 67 92 63 71 19 94 46 97 79 63 21 73 12 71 22 96 62 44 41
79 59 26 46 43 44 5 90 43 42 95 52 47 21 75 57 21 81 3 57 82 94 66 8 36 17 97 87 49 35 63 24
82 2 70 5 73 26 68 51 96 34 26 66 19 7 20 70 43 40 85 10 12 74 65 60 84 5 12 32 85 60 28 30
85 50 45 73 88 50 12 13 42 12 50 47 57 88 63 84 49 47 46 55 18 87 23 11 82 44 75 72 48 28 90 69
96 11 22 54 71 91 98 82 90 81 14 44 74 49 66 30 38 31 30 14 1 86 64 40 82 73 90 23 85 88 61 27
38 28 54 48 8 86 52 81 67 17 10 71 22 1 91 87 32 23 95 37 33 51 44 43 51 73 37 97 50 79 82 42
61 57 72 23 21 58 57 78 55 39 43 74 17 82 93 17 1 32 11 42 86 85 12 100 15 67 45 42 25 30 87 1
95 59 84 79 35 88 94 61 84 39 28 31 83 13 53 99 6 5 26 43 71 49 79 3 16 16 49 34 39 64 7 40
93 70 42 48 14 16 2 30 75 82 25 88 11 12 82 25 91 99 98 90 70 26 82 28 51 91 34 86 48 90 31 7
58 97 47 62 22 5 85 38 100 44 39 88 62 51 52 3 56 74 29 30 65 25 87 3 36 1 58 4 51 12 49 38
52 57 38 50 27 76 39 83 87 68 21 39 68 30 63 93 16 69 38 43 9 46 24 33 39 66 63 33 14 53 4 49
17 41 71 42 100 72 25 14 48 47 63 49 65 99 44 67 80 60 82 73 58 12 49 76 15 41 97 46 39 98 77 68
86 46 79 31 50 62 94 64 78 72 6 25 89 73 50 13 36 33 100 64 3 67 45 69 41 94 22 81 99 54 66 79
11 44 5 46 54 37 30 43 34 80 68 41 15 54 2 71 32 9 8 60 78 53 24 1 45 30 12 80 38 18 42 74
28 46 5 77 25 14 74 80 84 82 43 1 21 34 43 93 28 27 35 69 45 59 62 42 43 29 87 77 32 13 94 1
61 5 44 18 82 1 33 56 56 27 7 7 53 31 81 84 12 21 51 99 73 44 60 78 35 46 5 78 32 16 12 53
21 16 69 92 43 61 71 62 26 75 11 96 28 18 52 26 83 7 74 90 2 45 80 76 9 74 44 18 56 31 79 72
6 43 68 54 2 14 17 41 25 21 83 4 65 62 53 88 2 74 68 82 72 65 17 51 40 17 55 96 26 85 39 16
98 32 10 26 81 42 26 51 38 6 67 63 90 48 43 51 45 82 72 44 62 94 88 73 21 50 35 14 31 94 33 59
34 61 6 31 45 78 14 99 1 9 48 42 61 27 74 50 8 66 70 14 54 12 7 89 68 89 95 71 35 35 92 91
69 54 48 53 62 17 61 73 74 51 25 71 8 65 63 28 38 2 26 93 30 60 53 27 45 59 51 99 1 72 80 51
49 8 72 76 31 9 8 81 65 59 6 48 29 58 85 51 9 76 81 18 79 66 27 35 76 24 72 26 63 60 22 58
68 27 23 88 93 26 54 7 38 34 12 35 60 91 76 30 7 10 54 56 92 49 64 41 64 55 64 16 59 16 32 18
75 86 60 69 25 5 64 23 76 52 74 30 75 4 4 92 9 36 9 70 63 54 88 89 38 33 17 97 62 40 29 14
6 73 88 35 69 98 61 45 16 96 4 24 12 32 62 15 11 59 22 94 86 48 23 39 42 41 31 98 16 95 82 14
17 46 54 3 41 84 65 9 46 55 23 12 21 96 73 90 93 59 14 59 99 56 18 99 44 76 49 9 100 33 65 2
47 38 82 15 95 3 88 31 10 60 30 20 80 11 54 25 90 55 49 92 36 62 84 26 96 6 27 55 32 95 73 42
62 56 12 88 17 81 43 44 3 15 37 7 42 82 16 44 59 75 5 91 1 69 30 94 69 2 29 97 30 17 67 18
72 14 93 31 33 3 97 58 7 34 100 93 26 37 31 20 72 20 68 15 40 77 86 92 25 48 72 53 51 86 97 90
82 100 16 86 1 12 82 74 92 67 20 70 58 95 35 71 93 66 73 24 31 72 50 57 38 2 75 17 87 19 49 74
44 11 57 99 53 74 59 37 11 42 76 58 32 64 57 70 34 61 97 78 24 99 46 75 9 25 74 71 34 19 67 63
33 15 97 76 91 77 15 73 40 92 25 13 45 45 20 69 31 28 94 34 69 61 92 84 21 24 50 73 23 83 18 67
43 55 31 59 18 70 66 60 6 25 2 51 29 98 12 37 35 31 34 46 55 16 70 67 48 72 26 6 24 63 38 79
20 16 31 19 73 93 57 57 27 56 87 93 24 2 78 56 87 75 29 7 41 80 19 23 12 60 70 21 39 70 55 8
65 89 17 28 1 5 59 71 65 74 4 89 33 30 61 28 15 4 66 1 57 30 44 70 58 10 30 36 13 5 90 76
98 39 50 57 46 27 40 28 45 42 58 20 34 46 97 31 31 37 17 85 97 61 8 39 50 90 99 66 21 91 62 93
91 6 6 76 60 34 97 31 39 97 28 71 73 1 51 67 2 66 58 9 98 31 71 10 72 74 12 59 81 44 15 10
71 1 35 20 26 95 16 4 75 82 74 20 99 7 50 11 14 61 50 59 64 49 22 79 28 43 86 95 39 6 57 66
52 80 67 57 70 34 52 83 32 50 1 49 32 65 46 94 73 60 28 17 35 21 39 58 5 51 80 54 53 3 57 15
64 4 13 19 14 66 82 20 44 93 56 68 59 67 92 94 36 11 72 69 87 7 37 7 48 62 30 48 45 91 11 92
60 41 89 7 55 95 16 19 29 42 67 91 6 96 95 38 51 71 42 26 35 59 85 70 21 80 88 86 40 47 41 13
11 66 64 83 92 86 89 96 28 5 71 25 35 25 95 66 50 67 75 71 96 47 17 71 72 12 79 78 37 75 37 14
79 96 77 44 59 27 97 52 100 95 86 46 11 85 92 70 48 5 19 50 22 10 28 19 5 10 10 33 70 66 46 75
38 54 85 87 95 61 69 33 91 36 7 30 2 29 15 90 86 94 100 74 37 34 74 36 40 67 97 92 5 68 41 96
21 5 18 38 39 89 88 4 99 20 71 17 12 37 19 82 57 52 24 87 33 100 40 27 20 15 37 93 51 59 28 21
48 21 22 58 4 2 71 14 78 17 64 79 48 44 25 50 66 71 6 33 73 11 37 81 74 25 1 10 16 64 73 15
87 13 85 8 70 53 28 57 30 38 81 20 55 74 75 83 84 51 43 20 54 63 5 100 50 46 41 45 12 78 68 88
30 33 5 79 20 14 29 11 15 33 63 44 14 48 80 47 90 30 69 88 80 42 49 38 16 97 22 36 22 75 68 1
20 43 96 58 76 16 73 34 43 58 60 55 38 6 73 95 91 23 7 14 91 90 64 62 59 7 15 86 63 27 89 63
55 76 13 39 60 12 57 72 81 47 38 53 86 11 52 96 8 16 82 32 59 39 74 55 88 11 40 94 92 27 43 32
85 7 93 9 33 49 68 48 44 37 5 7 45 20 76 64 53 6 36 83 96 82 100 51 64 18 62 94 31 91 35 18
79 50 11 20 23 96 90 2 5 43 12 15 74 45 65 65 54 28 20 4 17 67 57 29 33 12 56 53 76 30 100 39
60 29 27 60 66 12 36 58 52 50 91 42 70 57 32 78 63 90 62 61 7 97 53 89 95 16 74 3 25 73 34 37
74 73 10 13 61 82 77 51 97 53 50 89 33 48 55 34 47 78 39 60 54 68 92 75 40 62 16 4 12 11 25 99
79 54 38 99 50 13 17 71 35 86 46 14 31 71 73 79 63 82 70 63 46 70 7 83 38 88 91 88 75 57 26 60
60 15 38 98 39 70 16 22 51 25 73 83 36 2 47 72 87 98 51 40 46 8 25 57 51 39 86 83 52 82 53 6
53 40 47 94 9 45 35 86 82 87 14 55 23 72 43 25 47 67 59 53 16 89 35 89 89 2 2 50 87 47 8 40
78 91 11 35 40 13 25 32 13 28 18 57 5 38 80 62 59 100 80 68 90 67 51 87 21 71 81 47 62 4 33 42
78 65 25 1 51 15 67 76 59 11 55 15 62 15 43 91 90 19 81 48 5 58 56 11 30 14 81 99 60 28 55 80
15 37 57 37 64 10 35 50 47 9 36 20 14 72 75 36 97 49 35 53 33 71 51 66 26 4 34 31 64 20 35 2
3 21 60 53 37 83 35 35 56 65 50 96 13 72 84 1 53 60 68 79 17 34 6 74 63 25 18 33 99 35 59 36
43 37 57 63 95 9 63 61 59 100 64 31 18 100 38 42 51 92 43 50 3 2 84 41 54 32 91 27 25 90 9 63
91 50 56 5 6 57 81 74 8 6 90 81 23 68 66 63 42 97 5 94 5 20 73 17 99 90 21 31 1 88 97 77
18 60 6 25 33 47 75 100 47 18 52 66 58 39 91 17 57 93 77 67 44 55 62 8 82 34 86 3 29 58 93 55
54 46 2 26 82 62 29 85 36 8 87 38 56 74 1 70 51 15 59 25 8 68 62 28 74 77 12 58 43 88 64 90
77 57 84 83 27 38 53 20 22 93 6 50 89 20 41 7 65 65 31 93 89 42 81 47 33 38 66 16 80 53 3 56
56 52 69 34 77 72 21 80 75 97 2 84 60 82 54 61 91 56 14 89 46 18 23 48 69 42 97 92 84 21 68 79
43 28 87 50 44 16 64 55 13 79 77 25 82 23 76 15 77 39 79 2 12 28 53 59 47 89 64 36 63 17 73 97
78 92 45 67 80 81 47 84 45 44 45 54 68 96 72 96 87 74 70 17 24 59 63 64 83 86 35 63 69 57 1 32
20 25 28 53 68 100 25 23 62 72 34 85 32 81 1 54 8 95 80 52 48 23 7 23 80 82 26 53 81 12 89 55
51 47 34 76 66 97 50 8 82 9 78 32 58 9 19 16 81 76 12 57 60 26 67 16 64 64 30 86 56 47 75 86
65 17 38 4 32 55 66 59 67 86 95 38 40 41 7 25 62 97 78 83 6 57 54 3 41 29 18 39 50 82 86 24
19 72 93 65 27 78 18 12 38 33 45 50 33 92 76 43 99 47 39 9 28 7 72 28 44 12 7 90 91 28 83 59
48 87 61 95 19 64 73 83 3 91 98 10 64 35 98 45 56 57 30 17 47 46 22 47 21 90 24 80 75 53 17 54
14 11 56 55 39 66 28 73 86 39 72 61 34 1 73 55 84 97 67 54 15 74 99 4 8 82 73 53 1 50 68 25
59 3 62 39 61 62 10 96 67 66 94 43 11 11 30 81 88 8 10 96 20 48 92 20 92 46 6 82 39 3 12 36
48 92 13 45 59 20 71 49 77 35 5 64 30 76 24 44 29 44 32 23 90 48 51 1 18 47 84 73 95 51 22 36
1 50 19 31 10 32 59 49 69 79 88 64 69 33 76 14 80 97 48 11 20 45 90 69 46 23 14 100 46 59 61 19
