188
28 25
29 73 30 35 33 64 4 89 20 90 77 37 48 90 46 88 6 1 44 40 55 62 1 90 72
2 71 22 27 34 76 49 32 71 61 15 97 63 86 13 66 94 54 73 55 96 68 7 78 53
92 66 12 61 78 15 75 85 83 41 5 85 66 46 39 32 54 73 56 45 100 5 32 51 8
17 45 11 98 88 1 60 99 78 16 15 14 48 59 72 92 33 45 65 83 73 65 2 81 22
36 29 44 17 56 19 49 86 58 6 46 3 84 80 80 94 49 44 13 36 73 84 68 37 60
31 22 50 50 19 33 78 73 1 59 60 98 8 78 3 8 23 86 43 66 23 34 99 71 65
14 20 24 51 8 29 4 1 10 80 31 30 55 68 13 76 53 2 44 8 51 69 93 97 31
65 47 12 50 60 80 92 62 27 48 55 24 31 83 64 78 63 39 67 43 92 50 70 70 32
48 93 3 55 20 64 32 76 23 19 100 10 62 43 70 46 46 95 15 100 9 73 27 88 34
10 49 91 19 31 90 2 90 17 32 42 10 28 7 13 19 32 48 96 41 96 52 53 41 14
35 71 4 10 61 35 36 55 9 13 69 7 64 16 72 50 80 18 90 21 46 63 50 23 69
36 19 33 92 83 89 78 22 49 74 29 88 71 94 14 78 45 58 10 81 36 100 15 80 74
4 11 74 11 65 76 32 86 82 64 84 61 7 94 69 53 31 9 51 93 19 47 69 84 93
84 29 53 69 44 20 15 4 30 19 29 3 95 25 15 54 35 83 70 69 58 88 1 33 1
64 16 16 66 42 65 55 73 36 9 4 89 36 80 55 43 81 12 68 96 52 63 41 57 84
51 50 78 10 57 54 51 77 49 84 59 81 33 6 22 34 72 24 50 88 90 100 44 28 49
56 79 73 41 25 69 52 31 15 78 21 26 5 38 43 60 51 70 22 72 17 37 18 3 77
75 87 64 59 30 63 15 28 93 100 74 69 49 23 35 94 98 59 84 83 42 18 36 41 56
20 73 72 59 62 18 39 64 30 35 65 98 27 47 35 68 32 53 78 68 100 6 42 62 81
14 23 39 61 57 71 19 85 68 100 29 36 56 79 29 37 75 29 38 1 36 93 86 54 19
3 66 25 13 43 38 67 9 9 73 70 28 88 49 43 99 40 85 17 50 32 34 44 95 39
12 62 99 79 73 38 44 40 15 8 84 46 50 13 36 69 20 75 45 96 16 11 75 44 97
48 20 55 56 43 15 28 42 97 44 64 43 76 47 61 20 30 66 22 31 2 100 76 52 45
60 100 38 56 55 41 36 15 13 70 53 77 28 75 22 57 98 80 86 12 52 55 47 7 4
8 35 40 49 13 77 52 79 63 17 100 96 6 37 68 29 95 38 75 2 36 71 33 53 56
48 9 24 81 65 59 93 34 60 81 2 9 68 40 41 9 3 17 69 23 2 28 65 74 36
57 44 80 81 18 19 47 20 89 3 84 10 77 90 26 24 38 55 70 27 16 64 58 63 68
84 24 62 55 37 77 17 23 3 50 3 76 65 69 5 18 100 14 15 87 74 4 25 39 45
