891
42 29
45 88 37 18 55 34 55 6 26 90 68 80 70 92 17 19 30 98 37 53 47 59 62 44 98 93 25 56 26
50 87 42 38 3 33 48 17 49 75 6 10 67 77 9 75 16 54 59 36 43 72 78 49 16 83 55 36 17
17 73 40 61 66 50 95 3 78 50 12 54 63 19 64 52 87 8 14 32 66 17 22 37 59 10 76 100 61
96 56 20 20 84 15 24 1 45 87 32 98 32 44 66 97 77 12 32 92 53 88 65 73 26 55 72 51 83
82 65 20 17 61 23 32 73 58 20 79 94 43 95 38 53 20 12 48 51 1 87 34 72 37 82 27 50 92
32 82 83 2 46 16 7 44 37 39 43 10 72 83 30 82 59 59 94 93 64 23 83 67 97 43 12 76 31
80 29 80 66 37 83 70 52 74 57 20 38 44 56 26 84 67 62 81 17 99 56 54 43 60 79 8 35 90
74 94 36 85 66 60 81 81 79 99 77 44 97 66 31 58 18 64 68 14 28 76 59 52 24 100 7 98 56
9 1 66 15 54 34 88 75 27 81 96 83 8 88 83 57 10 11 83 30 24 85 72 40 90 3 56 73 39
35 5 94 13 21 45 36 93 72 7 98 34 99 80 95 21 97 44 38 43 6 98 40 48 70 89 80 72 60
33 62 82 76 49 12 54 21 14 4 22 42 20 52 61 58 12 98 76 97 9 12 42 68 99 19 13 72 13
30 93 71 22 2 17 28 66 35 56 52 77 62 58 17 77 57 39 82 88 69 11 55 96 51 78 14 98 57
45 50 56 48 54 71 6 94 5 66 88 88 36 27 54 9 28 44 20 100 96 83 51 64 6 87 56 66 80
55 55 64 72 8 30 52 39 56 23 22 50 42 15 65 98 52 13 34 98 15 95 75 46 10 95 95 86 18
100 7 95 28 14 69 30 30 11 6 59 19 24 26 91 89 44 30 5 34 39 9 73 39 45 76 30 98 95
30 78 18 14 52 68 99 68 88 61 9 44 72 50 11 41 97 13 82 37 89 77 98 30 26 67 95 45 68
79 16 43 84 88 70 73 58 62 66 87 24 52 52 67 84 37 80 90 81 71 10 91 8 28 74 3 96 4
47 5 19 47 91 79 31 89 99 57 13 2 49 64 99 93 75 57 44 72 34 3 40 98 3 35 65 56 45
55 89 44 99 64 100 10 79 91 61 35 11 10 76 36 67 4 55 17 39 55 26 94 46 93 95 98 39 27
70 21 63 64 19 89 4 94 85 41 100 52 19 86 89 8 45 99 64 61 21 63 19 95 3 100 47 22 82
50 42 29 3 8 69 95 59 50 57 99 52 64 31 80 100 6 26 95 82 20 48 5 77 44 31 19 22 13
29 35 24 6 42 95 82 20 2 93 1 9 31 19 14 30 47 12 26 65 29 43 60 50 56 54 27 15 40
62 33 10 49 92 35 28 21 87 94 90 26 49 56 58 44 87 55 80 84 33 31 50 82 92 47 34 82 46
90 37 53 91 54 63 22 38 9 81 99 24 62 6 6 38 90 63 95 73 95 77 39 77 73 43 45 51 55
71 21 27 76 45 54 76 38 31 93 95 63 8 10 30 79 79 93 22 85 61 57 10 58 46 71 26 93 41
27 86 91 50 22 31 43 48 8 84 45 30 100 5 69 55 36 56 9 14 7 72 46 35 16 99 35 98 32
46 90 47 79 70 41 23 3 9 72 30 58 47 35 38 45 90 15 14 32 92 52 34 92 44 97 34 71 2
23 70 71 83 47 69 65 72 87 57 71 21 99 82 88 61 8 84 23 56 76 14 35 21 7 60 89 42 82
89 30 21 22 58 31 35 99 25 58 26 82 85 99 47 75 100 66 26 95 27 59 58 17 27 91 95 84 64
65 22 96 66 82 82 68 9 48 80 35 73 77 34 86 58 18 83 10 90 1 2 1 76 36 96 87 60 59
30 57 45 17 20 25 41 90 83 65 35 91 45 32 41 54 94 90 21 20 73 26 65 12 85 34 6 2 25
19 1 8 75 3 91 4 20 35 31 66 82 88 69 51 74 51 38 98 4 59 41 29 77 72 12 36 3 70
43 98 79 72 76 88 76 5 51 42 22 19 92 30 9 50 99 84 59 7 75 96 95 94 43 62 35 80 89
11 81 89 71 26 73 85 50 22 82 49 61 15 10 17 55 51 55 31 73 42 40 2 74 12 63 29 11 62
40 70 64 31 77 6 36 85 7 53 98 50 6 21 80 96 85 92 57 5 44 51 61 34 41 58 92 90 4
72 48 70 30 45 14 28 16 11 99 32 30 25 66 53 22 15 29 56 57 94 9 82 68 98 26 35 2 49
67 19 78 65 86 84 94 66 19 12 23 90 22 89 4 69 42 26 11 89 48 27 59 57 100 16 79 59 54
14 43 4 39 30 77 55 14 70 5 46 70 9 48 36 85 71 74 73 23 5 14 8 71 70 36 70 22 86
69 32 54 30 69 34 24 36 61 89 8 52 81 46 64 19 17 44 24 22 36 77 45 11 38 39 89 4 14
41 6 16 90 79 93 43 98 77 44 92 22 20 71 12 92 89 36 88 81 16 38 79 35 40 83 35 58 20
48 13 71 97 96 7 94 1 27 5 31 51 66 30 80 4 28 32 89 42 99 74 91 50 75 9 93 11 90
53 48 89 53 74 34 56 73 74 1 1 42 29 21 30 24 98 27 64 99 87 71 64 72 13 1 19 84 40
