312
78 95
25 13 61 85 42 12 87 44 21 10 62 48 69 56 69 6 24 45 59 80 23 86 90 66 2 80 79 64 76 42 78 39 26 88 81 97 33 43 65 23 12 71 68 57 2 85 97 49 20 64 17 83 3 58 58 49 77 66 17 25 4 94 36 11 3 86 80 29 99 79 17 96 29 64 51 73 42 64 31 88 15 22 7 4 98 62 42 66 89 65 52 10 22 83 24
20 58 94 15 75 93 30 100 72 42 3 100 81 84 86 12 88 73 7 77 49 18 34 27 98 22 73 21 98 69 82 56 16 88 42 65 22 80 24 84 34 20 34 99 64 44 29 92 91 62 83 70 52 17 66 1 100 32 26 51 38 35 15 17 33 62 88 35 83 7 47 81 78 68 42 83 30 85 29 94 52 46 46 83 76 37 33 59 41 3 24 59 1 59 58
70 47 74 69 85 69 1 33 38 13 84 15 85 51 89 40 82 100 89 63 75 78 97 65 41 36 51 38 53 23 93 74 81 76 22 17 98 84 44 40 48 58 38 77 56 24 15 68 30 13 19 71 23 41 33 76 56 41 96 13 64 32 41 80 94 54 68 7 19 61 63 42 43 77 29 87 73 12 76 7 48 46 32 46 66 81 96 35 56 28 50 61 48 21 55
12 90 93 74 13 43 27 66 67 57 47 20 11 71 68 62 67 56 95 88 96 65 71 56 65 68 78 29 62 18 41 36 62 61 43 99 13 31 2 81 65 9 19 9 47 75 43 50 17 15 41 47 37 72 13 28 76 57 82 13 35 46 9 98 2 2 42 35 56 94 38 80 39 81 93 27 64 68 13 64 40 92 39 2 48 62 42 12 26 30 81 83 2 91 95
42 64 86 65 6 94 5 48 87 40 70 46 2 38 55 54 44 46 28 54 7 51 68 11 56 100 68 53 13 53 38 41 16 95 24 69 4 79 23 3 10 45 7 64 26 9 100 31 79 89 75 32 88 36 81 46 89 30 27 28 49 49 30 11 49 64 1 89 17 70 69 72 33 82 37 50 95 24 90 75 39 50 52 31 31 60 82 58 57 4 34 46 33 54 32
96 51 27 13 1 33 29 87 18 96 99 7 45 65 64 38 42 78 93 24 50 94 18 10 27 89 30 25 53 7 4 36 52 88 24 91 65 40 50 76 29 52 27 42 7 96 49 79 85 98 38 62 70 59 80 26 22 62 35 46 79 10 66 89 95 99 19 11 50 22 2 93 93 67 55 5 3 76 35 38 83 85 20 11 82 16 76 49 78 34 1 78 31 49 49
28 1 11 23 86 67 99 88 53 91 59 92 66 9 62 46 98 12 70 65 22 22 80 47 24 55 46 58 48 94 30 30 48 79 34 6 8 77 55 82 29 98 26 28 38 86 40 9 68 41 5 51 20 3 35 1 19 10 59 95 54 63 56 86 69 29 23 54 36 78 7 58 84 82 54 43 71 33 99 90 80 100 85 7 9 16 97 82 57 26 44 83 100 10 63
68 69 9 18 8 11 56 1 65 3 76 1 39 61 30 24 23 53 52 92 85 24 33 46 70 55 47 20 84 35 24 87 31 46 45 7 95 9 3 87 83 66 38 85 66 39 70 65 45 68 14 57 20 18 2 98 84 84 18 29 76 11 99 28 26 92 56 26 29 13 85 43 100 72 59 33 34 14 20 8 32 60 4 56 38 42 48 97 77 9 2 54 92 23 45
54 82 24 55 31 8 83 56 83 36 13 84 89 97 33 28 67 91 26 97 17 45 93 10 55 73 50 99 99 16 39 82 61 59 46 80 54 21 52 75 82 18 7 27 13 3 85 87 92 71 13 34 17 74 42 5 84 32 50 34 80 56 37 41 49 57 21 70 79 72 60 79 51 39 91 59 12 50 66 100 30 89 66 45 14 73 98 91 24 18 45 89 32 35 30
98 83 44 70 54 42 21 54 51 100 100 100 13 80 25 47 15 93 31 48 60 81 78 13 42 20 30 96 51 70 99 77 73 21 23 36 58 55 48 23 87 4 66 16 84 57 63 37 61 25 86 84 35 10 44 10 42 42 37 51 89 91 78 76 67 60 3 56 69 19 16 26 92 35 76 55 96 29 57 55 41 6 13 54 88 38 80 89 18 68 79 85 13 44 25
95 55 29 96 53 3 12 78 68 84 65 5 18 65 37 51 58 3 44 10 61 97 87 14 91 10 32 32 27 18 89 76 51 93 83 82 12 1 96 74 92 26 34 96 97 72 33 9 13 11 47 7 2 38 27 62 60 38 8 76 100 64 38 22 60 82 49 77 72 2 81 28 47 23 10 30 11 24 53 14 93 2 59 41 92 77 76 92 19 62 30 23 49 8 20
41 49 33 17 68 98 6 97 84 93 29 65 23 33 57 50 40 45 95 84 16 44 80 4 92 61 91 36 28 46 65 41 63 55 34 78 81 78 74 51 73 93 39 100 63 94 68 22 41 90 50 94 40 90 3 26 69 22 13 93 44 14 79 63 5 81 90 51 6 23 93 34 12 20 29 81 5 51 48 87 26 56 76 30 60 20 100 42 84 45 54 1 63 5 91
56 3 80 75 58 76 70 15 88 41 53 52 9 11 15 85 43 94 78 56 58 21 17 53 99 17 46 92 92 81 29 100 14 81 40 52 86 86 10 52 100 48 13 39 81 75 91 60 4 27 1 55 83 43 51 69 95 36 82 14 98 93 15 2 71 14 56 18 19 10 64 77 78 45 27 30 95 30 39 48 33 95 72 79 6 46 19 89 77 61 85 85 15 1 90
54 17 32 100 23 9 50 4 57 6 60 64 50 49 12 10 53 41 20 84 14 94 54 40 8 5 99 26 79 39 43 64 75 55 17 49 58 72 51 29 25 88 12 32 94 38 92 80 44 90 76 68 59 46 95 59 22 23 75 18 87 98 92 73 77 37 38 55 59 56 57 27 36 44 2 14 74 53 80 14 80 23 28 97 23 60 96 43 19 59 69 80 6 88 92
82 37 31 50 77 75 78 16 79 42 38 86 98 79 92 54 4 81 100 55 15 25 35 94 17 16 54 49 73 14 33 55 6 21 85 63 48 97 48 48 89 59 91 8 18 8 10 63 62 67 25 95 77 97 31 57 97 24 98 99 65 34 26 64 59 96 99 3 75 66 79 4 16 28 97 63 43 37 35 23 58 47 26 34 8 16 11 25 22 15 64 90 63 98 89
40 34 19 89 87 39 60 84 13 81 52 73 1 20 58 55 89 23 96 39 81 11 37 37 42 88 58 77 84 15 19 48 39 62 80 83 47 28 9 73 99 92 31 16 88 99 4 26 87 7 15 53 96 95 92 68 51 84 48 71 23 47 88 89 85 84 58 61 7 37 85 20 62 80 90 36 49 8 54 36 75 23 66 38 95 7 93 28 69 90 9 68 8 20 37
2 10 43 97 51 39 2 2 35 2 37 52 63 56 48 33 41 18 34 39 47 77 72 29 10 49 37 26 70 54 5 47 38 42 65 70 98 2 69 58 92 86 76 97 71 4 59 76 57 84 32 22 81 96 53 67 36 44 22 14 95 3 47 9 16 52 38 76 92 14 51 25 62 60 37 6 22 43 56 27 4 9 35 94 90 26 87 52 95 81 25 13 42 41 65
59 22 45 39 43 11 5 43 85 85 62 79 82 23 71 28 46 67 33 45 63 75 60 54 74 75 55 89 60 62 17 85 9 39 61 68 60 9 96 75 72 96 41 91 93 98 77 38 38 60 31 26 33 17 77 5 35 65 29 10 86 53 59 71 20 15 80 16 10 96 26 19 89 1 12 80 99 18 69 91 46 100 16 31 68 47 79 33 83 79 4 45 83 94 51
69 96 66 13 100 73 91 89 24 57 67 29 15 61 5 39 62 34 100 72 3 29 76 84 5 40 7 52 6 40 49 29 88 15 4 82 23 22 97 31 42 6 94 46 87 95 98 34 4 3 6 51 79 4 2 98 94 76 95 81 28 3 62 52 18 39 77 37 18 60 4 49 100 11 19 56 77 11 49 56 8 36 100 41 51 39 68 79 83 7 29 98 40 86 61
61 23 39 61 3 72 83 79 99 2 25 36 87 93 55 27 87 8 25 89 33 66 48 34 40 93 55 24 21 93 93 22 53 39 31 68 40 94 47 74 49 22 46 78 39 62 26 14 4 77 79 85 24 33 2 8 80 88 94 23 96 28 23 38 77 8 76 7 11 56 41 53 26 9 49 41 80 73 56 11 30 61 77 63 78 79 34 82 17 3 3 44 12 77 4
15 36 49 45 20 18 13 44 100 76 90 90 90 13 1 38 66 79 84 15 65 31 29 39 96 21 83 11 62 25 31 92 42 53 20 22 48 27 18 1 47 61 59 34 83 79 51 91 12 49 37 33 30 51 27 73 6 85 11 89 89 26 34 40 28 67 86 4 96 79 10 79 6 34 56 92 82 59 46 63 27 94 61 48 98 49 40 88 48 21 48 17 69 13 59
59 23 43 54 62 70 18 86 78 73 99 58 84 45 30 3 31 41 16 96 55 41 67 28 97 78 57 57 59 42 84 2 21 33 61 37 48 76 20 69 26 29 79 21 47 66 11 30 34 96 7 25 63 27 51 45 7 33 12 47 20 84 40 14 99 44 57 54 59 81 36 72 76 96 88 68 88 99 89 22 36 22 13 40 22 29 54 28 54 27 24 29 51 68 21
36 52 22 50 70 34 88 84 62 79 19 52 36 67 70 19 35 66 25 33 75 63 13 27 44 35 30 47 60 81 64 3 4 8 86 17 16 61 67 50 69 79 91 56 64 17 30 30 15 47 67 14 31 27 12 96 46 41 24 94 100 80 13 61 41 20 99 51 5 69 49 95 6 81 18 72 1 17 71 50 63 27 19 97 59 100 94 51 49 92 75 60 52 38 84
45 59 66 79 66 53 1 66 79 19 88 22 20 38 91 9 79 42 87 69 38 8 81 24 58 23 37 61 95 25 15 79 5 35 25 21 94 15 9 18 33 4 60 78 11 4 75 96 20 97 66 25 13 77 10 32 79 28 19 16 1 70 53 100 30 61 34 73 25 91 25 1 91 52 22 69 7 35 82 52 78 75 32 39 53 64 44 16 18 81 42 15 36 76 38
13 75 24 91 27 97 51 94 11 91 8 57 1 58 10 71 25 30 38 13 47 7 77 46 71 81 94 39 54 6 42 2 52 70 37 91 63 4 8 35 76 38 12 81 25 33 14 79 31 18 42 38 69 80 69 28 88 10 62 69 41 8 41 83 48 9 31 55 73 24 17 81 24 12 55 66 77 51 38 52 50 94 69 22 37 57 28 42 65 83 46 88 3 57 85
7 64 62 99 65 66 58 36 10 80 56 57 17 37 58 83 84 99 8 52 14 3 53 17 93 93 82 21 80 82 23 93 69 30 95 25 67 64 57 33 44 70 56 27 97 41 80 88 47 52 14 90 56 64 95 9 21 28 24 64 90 66 24 94 46 9 16 12 1 76 95 49 83 83 30 33 67 1 99 2 56 22 6 96 50 2 62 15 84 62 96 99 25 29 37
87 61 61 35 92 2 23 30 68 5 12 35 30 78 81 49 13 3 22 74 49 32 79 59 20 16 83 92 81 86 24 90 17 78 46 30 55 30 43 39 45 68 75 63 67 14 62 18 16 28 58 19 15 56 41 42 20 28 47 2 18 67 55 95 63 9 88 19 74 9 90 90 77 72 62 42 15 83 2 80 47 15 40 72 50 48 50 83 46 13 6 27 43 94 10
55 50 43 79 84 88 60 98 99 67 63 60 39 3 58 14 61 16 57 75 7 35 56 48 46 6 37 48 31 84 87 22 24 73 15 43 82 22 61 21 69 28 67 52 88 51 6 23 11 40 30 66 26 42 22 29 42 49 14 57 86 52 56 41 72 73 70 1 36 27 23 21 62 11 20 92 27 34 87 71 60 46 16 23 10 98 88 100 77 31 4 18 63 20 47
1 96 94 62 75 12 9 11 20 52 9 32 63 65 88 90 16 97 96 45 13 3 24 85 84 33 47 73 45 8 20 96 16 7 19 97 50 36 32 95 45 4 22 65 45 46 39 34 28 61 98 56 40 21 95 46 55 87 2 40 87 31 35 65 84 7 77 19 15 13 53 30 44 2 57 22 22 17 32 63 65 78 97 38 40 51 80 90 68 98 39 94 61 49 77
48 52 46 67 86 52 79 52 73 81 81 95 52 38 63 10 18 98 94 81 18 13 15 3 69 59 80 43 72 78 14 15 69 47 66 30 100 79 74 96 71 100 35 91 45 9 5 35 66 78 74 45 40 91 71 11 31 48 99 74 59 49 49 41 6 47 57 13 45 47 10 14 68 29 70 74 8 11 33 59 39 75 38 89 88 42 48 44 17 3 76 63 47 20 12
70 5 47 64 73 75 99 98 89 36 44 83 15 90 88 40 95 93 72 58 91 63 31 46 99 62 77 83 51 6 34 97 75 5 87 54 6 64 89 23 98 76 69 58 55 85 85 89 79 49 5 25 32 72 84 64 96 31 68 12 85 22 98 37 87 7 59 45 47 59 92 5 5 15 13 63 81 64 40 14 70 54 54 85 71 3 66 44 46 14 89 75 86 54 90
100 95 69 3 75 9 21 88 100 1 42 66 53 50 11 30 85 48 85 83 68 70 57 6 88 18 33 9 39 49 11 49 90 75 86 75 1 7 21 53 68 30 75 65 5 94 23 60 39 91 77 8 27 33 9 94 45 35 36 38 89 11 40 79 14 98 39 12 3 34 7 99 36 34 60 99 47 20 39 36 88 60 30 90 30 9 15 60 95 82 66 5 29 47 73
20 49 88 42 68 77 57 75 34 5 70 5 38 27 73 75 96 8 46 68 7 4 82 8 58 85 99 94 23 51 42 14 76 12 98 34 80 38 81 98 30 43 61 44 68 13 76 96 75 50 59 84 52 59 79 67 82 41 49 55 83 67 20 52 16 48 100 19 65 28 53 59 63 22 13 75 56 61 22 77 76 31 35 25 70 57 1 80 87 81 89 38 96 40 12
82 6 48 61 62 89 33 94 87 5 18 26 21 85 42 15 34 1 8 71 67 51 83 55 16 60 2 94 5 20 55 59 45 83 67 2 18 37 66 100 20 61 7 93 71 57 53 62 99 81 3 15 87 69 73 90 22 91 32 36 36 94 84 4 59 12 64 2 43 74 54 6 12 65 4 61 72 83 74 79 49 52 44 74 48 46 83 29 86 63 71 9 9 42 83
36 58 91 36 98 18 47 83 89 27 55 62 36 64 63 5 59 35 42 65 17 82 56 24 69 12 64 54 95 34 68 28 82 18 17 83 86 18 83 19 64 71 97 33 11 56 9 66 66 58 83 64 63 78 18 58 46 81 78 55 34 42 92 51 11 57 23 5 81 15 32 56 56 30 29 9 76 74 49 64 71 25 3 47 61 87 36 99 71 48 85 48 27 66 86
67 31 9 36 10 60 10 85 64 96 36 45 49 39 85 27 92 19 24 98 52 14 57 61 84 97 54 6 78 30 60 98 13 57 50 47 37 22 25 18 76 57 95 47 51 36 6 35 30 65 23 28 91 83 28 95 68 83 78 83 29 54 14 32 77 13 2 22 67 56 55 59 71 51 65 98 81 57 23 17 10 34 31 54 42 88 37 21 61 26 12 65 84 4 40
36 71 65 99 48 80 77 45 48 87 65 41 94 44 53 79 30 52 62 3 66 92 4 15 71 89 69 60 32 65 7 13 43 22 14 16 53 28 22 77 41 42 60 36 63 44 62 46 12 27 56 75 21 88 96 55 61 2 25 7 29 30 48 37 67 80 75 14 93 99 86 22 78 13 35 69 65 24 81 61 52 61 64 24 44 91 23 8 20 34 50 44 30 72 70
44 37 79 66 56 56 85 22 16 79 28 35 40 28 30 65 19 91 100 79 73 21 25 98 26 26 69 71 11 81 91 38 27 66 8 79 22 30 9 74 20 16 67 39 93 44 12 58 76 11 41 61 90 42 18 60 17 8 21 92 25 21 50 75 41 48 43 83 36 71 72 73 93 42 29 40 85 37 87 30 85 18 35 81 88 26 69 38 86 78 44 91 81 57 91
98 34 61 43 18 35 63 74 12 20 55 4 33 15 63 79 7 93 63 56 20 26 92 47 52 68 93 24 81 83 63 84 75 51 64 58 99 30 58 83 38 47 9 98 55 64 78 12 37 40 9 58 94 4 90 93 45 87 95 91 25 51 78 6 37 98 28 54 82 81 9 74 24 84 2 36 54 87 3 13 61 31 10 54 62 71 39 76 49 36 10 66 52 14 38
37 69 42 15 52 97 89 94 57 65 35 16 33 13 52 92 47 47 97 61 8 24 18 19 11 93 98 9 20 69 79 47 61 14 12 96 60 46 37 67 42 82 62 81 55 93 7 30 51 46 62 78 4 89 49 46 45 89 17 47 83 54 99 5 30 41 30 91 38 73 81 70 14 87 95 79 88 93 9 70 59 6 14 89 78 5 12 100 29 44 2 62 97 63 69
48 31 38 15 72 97 99 30 21 25 11 17 69 38 54 93 27 79 97 38 6 85 91 100 93 16 23 20 73 31 58 33 8 25 56 48 59 75 47 95 62 62 83 49 63 63 23 75 16 89 12 41 89 38 44 84 5 30 78 35 84 69 36 75 85 8 99 68 84 54 50 4 7 87 50 30 21 76 25 79 23 3 70 64 14 66 67 81 44 31 20 71 10 51 12
28 75 76 32 11 35 43 48 30 31 26 53 36 18 8 88 10 59 2 77 37 9 82 5 17 23 51 17 81 53 32 31 67 10 64 75 9 77 66 56 88 41 44 55 32 80 45 47 84 35 42 33 59 79 25 74 98 80 53 98 12 29 94 52 49 19 14 3 19 24 2 95 6 15 9 45 12 79 25 15 91 33 79 95 83 14 82 33 8 56 43 43 9 68 67
5 36 28 28 21 96 9 84 92 25 24 24 66 34 37 5 7 5 96 37 11 27 19 96 47 41 28 91 27 39 83 68 62 74 99 55 53 88 77 65 84 27 76 35 23 50 27 97 84 41 100 79 48 38 83 96 23 71 30 74 15 70 70 37 36 51 90 7 82 72 90 15 15 43 7 80 8 71 1 33 45 60 53 71 39 56 76 62 5 18 36 71 26 26 41
61 79 33 27 68 48 51 94 59 68 78 89 76 36 5 95 60 95 36 32 83 31 82 84 98 51 8 81 64 9 32 57 54 50 66 33 57 48 93 15 8 99 86 59 39 84 20 62 20 81 51 7 52 5 15 6 55 87 83 100 71 32 35 60 78 18 73 63 67 38 91 95 96 41 62 15 57 15 49 100 31 92 69 51 85 24 11 93 11 49 31 95 81 54 47
8 50 22 55 75 22 61 68 93 37 34 14 26 18 18 15 27 42 56 61 36 64 13 90 47 24 78 46 1 18 28 73 7 74 47 91 20 54 22 40 49 36 89 31 61 49 40 38 41 44 40 15 67 99 88 69 79 43 26 6 14 78 61 16 83 38 80 37 54 27 80 19 51 17 95 40 14 79 18 67 24 91 57 91 42 79 20 87 89 99 48 62 34 57 17
36 6 53 86 98 25 45 20 14 38 92 12 53 19 8 80 45 3 17 54 98 67 88 37 85 21 50 44 15 25 22 22 58 30 49 33 84 21 79 81 24 32 88 75 91 70 72 41 8 25 80 24 23 40 86 61 26 3 67 52 71 47 78 86 64 26 40 68 89 90 6 96 46 69 90 24 17 65 43 77 24 16 18 30 30 27 97 33 38 15 41 49 89 64 33
81 73 10 95 8 85 80 70 21 39 31 35 76 75 30 60 90 86 55 64 45 59 27 20 24 41 81 89 58 30 36 95 36 54 86 69 12 83 7 87 35 87 55 45 23 90 59 72 1 49 66 97 81 99 3 88 24 88 77 7 69 76 56 80 35 13 70 72 13 43 84 9 43 70 89 28 28 57 11 59 25 30 57 55 93 50 85 37 81 22 27 14 86 46 14
67 53 81 26 98 18 69 89 55 4 33 33 82 28 24 10 73 32 8 84 56 6 18 36 7 36 84 72 52 82 8 3 14 90 15 2 97 8 46 36 86 71 11 36 53 34 79 80 66 50 23 87 77 55 61 48 74 53 72 98 11 73 75 12 39 72 69 30 67 71 65 31 94 19 36 24 46 35 23 9 65 100 7 87 78 17 10 49 49 51 84 79 36 50 2
95 3 76 94 54 96 70 66 20 11 81 1 11 13 54 35 21 96 90 93 54 75 71 78 63 17 43 44 65 59 74 57 42 1 45 99 70 94 5 66 9 69 81 29 59 66 28 40 100 57 87 36 41 99 10 51 82 94 64 2 30 100 84 21 4 67 5 54 23 19 57 92 8 7 98 32 78 97 29 37 34 13 84 89 49 40 97 100 63 72 7 40 20 26 57
17 100 67 76 94 35 53 74 84 20 98 72 59 27 53 40 42 75 35 92 98 96 68 1 34 60 39 87 34 5 99 12 13 16 42 35 11 52 62 48 27 84 19 65 13 45 4 82 11 72 65 20 41 47 80 70 11 94 58 81 50 100 93 42 25 67 96 50 98 60 99 9 15 38 79 94 94 26 36 86 17 75 9 63 86 51 87 55 66 22 95 85 22 69 41
15 78 37 45 44 2 37 71 32 59 85 1 6 67 41 22 21 3 34 48 74 63 39 91 81 79 58 48 22 9 28 59 34 75 6 33 2 3 34 4 63 40 61 32 30 51 10 57 98 65 95 66 65 34 90 42 15 7 92 90 37 32 37 50 52 97 22 79 27 10 90 76 22 92 98 63 29 34 73 55 70 40 72 47 35 86 66 14 66 21 2 29 65 6 76
72 52 71 97 36 84 89 91 88 71 22 32 87 81 60 14 14 61 75 75 15 76 36 46 65 81 65 42 72 3 7 73 67 35 69 43 28 60 71 40 92 43 82 59 32 26 6 69 55 70 98 18 25 41 59 22 8 49 36 58 69 66 7 68 32 32 71 36 83 32 13 21 92 16 73 12 62 62 39 22 50 38 82 76 75 66 27 2 6 66 100 32 2 63 75
89 83 92 74 21 97 4 69 34 47 38 2 53 81 74 91 73 59 44 73 57 63 51 8 78 49 35 8 43 92 61 70 76 56 62 81 4 1 67 18 27 3 1 90 79 24 41 87 71 94 45 70 4 21 14 31 90 3 1 53 35 27 49 48 86 70 35 44 95 100 70 73 32 90 100 3 51 100 96 14 46 86 68 42 23 23 2 19 26 29 79 73 20 66 7
62 89 38 11 92 64 35 88 32 29 61 75 51 95 21 34 21 12 88 50 43 21 76 85 89 26 71 98 83 6 75 38 91 43 20 61 96 85 11 18 33 14 84 71 58 37 35 69 82 95 40 98 32 34 23 88 20 42 93 21 80 37 48 39 39 14 32 66 76 28 43 15 32 32 18 76 22 3 90 41 71 45 98 65 54 3 13 26 20 79 78 89 66 21 58
61 79 56 74 13 93 63 46 92 20 9 41 13 21 15 73 83 20 84 74 43 55 58 94 43 57 51 64 81 28 62 41 13 38 71 2 63 90 93 71 85 77 54 15 51 47 32 10 15 55 90 31 27 37 72 54 37 64 96 9 86 27 69 73 62 8 9 55 19 19 17 39 53 15 28 25 65 98 6 59 48 34 86 22 26 72 77 48 61 64 60 54 32 37 76
65 33 10 69 62 22 9 5 10 48 75 69 75 4 56 93 17 87 40 47 51 83 47 74 38 98 77 45 30 22 9 56 98 6 91 99 71 92 3 88 12 11 56 35 85 23 76 76 15 23 18 63 74 55 26 93 18 82 52 61 87 97 39 78 25 20 27 63 14 48 21 30 41 42 54 29 66 19 63 45 59 41 75 5 35 33 17 68 89 41 32 74 27 8 68
40 63 4 22 73 11 59 27 27 64 28 93 6 48 64 59 47 19 49 11 93 98 86 77 57 19 60 53 95 40 80 51 48 7 45 9 57 37 60 34 11 86 50 58 4 13 65 95 35 4 10 90 63 46 58 37 94 79 47 83 84 68 44 16 97 48 52 15 95 17 32 25 74 15 80 29 74 30 11 4 23 94 16 37 67 80 96 5 70 47 69 15 53 40 37
8 86 49 28 61 43 31 94 37 13 27 77 12 16 86 25 68 24 69 12 71 6 92 24 5 12 33 15 4 57 35 75 78 13 79 98 30 45 79 7 44 18 34 61 13 14 59 8 46 86 49 2 5 30 58 39 2 46 18 100 67 42 27 41 26 41 74 41 34 25 13 71 4 82 87 73 27 68 7 67 42 22 53 13 49 36 5 81 44 31 54 93 83 96 66
32 60 98 6 34 45 56 4 61 49 30 39 49 15 90 16 83 41 42 74 98 5 41 83 26 81 91 97 58 24 89 61 47 5 44 51 73 100 60 46 93 25 16 78 76 95 12 84 76 34 24 72 64 41 39 94 60 19 78 34 46 26 46 8 95 24 7 20 45 58 74 17 56 54 98 32 3 85 14 31 77 93 42 79 12 47 44 59 46 69 84 62 65 50 67
87 59 98 11 67 27 11 19 14 14 40 26 29 69 29 89 67 86 3 74 95 98 13 82 54 14 19 61 45 21 55 8 97 28 46 48 38 22 12 98 56 38 93 58 33 3 62 15 18 16 91 58 55 69 87 99 38 73 42 29 15 31 93 2 28 33 36 74 26 23 72 94 49 5 39 45 47 57 84 18 66 83 97 100 69 98 47 85 97 38 81 73 76 81 77
67 18 11 48 45 86 13 35 41 15 35 13 2 8 74 91 4 9 78 6 7 79 80 99 82 93 65 29 43 68 43 82 69 28 42 71 82 16 1 69 22 99 19 96 15 60 23 40 67 100 66 13 15 30 31 43 81 83 16 88 88 34 13 12 54 37 9 40 71 78 83 7 69 65 57 79 99 79 95 46 45 46 55 26 60 5 33 41 22 7 28 40 93 19 10
32 56 47 73 35 66 41 14 41 93 65 90 66 70 12 71 21 60 41 56 29 10 58 16 51 25 25 48 77 68 75 10 69 54 40 1 49 17 9 7 57 92 67 34 74 72 13 58 73 15 63 57 87 1 11 72 88 94 84 90 69 95 18 50 7 7 26 34 49 42 22 33 73 13 26 8 25 21 32 85 39 65 45 51 75 65 90 18 69 81 18 14 34 52 72
90 67 97 95 51 15 55 91 17 96 81 24 77 93 25 94 7 47 44 39 42 14 2 89 90 32 58 45 21 96 85 60 9 56 15 60 45 76 74 30 78 34 38 19 8 94 65 27 69 19 3 17 5 98 8 40 87 47 5 6 83 61 69 79 48 46 69 84 8 99 78 21 25 20 77 27 14 55 15 27 39 13 10 70 21 41 48 45 94 78 90 25 47 79 80
61 6 5 51 89 79 68 47 85 89 81 6 54 11 48 16 25 8 40 13 12 18 95 16 42 90 52 30 49 2 77 26 38 68 62 1 77 67 75 25 10 27 74 82 19 58 89 77 94 60 9 44 5 55 59 41 5 76 53 19 44 75 96 46 18 82 72 75 73 23 25 55 91 19 81 75 33 19 75 36 38 37 58 47 2 72 45 84 80 43 65 74 60 71 87
14 72 15 88 78 89 8 69 83 22 36 84 74 89 36 45 67 33 68 53 55 39 50 5 35 11 76 97 88 38 98 10 2 14 27 20 28 57 85 100 85 69 7 91 84 71 54 83 72 91 76 86 10 75 73 75 88 52 82 20 39 34 39 73 80 54 35 10 30 24 63 57 31 69 15 100 88 79 28 54 57 95 39 80 41 20 68 32 34 22 91 34 89 27 86
29 49 77 47 30 69 64 53 56 98 58 5 77 53 100 83 97 89 63 93 83 89 36 36 68 92 76 88 100 13 15 4 73 45 39 94 39 43 31 44 29 90 80 77 14 33 44 26 64 67 49 99 7 12 76 52 81 20 43 23 72 67 48 33 50 68 91 65 65 69 70 64 13 12 10 86 29 91 37 63 87 29 78 41 25 20 8 97 85 5 19 64 37 26 31
84 74 87 98 8 60 48 44 16 95 34 66 16 72 11 60 10 7 6 46 26 35 99 56 26 71 67 36 2 36 80 88 78 47 64 21 22 72 59 3 9 71 25 98 36 50 52 13 61 79 94 16 55 4 91 95 72 8 90 97 90 47 100 27 11 77 65 58 71 78 29 49 26 82 86 59 46 36 32 15 9 32 25 90 15 85 15 23 3 75 58 8 36 1 74
47 14 50 84 45 40 50 40 72 92 47 51 72 29 61 10 76 96 45 27 70 55 32 39 86 30 64 23 11 3 63 70 97 31 100 87 56 69 86 19 46 38 30 54 35 30 85 30 86 34 38 96 65 42 56 18 89 6 11 65 83 15 24 40 82 79 70 65 97 25 12 42 68 69 40 58 74 16 96 21 26 43 75 93 83 41 2 18 19 90 33 33 7 17 68
52 88 82 49 13 82 65 19 1 53 65 32 95 59 80 79 21 28 82 37 76 39 36 69 90 86 47 21 5 37 49 11 23 59 67 68 89 57 68 56 4 35 13 2 92 56 70 45 55 11 51 11 70 83 2 89 98 16 84 79 62 23 34 62 51 93 75 7 52 75 7 2 75 4 37 62 47 41 93 66 31 49 27 97 100 65 72 54 58 27 50 24 49 95 61
56 49 68 17 87 58 55 9 29 18 65 43 33 19 88 45 43 70 32 58 8 56 78 37 53 35 17 33 83 8 75 38 25 50 89 78 10 63 59 59 5 89 50 36 82 36 12 47 39 78 73 67 99 60 46 78 1 71 74 60 92 49 64 64 98 96 76 85 23 55 9 69 95 24 3 67 18 22 60 11 78 73 36 51 38 30 65 34 7 63 8 35 4 14 93
27 26 17 5 39 79 54 38 38 86 44 91 26 32 70 17 72 45 57 41 13 74 24 98 98 41 87 9 35 46 9 36 44 61 56 4 48 84 48 14 91 66 15 4 73 56 34 7 91 87 84 23 98 62 25 51 94 5 4 95 44 58 41 31 87 48 72 20 27 49 86 5 7 16 23 80 17 70 3 85 16 12 85 76 93 70 48 26 61 95 20 96 85 25 14
87 15 90 39 55 29 66 54 18 27 43 66 80 34 31 33 17 54 57 44 42 55 83 15 32 35 29 29 33 59 74 99 52 49 87 16 95 53 72 33 31 14 51 26 83 43 74 77 97 5 85 24 18 52 88 73 81 41 61 34 13 38 81 66 42 32 71 7 49 36 46 8 54 21 37 33 23 5 43 53 94 22 56 75 56 91 57 2 52 95 3 90 62 33 98
18 8 65 63 68 40 53 16 89 4 92 96 1 18 51 67 15 12 53 58 56 59 52 6 50 31 69 61 71 58 100 54 87 8 71 14 35 54 25 87 26 1 94 48 93 10 90 45 77 27 33 40 83 17 93 28 29 36 25 37 28 2 100 92 73 32 67 73 28 85 76 38 61 32 88 42 17 21 69 25 57 79 23 45 12 72 39 58 19 60 86 94 29 78 1
33 45 77 25 79 83 90 5 29 76 91 53 21 69 32 45 100 70 51 74 46 24 89 97 49 29 63 62 25 25 58 78 72 29 7 40 68 16 41 52 69 78 72 66 25 88 74 14 41 95 92 95 74 41 48 41 59 1 40 53 13 18 70 48 53 58 57 1 36 27 30 99 5 43 72 22 54 68 33 43 96 46 22 18 93 36 21 55 62 12 25 88 42 55 21
35 64 61 33 51 12 100 69 99 97 79 95 42 69 49 79 12 90 34 97 98 23 69 95 100 74 3 88 83 52 37 12 1 38 32 41 91 79 64 57 83 53 26 77 5 61 17 5 39 29 71 77 15 85 45 11 40 57 44 66 9 48 6 27 21 50 64 94 48 89 65 79 17 58 24 57 80 47 13 87 81 32 33 57 42 22 82 2 14 17 9 71 67 29 27
70 5 56 18 36 71 83 1 75 45 39 9 16 27 73 57 57 5 88 60 2 7 42 54 77 3 74 36 15 77 88 12 65 6 25 17 54 68 32 14 1 52 5 21 67 29 13 17 98 17 39 96 17 61 14 75 43 94 54 27 45 49 79 54 23 83 100 84 34 34 36 98 37 62 39 28 92 95 71 78 16 29 36 14 3 13 1 19 51 16 35 53 47 58 20
95 73 73 69 45 66 25 56 64 46 38 73 98 11 20 41 74 65 98 39 84 39 99 95 65 76 68 100 45 75 26 55 29 67 47 36 19 43 87 15 67 13 89 79 99 82 97 17 23 58 52 25 11 68 6 17 12 79 63 14 73 22 74 22 26 41 22 78 62 29 53 29 49 43 58 14 64 63 1 87 87 55 58 41 99 37 50 45 78 8 49 20 68 15 73
55 80 51 21 54 58 56 54 11 33 89 2 5 23 19 73 61 48 7 93 87 85 31 4 58 26 63 17 2 94 52 92 86 25 40 41 33 27 59 3 99 91 66 12 64 10 14 5 53 37 84 8 4 35 6 96 57 100 64 64 29 15 99 18 1 19 38 18 94 53 12 11 96 75 37 57 44 51 52 80 67 29 8 60 43 19 50 13 12 96 50 29 39 95 30
