466
57 75
1 32 27 54 19 14 49 70 84 57 54 69 61 42 48 90 90 52 21 57 31 70 92 12 60 69 3 3 96 18 7 59 60 52 83 7 91 44 32 56 41 20 29 47 50 81 94 85 20 44 22 11 28 52 21 25 9 34 99 27 21 73 11 38 76 55 75 24 66 32 4 68 41 89 61
80 3 35 71 7 24 69 31 73 67 91 15 1 69 97 25 98 19 16 18 1 50 75 35 30 20 60 34 93 12 12 70 43 88 20 94 73 50 14 7 92 37 91 25 6 33 46 5 92 82 57 8 24 73 23 14 60 79 82 91 44 74 17 26 49 90 16 17 22 36 14 96 88 65 16
9 64 84 53 86 27 80 46 1 42 65 58 21 87 13 80 18 24 44 48 51 89 31 3 22 83 84 91 96 20 27 2 57 24 3 70 70 30 95 61 53 47 78 30 48 26 70 72 90 26 65 69 91 24 53 25 2 12 57 48 28 56 43 14 34 26 29 65 7 99 55 12 87 21 21
94 39 34 40 5 54 37 42 20 72 89 4 27 85 52 48 1 64 42 78 82 68 33 34 22 38 75 30 42 68 37 66 62 26 71 61 26 95 62 41 61 79 97 11 83 98 39 76 50 59 91 7 3 30 29 46 10 23 5 70 95 92 94 47 90 28 8 48 81 65 36 25 1 79 31
78 2 11 30 53 43 62 30 86 73 90 64 58 7 5 10 38 79 27 78 26 18 51 22 62 17 20 48 15 26 98 16 57 61 90 45 23 48 70 53 80 21 90 68 25 14 54 85 39 98 13 1 58 70 17 32 74 10 52 78 97 77 6 84 77 62 76 55 91 41 33 32 32 5 7
1 59 76 84 99 56 60 21 100 95 82 71 95 32 36 92 29 82 75 36 74 77 47 45 25 20 54 55 80 98 19 21 80 73 87 36 95 53 37 97 99 50 43 44 78 32 71 6 98 78 22 68 67 41 18 9 10 39 32 62 85 11 22 51 44 70 29 34 58 70 65 55 17 98 87
22 86 79 23 60 68 54 40 38 50 34 13 15 23 34 65 97 70 82 1 83 58 50 24 89 80 92 12 76 94 40 99 39 34 92 64 26 84 5 27 97 52 95 67 85 100 23 67 55 72 3 82 7 78 74 18 67 56 82 82 83 96 38 48 88 43 64 35 82 45 91 69 91 73 44
47 5 100 50 60 57 30 39 20 16 47 29 34 50 27 49 75 98 77 54 80 77 41 69 38 71 8 64 97 10 24 77 55 32 75 53 86 35 61 37 67 74 2 35 80 11 4 11 92 15 49 8 65 38 63 93 10 8 89 73 59 3 53 71 22 30 67 2 99 48 20 21 11 13 2
68 43 6 44 2 27 27 85 10 45 51 86 32 24 10 91 93 87 38 53 77 12 94 5 56 41 74 4 59 36 69 32 37 65 79 38 62 82 70 76 42 54 87 25 92 42 65 79 29 25 66 20 64 57 94 16 8 31 71 17 100 94 81 68 42 29 25 23 77 51 12 44 71 35 3
73 63 70 97 4 80 37 29 93 71 53 64 9 9 36 24 2 67 1 58 5 13 75 30 7 17 32 25 26 98 16 39 61 73 71 65 11 38 31 53 85 54 92 81 91 71 46 69 12 65 5 12 99 8 20 28 5 21 16 84 24 50 41 91 94 96 76 35 67 59 35 83 47 13 39
53 56 71 60 94 6 40 22 91 67 46 30 76 41 14 98 67 62 15 34 43 84 90 51 73 97 28 57 87 76 25 16 27 88 76 62 75 17 86 96 14 9 7 22 17 81 27 4 56 20 77 71 94 86 50 91 80 84 20 89 16 4 77 16 21 65 18 16 71 84 75 44 35 20 100
96 13 58 72 25 35 32 49 40 34 25 21 24 32 2 44 36 76 38 5 32 53 16 89 38 99 56 86 40 12 53 64 33 78 23 38 17 26 65 2 81 69 4 58 46 36 12 98 20 93 62 54 50 12 35 10 24 59 21 83 62 74 48 27 27 18 58 59 4 88 69 73 50 28 64
25 81 6 36 80 47 44 33 79 96 90 70 96 87 7 74 2 52 49 39 86 60 51 23 50 38 44 20 89 15 26 88 2 89 56 86 14 35 29 79 16 20 19 25 23 21 15 51 60 20 73 17 60 90 85 87 64 43 95 20 74 65 29 65 10 62 39 97 50 22 32 40 78 44 94
27 32 3 78 62 87 5 81 96 65 63 18 90 39 3 73 58 48 98 91 58 84 20 11 62 70 90 57 90 88 55 53 32 86 62 9 92 22 78 82 45 46 37 61 79 86 3 14 17 92 67 85 40 69 56 96 65 82 41 63 52 82 100 98 81 82 68 76 64 14 49 52 95 74 54
17 78 33 61 93 34 13 37 39 55 55 88 21 45 88 90 59 16 41 1 6 10 74 15 31 11 29 17 3 31 85 37 39 17 13 58 20 40 15 22 33 22 76 37 88 66 54 69 77 82 24 69 88 42 80 41 14 40 38 54 19 64 40 26 35 66 77 79 5 21 31 56 99 34 48
24 59 53 71 58 1 91 67 56 58 94 79 36 52 29 62 96 84 59 62 41 64 33 81 2 65 89 52 82 88 90 25 63 43 50 96 53 66 59 86 38 66 37 12 71 91 98 96 75 89 43 35 54 40 7 30 9 20 77 98 64 9 99 45 76 11 92 8 66 98 5 6 99 34 36
46 29 61 77 84 59 59 29 39 85 97 43 7 11 25 77 21 45 86 40 24 41 9 76 51 25 71 26 98 79 84 78 45 16 83 99 10 12 22 25 83 34 20 10 72 51 38 40 62 51 99 6 16 76 47 17 65 38 82 25 47 27 44 40 34 47 97 75 7 34 78 58 70 85 17
80 30 75 21 71 96 93 12 89 63 28 47 92 83 97 47 79 11 81 44 58 32 90 90 18 50 54 27 85 60 74 12 68 96 90 7 1 56 27 76 28 44 41 91 33 32 78 70 40 64 86 51 91 19 61 79 23 95 66 40 81 50 14 53 59 66 72 28 51 1 61 65 32 88 63
3 95 68 70 70 31 22 15 32 88 39 56 93 84 39 67 26 15 91 35 35 52 12 93 24 33 23 15 69 52 30 2 9 58 44 43 25 53 47 6 28 56 61 92 82 73 61 50 29 78 100 19 79 80 87 93 34 82 6 98 97 49 54 70 40 95 71 55 97 9 45 1 83 28 52
27 18 35 81 74 97 55 83 60 25 55 50 76 3 90 63 92 16 86 56 7 59 34 57 40 99 15 36 34 73 23 4 74 59 26 100 62 46 86 14 72 61 92 10 14 11 10 69 2 76 4 73 89 3 58 3 52 66 25 14 79 81 22 6 61 16 69 97 8 63 34 93 77 35 15
86 75 42 50 56 13 79 82 56 56 44 44 40 57 88 33 21 35 92 60 41 65 84 33 60 99 6 19 46 89 42 26 6 27 84 37 93 91 18 77 2 12 21 28 92 73 3 39 76 69 63 98 53 8 48 93 58 90 1 90 63 95 68 26 46 39 25 32 67 54 1 49 49 30 16
97 12 67 8 56 76 51 16 20 15 100 44 62 70 3 77 47 59 38 83 65 27 9 92 11 2 32 60 1 84 44 75 67 83 51 83 100 96 12 47 33 94 95 27 99 20 57 65 18 83 8 44 95 44 70 46 77 43 7 75 74 68 59 15 43 13 25 28 58 56 16 86 70 18 67
43 65 8 36 39 17 38 40 94 76 41 19 55 26 1 73 17 19 43 44 92 89 38 32 95 98 88 27 35 54 80 35 86 32 51 60 69 23 28 58 99 11 71 18 55 75 80 12 75 29 96 30 62 56 59 71 59 90 69 41 64 98 95 3 5 43 40 77 96 66 81 62 73 8 1
97 18 100 13 15 25 99 23 84 53 89 3 83 13 47 86 87 47 6 79 55 36 51 44 3 100 34 22 40 53 16 7 51 83 32 27 62 95 2 32 4 92 23 91 61 69 56 72 91 92 5 5 26 35 47 10 19 29 41 38 57 63 59 78 71 31 64 10 41 1 18 80 21 84 15
6 81 27 43 38 78 49 47 43 2 10 32 66 39 35 24 42 31 43 68 13 19 10 39 46 96 10 66 31 99 61 81 60 67 7 76 72 76 32 9 24 78 20 77 48 40 5 78 8 91 25 80 56 18 72 98 80 83 80 75 27 29 67 28 25 60 12 96 74 42 95 91 41 71 50
67 41 3 32 52 74 22 56 6 31 24 69 69 19 74 81 44 90 77 74 84 38 46 4 87 57 30 60 48 80 43 100 54 68 2 8 57 8 18 37 67 71 93 60 3 64 57 78 50 19 66 29 6 58 98 93 36 44 30 20 97 56 7 90 1 37 15 33 27 64 92 92 22 23 81
7 76 77 37 82 40 27 56 49 6 9 69 76 8 35 96 70 73 13 59 96 76 65 48 71 82 68 5 29 73 44 8 4 89 17 32 31 39 100 72 19 15 80 30 41 74 79 82 76 41 24 8 9 25 79 11 61 39 68 68 8 25 100 27 88 2 33 75 7 42 8 68 24 98 14
28 23 43 62 7 72 53 20 12 46 29 19 75 77 2 74 4 76 28 42 56 27 26 43 55 55 22 63 69 95 67 87 33 47 70 27 87 31 52 97 48 71 15 69 12 61 98 60 91 70 70 23 44 60 70 86 98 99 91 20 27 23 65 3 60 26 12 47 73 61 6 76 41 72 80
26 58 26 16 26 52 42 14 17 75 64 94 66 26 19 100 47 99 39 56 59 73 54 5 52 15 6 41 76 62 89 99 97 84 87 63 98 91 100 65 71 66 88 53 48 97 83 74 92 99 12 29 83 19 83 52 45 60 46 70 73 98 13 82 35 92 34 76 2 64 4 66 41 63 78
55 90 61 74 16 80 17 14 64 25 64 51 38 39 88 100 100 44 23 26 85 67 49 85 42 89 43 33 2 68 12 86 5 51 13 33 31 46 99 49 28 3 83 12 82 29 47 21 28 56 56 58 2 5 56 1 46 40 12 57 65 99 60 2 27 40 29 20 34 70 99 96 50 28 5
12 49 51 46 33 41 73 65 30 34 33 11 10 28 25 39 58 54 94 14 52 36 7 69 79 50 12 28 69 81 5 4 45 6 89 63 96 17 84 34 46 24 16 11 44 47 18 44 45 10 57 56 30 73 87 77 10 71 9 34 18 30 32 41 60 66 4 7 74 24 43 63 29 21 33
20 39 60 15 91 42 80 41 25 2 1 49 9 28 36 77 96 28 29 71 88 28 44 99 22 66 56 33 68 29 84 1 67 98 10 7 65 96 85 74 97 1 9 88 5 43 22 6 28 23 33 14 37 71 33 94 13 42 94 27 13 40 7 54 46 62 66 14 60 73 52 58 44 30 40
24 89 41 12 38 73 94 90 75 93 95 33 50 86 40 81 31 46 15 30 70 87 43 51 52 57 23 86 79 74 35 31 45 97 3 99 20 7 7 38 36 10 33 47 6 83 37 10 8 63 90 66 37 44 21 18 98 21 87 62 100 23 22 10 96 17 92 82 81 38 24 2 37 90 29
92 46 38 12 76 18 40 24 35 21 79 48 7 55 26 53 97 30 95 40 24 16 86 26 2 59 10 50 73 12 87 55 19 35 89 47 85 86 6 27 60 100 14 75 45 91 34 68 51 15 94 73 82 77 54 7 70 72 60 21 88 91 35 62 57 80 71 92 77 91 35 29 46 65 7
96 24 99 20 98 19 25 20 73 15 8 54 60 75 84 94 81 18 2 85 60 9 65 20 72 77 13 89 47 64 17 45 33 54 33 43 57 42 64 42 31 48 100 71 97 13 98 17 73 85 27 69 43 84 91 67 75 37 25 70 85 99 67 48 19 4 48 9 18 99 87 26 73 56 73
35 78 19 34 66 79 69 84 66 56 98 28 46 65 64 26 72 98 38 7 4 18 37 85 41 37 11 90 69 61 12 44 28 87 34 88 43 17 11 48 78 3 74 67 88 38 59 12 65 96 78 6 29 1 99 86 11 58 37 49 36 96 44 88 45 59 77 69 50 40 7 56 80 67 45
37 57 61 41 40 3 9 91 42 11 5 34 18 7 12 14 53 57 78 67 41 66 51 5 96 53 71 8 39 4 58 82 84 49 39 27 97 57 86 52 10 30 75 39 46 29 81 50 64 62 14 26 72 50 7 49 65 18 8 59 93 90 66 30 59 25 12 84 59 11 95 82 11 2 21
6 93 97 35 60 97 10 46 84 72 75 19 82 21 12 77 95 38 35 40 76 30 11 24 77 71 33 92 72 27 75 91 78 11 79 31 100 37 61 84 34 65 100 71 48 14 62 48 73 59 45 12 81 42 68 87 22 67 39 53 23 17 98 39 59 80 92 76 4 18 74 45 87 99 65
98 2 47 2 55 77 67 77 66 45 14 88 52 62 46 29 37 6 53 13 83 47 45 66 68 73 51 75 13 16 55 94 54 5 25 23 70 78 66 39 9 43 83 96 5 98 33 51 93 70 16 65 17 56 41 82 21 22 93 87 76 48 4 59 81 56 6 89 39 41 93 20 66 23 59
78 68 17 14 1 57 71 1 35 35 62 100 5 5 68 11 98 89 36 83 17 40 32 89 24 72 53 43 90 17 42 32 92 33 4 40 59 49 36 12 61 65 34 15 45 74 38 17 64 50 92 18 34 10 80 19 20 87 58 72 3 58 32 70 92 98 62 19 86 77 1 34 53 77 59
41 100 68 66 67 5 53 79 35 99 61 93 50 69 66 26 1 93 9 60 19 64 26 20 56 24 32 11 94 18 74 86 26 76 53 93 66 42 67 90 54 13 79 98 17 95 34 83 41 14 74 7 5 95 52 97 86 2 99 50 64 95 95 87 83 35 40 34 57 89 59 72 21 26 37
68 65 87 46 45 68 65 76 25 27 1 49 38 1 61 74 42 65 90 17 89 51 16 96 77 1 67 39 66 10 4 95 83 52 63 68 53 19 62 60 5 70 65 25 43 26 55 13 17 55 74 88 13 94 79 10 20 32 25 49 99 93 29 1 58 77 80 94 38 57 100 90 79 89 5
24 71 44 62 88 50 13 47 56 34 76 60 22 64 100 77 34 92 100 99 87 54 88 23 93 90 42 65 18 24 88 100 94 3 99 33 58 87 20 81 40 21 22 82 91 56 97 4 78 57 25 24 72 38 78 74 37 86 62 16 12 20 83 66 18 78 100 7 37 48 10 8 30 30 15
83 67 46 57 55 65 61 88 70 29 19 14 87 98 64 66 33 95 54 67 47 17 93 82 38 23 95 22 96 84 44 68 83 80 26 34 73 19 28 71 80 50 76 76 77 88 16 97 8 12 91 11 56 83 36 73 93 1 61 45 9 31 67 56 16 51 97 52 1 63 44 20 46 47 98
25 91 18 30 28 54 91 98 64 35 8 18 65 92 11 24 73 80 2 32 47 31 52 63 81 85 94 10 6 44 20 17 64 43 41 77 90 25 16 88 53 61 88 39 79 31 76 100 20 71 67 23 5 96 11 7 75 100 77 29 62 66 84 32 9 48 9 25 79 66 55 77 18 10 58
28 62 30 78 45 38 43 28 51 91 27 72 82 25 54 77 19 51 84 49 24 84 82 78 63 51 97 63 56 7 55 51 33 23 17 79 90 25 61 63 21 56 89 66 83 72 19 1 92 61 54 1 76 30 57 8 71 91 59 18 57 85 70 43 93 97 40 96 7 59 15 14 21 84 92
14 15 67 3 24 17 44 48 21 13 62 49 94 20 10 6 46 22 23 25 42 9 52 95 69 73 64 99 62 69 16 34 20 18 38 42 21 22 13 87 4 34 41 34 1 39 16 40 96 96 73 26 28 100 80 95 21 44 38 71 90 40 91 25 76 11 93 8 41 22 75 5 4 12 6
52 33 11 46 47 3 66 64 43 81 79 38 30 62 11 59 89 88 28 9 27 26 18 49 69 100 58 66 87 55 62 41 43 94 49 95 97 89 62 70 11 52 82 73 46 90 43 51 8 42 58 63 15 1 36 5 61 18 29 83 2 82 37 74 47 60 16 87 5 60 16 46 98 98 4
29 65 54 79 80 16 81 5 76 44 19 73 1 53 50 24 17 64 29 65 14 1 74 5 43 70 45 73 53 35 11 93 15 97 26 36 60 68 1 42 64 92 18 40 90 7 26 54 56 7 24 17 44 75 18 64 77 74 56 16 1 24 51 27 30 96 93 69 82 50 2 92 8 46 87
26 71 25 40 92 81 41 51 34 60 39 78 64 100 48 29 3 77 64 81 35 70 36 33 75 15 81 51 76 47 78 69 23 84 69 57 30 35 68 13 99 39 59 39 33 81 4 16 95 78 15 71 76 24 36 8 58 38 77 58 65 13 8 98 66 86 5 81 87 22 95 99 37 64 5
93 61 86 70 24 34 47 10 23 28 79 67 99 29 43 90 61 92 6 40 20 31 40 91 15 3 75 86 17 47 35 7 67 21 42 90 46 32 40 7 46 95 47 47 78 73 66 1 73 81 83 58 72 35 22 57 5 80 52 49 31 66 93 99 91 52 38 92 62 41 89 35 48 38 68
43 33 49 24 24 78 43 95 30 46 66 25 98 25 39 80 44 21 42 25 76 31 8 88 17 72 88 71 86 77 45 15 7 4 22 8 40 23 83 90 73 14 23 44 69 60 95 72 11 22 94 63 2 92 73 74 87 60 73 41 21 48 87 15 3 86 35 54 94 2 28 77 85 76 43
59 64 26 86 74 74 92 15 83 5 78 20 100 11 66 73 67 94 82 100 97 11 28 33 15 96 1 63 27 79 43 37 27 6 10 72 25 73 1 72 74 13 32 81 1 78 49 4 94 62 35 42 80 31 30 72 14 59 17 63 5 20 20 26 46 51 6 74 62 60 46 10 3 18 36
7 5 90 86 85 45 82 31 58 80 8 16 15 59 24 46 61 69 86 27 69 31 87 72 68 11 75 74 76 79 80 36 11 36 69 9 17 20 41 34 23 5 68 90 62 99 34 55 49 41 39 40 99 71 34 5 53 66 3 87 27 93 23 17 28 14 49 38 35 36 58 43 63 28 56
47 58 97 92 18 38 5 21 55 60 68 45 41 53 11 10 3 26 77 3 3 51 84 84 76 84 12 19 92 98 16 65 68 55 89 76 69 68 71 26 83 63 69 38 48 86 92 49 31 78 11 8 86 31 58 5 80 15 20 75 19 73 97 69 85 76 64 21 57 68 77 61 93 33 98
30 66 22 87 85 63 95 52 63 57 41 34 95 63 57 41 10 65 20 92 94 54 54 49 99 58 22 26 18 41 65 60 6 38 57 64 100 79 96 67 50 85 13 46 20 55 74 65 39 10 66 52 42 79 61 16 78 56 10 11 32 31 96 34 44 77 44 21 92 79 6 36 58 3 34
53 59 36 41 31 44 33 92 57 7 19 76 21 62 70 62 23 97 27 37 80 62 67 94 52 40 82 92 52 4 13 16 76 76 16 38 52 4 20 37 80 56 56 87 25 51 90 5 46 12 5 73 35 38 24 77 44 40 61 95 82 39 91 33 30 15 13 55 22 68 57 98 88 76 20
