906
81 21
91 13 62 1 92 75 32 48 13 45 100 4 56 37 89 7 6 73 38 30 38
21 36 89 36 26 10 47 72 52 5 83 8 61 42 35 41 59 37 33 20 44
56 47 7 24 21 18 61 67 32 98 44 47 45 35 61 24 33 20 6 86 58
41 47 55 20 2 25 82 49 51 14 11 5 80 12 24 38 41 46 91 65 94
4 64 34 47 75 34 81 4 92 9 97 55 88 11 37 42 60 92 53 14 53
6 62 88 38 56 5 35 85 73 49 74 36 88 15 84 25 43 53 53 52 57
2 43 27 65 9 1 26 4 20 30 40 40 79 2 53 10 49 48 14 92 67
79 50 39 87 66 71 88 58 41 32 74 40 55 76 8 23 73 3 75 15 68
26 14 17 62 89 76 83 97 85 81 11 88 28 5 42 10 92 97 75 48 18
100 8 2 63 17 8 61 35 61 89 23 49 80 80 88 47 51 15 20 66 61
82 61 45 77 65 59 82 82 29 64 89 50 21 88 96 20 35 49 66 54 55
20 60 10 75 13 21 67 40 55 77 69 52 39 44 85 60 53 16 7 80 27
60 41 56 14 35 1 45 98 40 86 49 78 91 27 19 12 12 23 11 98 82
100 36 37 71 27 27 56 18 91 67 52 45 93 45 7 88 96 26 79 30 56
94 13 26 81 35 73 13 61 7 8 98 33 87 83 29 35 84 1 60 72 98
68 55 62 75 92 44 92 33 9 78 65 43 65 93 98 88 61 18 19 29 5
87 31 68 49 62 83 78 7 34 40 59 10 66 40 30 83 73 67 66 18 58
90 35 7 9 31 50 55 56 10 36 5 99 15 16 20 74 46 11 27 9 8
75 94 90 22 12 62 33 15 98 44 72 68 67 2 68 52 32 7 20 46 77
85 60 89 38 91 37 31 76 7 7 39 13 84 67 77 50 69 58 17 77 6
94 50 62 79 15 84 87 54 33 78 60 80 16 13 88 71 87 87 56 53 61
19 43 17 73 37 95 38 2 40 54 1 26 47 97 24 10 5 74 71 18 28
48 58 25 63 19 43 28 66 91 37 60 82 81 44 81 42 24 35 99 42 26
36 70 46 44 87 30 77 62 50 1 18 61 48 65 70 33 39 29 52 15 54
34 53 48 94 61 68 4 84 99 61 61 95 29 36 62 48 65 85 58 92 1
41 49 36 27 52 2 31 56 36 50 27 69 76 72 5 54 91 25 35 1 26
2 11 67 73 67 77 25 33 79 40 6 29 9 41 50 47 37 40 74 12 40
15 27 15 88 99 29 94 35 6 21 17 97 91 52 21 36 76 96 9 12 22
36 78 40 8 92 12 27 65 84 74 90 27 58 50 73 4 20 26 7 40 54
2 7 23 80 7 1 9 52 56 54 70 75 59 20 43 56 90 31 46 48 55
59 9 88 52 10 94 64 43 1 38 14 1 60 3 83 69 49 94 48 3 77
33 75 46 61 49 30 79 86 40 32 59 68 33 67 10 56 55 94 69 40 35
64 85 27 44 89 9 97 89 52 34 56 2 20 77 60 87 50 93 32 10 63
89 89 61 54 100 42 19 9 95 65 23 13 16 57 65 26 68 13 69 83 17
79 82 90 1 73 84 68 37 52 100 100 23 57 23 57 50 9 60 8 23 12
58 87 40 1 99 90 90 24 79 75 8 4 51 69 66 11 56 53 67 71 67
73 3 61 74 4 76 69 100 21 47 71 57 27 89 20 56 5 87 50 54 47
15 29 3 33 55 14 51 51 59 84 73 5 14 48 31 35 13 73 2 43 8
61 63 93 49 82 26 64 42 68 90 95 97 30 78 99 58 76 14 31 9 64
1 56 4 23 73 6 83 49 79 6 78 52 84 58 27 26 77 57 8 42 47
36 39 52 23 41 97 15 12 37 96 22 4 82 97 14 4 57 92 35 50 66
64 41 53 76 78 4 52 74 41 31 46 64 41 86 30 5 69 71 45 2 93
43 16 39 80 40 60 76 69 68 15 87 48 51 1 84 51 38 75 69 69 48
2 60 91 25 7 65 38 13 6 4 52 22 52 15 18 77 38 100 61 67 18
25 44 90 48 71 10 89 14 32 52 33 60 84 29 41 70 31 35 28 82 37
17 92 33 30 39 59 93 47 70 54 16 72 37 64 51 72 39 64 81 81 22
12 54 49 82 9 80 42 66 1 57 12 80 61 61 4 43 43 13 54 82 25
76 84 51 63 53 70 9 41 1 2 14 8 22 13 31 46 45 5 37 100 8
52 24 76 18 21 2 12 79 70 70 53 43 18 10 71 98 67 46 36 78 14
1 95 56 49 76 43 79 58 25 88 74 3 82 94 28 66 88 3 30 61 62
82 39 60 41 29 87 78 92 78 90 33 23 42 10 18 37 1 16 72 42 18
55 84 10 78 94 21 76 15 70 77 38 63 2 31 10 68 87 35 80 31 31
7 92 40 38 23 54 24 59 83 40 33 79 71 80 97 28 3 15 98 32 12
62 57 76 84 83 46 54 17 57 38 36 84 55 38 52 87 19 59 97 59 35
34 39 84 52 62 26 57 85 64 75 16 89 31 87 69 33 36 44 54 97 43
54 12 30 75 22 48 11 26 25 68 18 45 50 27 42 26 57 97 6 14 19
16 24 26 69 72 99 80 6 93 87 40 11 71 71 48 54 25 63 86 19 78
14 81 93 20 13 13 35 37 66 8 81 56 59 21 6 39 59 70 51 26 6
86 46 37 35 44 43 54 95 75 63 85 51 46 43 31 54 90 23 52 92 61
71 64 6 41 20 88 59 90 16 30 47 88 40 22 82 40 46 51 11 68 26
21 29 73 68 44 69 29 58 53 77 46 28 80 65 14 17 98 16 15 36 63
62 88 55 3 7 40 18 52 2 82 47 19 15 82 64 59 86 12 90 50 21
94 85 96 87 43 12 49 51 77 3 66 86 2 30 86 80 35 3 37 82 40
82 37 47 48 60 25 16 92 46 82 24 58 4 52 10 72 98 53 85 1 41
95 41 91 13 12 67 41 13 38 13 39 96 73 67 76 7 72 25 100 67 25
58 86 76 4 24 87 46 86 45 99 3 91 69 19 69 90 9 100 85 3 16
19 100 17 52 22 21 13 99 1 4 83 62 45 50 56 42 77 72 60 61 74
100 4 99 93 37 90 82 42 50 92 59 23 82 31 50 36 79 45 75 10 17
28 50 27 40 96 59 77 4 15 63 23 4 76 79 26 33 50 98 55 69 85
33 72 11 73 77 93 84 78 45 41 14 96 100 17 52 93 29 93 15 59 89
97 20 89 77 37 22 73 4 52 96 75 84 25 94 33 20 55 36 74 20 19
48 60 29 23 58 97 86 37 88 100 76 5 43 45 48 91 43 94 22 68 81
72 74 50 91 66 36 79 96 40 66 75 14 50 25 76 52 77 23 98 20 42
31 82 65 95 66 87 84 15 70 32 68 66 20 57 3 95 53 8 87 67 65
81 89 3 43 65 60 82 48 4 49 58 68 17 39 71 25 2 73 3 41 60
63 99 26 92 41 74 67 47 93 97 22 87 23 51 76 2 38 42 93 58 62
82 1 26 47 20 6 52 55 22 31 59 68 61 48 43 29 22 42 87 91 85
29 74 50 27 89 58 96 75 38 69 20 52 47 80 64 8 9 96 81 72 67
30 11 22 61 43 3 91 50 13 87 3 94 41 46 61 12 93 80 40 54 52
33 2 94 7 27 14 53 63 52 49 87 28 82 72 62 28 76 65 94 100 20
71 48 54 61 83 81 92 62 85 30 68 83 66 66 29 70 98 48 92 7 49
