535
38 68
86 38 90 44 57 99 82 80 48 98 100 13 10 81 61 71 93 44 95 32 85 13 37 6 2 67 66 64 66 6 47 81 94 19 20 50 38 4 100 1 62 19 16 3 96 83 45 84 79 91 37 27 84 50 24 71 83 27 51 76 12 42 88 87 56 49 99 89
38 48 88 37 33 3 63 48 12 70 13 68 91 31 67 1 23 34 100 83 33 5 73 12 63 37 33 61 28 89 75 14 2 57 82 99 52 54 84 41 4 28 60 58 25 76 18 47 38 99 14 26 35 7 47 27 44 36 5 60 11 94 63 97 97 45 10 5
64 76 92 33 14 62 72 24 18 66 26 84 67 67 65 51 86 35 88 34 9 67 18 75 48 23 85 1 59 70 80 76 84 5 71 64 10 21 51 14 89 42 63 21 72 4 79 55 61 27 79 1 12 7 98 7 95 30 31 82 49 42 23 46 44 78 9 68
23 7 22 17 67 74 69 93 45 28 94 38 44 82 45 23 61 78 30 63 89 6 26 86 21 20 93 55 84 93 61 99 44 70 61 93 90 67 56 22 40 38 71 43 100 68 10 16 94 58 86 60 41 71 2 46 94 75 92 46 93 83 21 1 60 72 32 77
44 26 39 24 3 14 90 86 36 49 66 89 81 65 86 53 7 77 91 25 77 65 77 76 66 81 51 79 52 31 83 14 93 85 35 36 45 87 87 60 8 57 80 74 50 9 41 39 91 76 60 73 80 29 91 36 79 17 84 28 30 73 17 19 11 13 32 90
35 39 14 61 12 56 18 94 91 41 12 22 74 52 19 30 2 19 100 63 21 89 56 65 34 80 91 17 16 11 22 69 8 61 10 60 25 42 18 94 90 65 51 13 79 89 74 29 8 71 18 65 55 92 38 66 58 11 81 39 8 10 96 86 88 2 37 70
70 43 53 14 58 64 58 28 11 35 70 58 21 5 82 25 61 17 40 30 100 42 47 58 93 9 20 9 31 16 5 46 44 87 35 13 40 44 57 97 16 6 23 64 61 22 16 100 92 62 72 46 47 1 73 86 93 6 60 92 22 80 82 45 25 98 8 11
35 84 88 50 88 14 84 83 40 68 28 53 14 50 83 29 84 92 26 42 7 64 85 90 4 54 22 71 35 5 23 81 43 52 78 27 31 72 43 45 3 80 14 89 6 73 25 16 22 75 28 54 44 43 67 73 17 43 28 31 42 94 65 27 88 29 12 77
28 90 22 100 85 2 89 19 57 87 86 3 65 54 53 92 59 39 17 70 62 33 91 5 57 91 26 36 91 77 22 87 39 46 82 56 18 99 22 64 69 16 21 41 85 17 30 93 52 76 49 4 34 33 60 87 4 50 62 25 35 9 96 54 68 82 23 14
63 49 1 15 85 80 27 6 75 37 38 44 99 82 9 19 57 60 63 70 15 93 5 30 97 53 42 46 99 40 8 97 39 82 70 41 98 67 32 68 94 96 47 99 25 13 50 17 52 85 88 93 6 38 19 13 47 22 19 74 29 95 79 18 98 5 53 82
42 29 72 48 94 63 7 22 61 93 28 92 30 23 70 34 66 7 71 29 19 38 8 55 62 50 6 85 49 45 1 21 63 50 15 97 88 91 95 18 56 11 67 24 99 44 35 77 67 15 34 20 73 10 45 80 16 79 66 89 99 44 79 11 21 51 69 16
19 10 3 99 96 21 62 58 64 95 93 83 19 14 16 55 99 99 46 14 89 85 39 19 80 25 43 51 19 78 9 40 55 70 11 16 87 76 11 21 56 76 9 52 16 84 61 57 15 40 87 97 52 72 9 50 88 60 33 10 69 48 48 19 97 33 19 30
5 97 16 7 99 98 98 55 93 9 84 43 33 24 60 76 58 8 60 51 48 5 77 31 31 74 70 97 36 49 78 72 76 66 46 89 81 27 66 76 35 1 3 84 59 21 44 3 6 93 15 78 43 64 19 67 10 70 59 43 60 77 29 51 70 37 8 41
19 6 36 37 32 72 36 77 95 18 4 7 68 95 99 14 54 89 94 78 20 14 39 17 18 29 96 82 67 88 16 55 88 63 15 31 91 2 76 77 4 83 60 56 32 78 76 63 20 48 55 27 24 85 65 98 20 97 27 54 25 5 80 51 29 7 36 97
25 67 83 61 79 68 16 93 31 74 10 90 45 93 74 22 23 90 2 63 41 57 18 63 50 99 85 68 41 64 79 45 64 44 52 65 39 37 99 67 4 80 100 15 93 24 11 45 3 75 14 39 10 1 56 44 89 18 84 38 16 7 47 23 11 7 17 80
96 42 19 1 75 58 56 81 89 22 77 81 91 47 1 83 93 69 11 41 35 6 98 86 14 60 98 60 18 65 48 90 94 47 42 28 41 2 48 25 20 17 74 61 28 10 3 39 77 49 41 8 27 7 22 92 84 96 38 20 14 23 50 37 70 64 85 84
81 6 21 71 34 58 84 86 61 40 27 10 15 45 59 66 81 97 18 59 73 1 96 74 38 19 99 83 23 89 52 48 83 96 91 69 8 6 80 67 90 73 83 88 17 13 92 86 57 20 52 16 53 13 88 71 74 59 7 16 46 2 34 41 80 30 74 58
13 71 54 54 51 81 17 90 25 22 94 70 96 48 58 82 61 82 82 98 19 78 57 17 61 96 77 22 83 66 89 4 49 15 49 72 1 65 14 92 11 54 35 98 13 57 41 98 92 46 97 16 48 79 35 21 50 45 7 91 16 59 61 28 77 13 31 84
99 95 94 57 1 78 4 95 73 83 44 99 6 20 11 92 45 64 59 21 93 43 45 58 80 96 50 41 52 88 18 30 22 36 80 42 89 11 45 21 78 99 45 10 56 36 82 39 42 32 90 37 92 28 91 69 86 35 20 12 90 18 79 24 88 56 65 59
63 83 22 43 19 75 26 43 88 9 91 37 80 15 56 8 85 94 5 48 94 59 67 36 40 54 38 51 63 20 46 11 1 44 51 38 21 13 68 5 81 5 6 45 46 45 52 99 32 7 58 24 36 20 31 62 36 72 7 74 23 26 21 58 81 21 99 57
62 47 63 24 4 67 46 60 73 18 16 1 91 93 51 37 97 38 47 65 53 88 81 27 54 36 58 53 75 26 91 25 24 11 99 22 55 59 53 53 68 98 82 27 80 19 96 94 64 93 60 10 48 42 78 50 22 13 31 4 81 54 35 37 42 39 36 72
29 89 17 5 55 13 91 80 78 5 65 15 10 38 82 21 83 50 100 28 71 16 14 10 93 15 95 2 21 61 5 81 15 54 87 67 30 23 87 89 94 83 46 94 82 15 93 41 41 48 36 17 87 7 21 96 66 68 83 64 51 76 7 35 27 24 27 68
74 21 17 38 31 73 79 29 72 9 13 11 38 85 30 48 40 45 98 5 85 53 70 42 64 12 10 86 79 28 25 7 74 65 31 38 53 71 59 60 52 96 29 22 15 59 9 26 5 54 30 46 92 62 10 64 66 64 22 39 43 2 84 61 62 80 47 54
84 93 3 36 3 89 98 27 43 83 91 94 7 90 4 79 98 99 9 99 83 94 51 26 85 71 97 10 87 55 54 9 81 35 43 76 20 30 16 69 87 58 42 73 45 77 46 55 100 53 32 23 46 93 76 66 71 5 44 45 36 44 48 52 91 77 35 45
75 65 47 45 5 58 19 91 99 3 82 18 64 26 22 16 100 90 46 4 89 90 89 95 45 37 21 54 91 48 87 11 85 64 23 15 87 81 30 11 25 20 77 69 77 39 17 1 31 39 81 43 57 96 16 99 59 53 72 12 51 90 90 17 9 37 83 58
49 1 34 77 60 16 63 64 95 93 35 10 77 65 69 76 25 73 65 66 37 11 71 78 73 28 93 48 23 91 32 78 33 12 49 2 83 75 12 54 63 38 17 12 50 56 2 18 65 56 23 83 79 61 56 27 17 7 96 95 43 94 15 4 81 57 41 78
18 82 27 8 24 8 23 55 37 68 7 78 47 61 71 43 2 54 68 95 5 81 19 23 66 54 78 24 92 56 63 32 70 51 90 57 46 49 33 22 74 86 50 20 37 83 5 78 97 6 51 8 23 92 2 72 99 38 1 14 95 17 91 1 18 99 75 54
30 27 47 73 9 64 29 99 26 40 77 95 32 65 52 79 15 27 37 53 27 48 74 4 45 95 17 65 23 7 67 11 67 88 16 42 99 52 85 95 71 59 55 43 91 43 25 15 87 89 35 22 81 88 51 57 62 60 20 39 87 54 18 95 45 94 13 3
79 68 58 10 83 52 62 77 99 88 88 45 9 68 65 72 69 88 57 19 58 32 69 83 92 51 83 31 13 56 66 4 97 94 23 5 42 47 75 58 95 44 98 92 44 63 79 7 43 13 88 94 42 13 17 62 1 12 88 34 81 66 51 34 13 13 30 31
20 52 26 57 28 55 15 98 17 26 13 66 36 63 8 84 49 52 2 52 83 44 95 13 56 68 68 89 96 5 93 30 82 28 95 51 24 30 70 99 47 57 94 2 91 66 21 2 44 17 48 32 89 90 1 95 71 18 68 4 62 13 65 34 91 81 18 24
57 11 97 89 14 72 100 2 61 87 62 99 49 56 5 23 47 60 42 5 20 56 57 91 37 87 38 32 35 100 18 67 43 39 62 49 94 67 29 67 44 84 40 72 22 34 3 20 62 25 54 86 94 6 57 35 27 34 35 72 67 26 5 12 44 87 74 53
92 58 98 33 54 87 67 16 75 97 27 92 52 93 12 7 9 72 49 28 47 34 22 25 30 77 37 100 66 93 9 1 7 73 47 11 43 54 23 45 86 7 49 50 80 100 93 96 14 75 28 34 58 59 61 84 100 59 99 43 29 63 11 45 64 57 63 89
13 75 24 99 93 42 29 11 19 50 14 68 48 49 80 28 66 85 57 4 78 90 58 96 59 32 95 32 85 4 60 29 74 76 25 11 28 64 75 99 55 48 53 64 80 47 39 22 21 85 14 58 95 4 68 20 34 67 15 98 20 55 100 60 17 11 84 69
85 12 86 45 83 60 34 83 40 2 98 37 87 97 40 81 75 20 71 51 38 6 57 36 81 3 100 61 75 71 91 16 86 45 16 22 79 19 79 14 54 64 1 37 3 94 46 30 39 1 28 96 33 48 14 98 38 22 64 78 63 8 11 57 50 5 31 9
96 62 14 68 42 31 8 21 53 45 81 21 34 97 51 7 65 25 45 91 29 34 80 35 69 42 43 83 22 47 24 27 65 83 36 18 18 17 39 1 1 52 98 57 68 71 76 41 85 69 84 48 46 46 59 61 30 25 57 79 73 43 70 3 62 15 77 24
92 52 93 27 88 85 46 35 14 3 23 62 58 8 29 24 47 9 30 60 24 41 91 20 7 45 3 38 8 55 73 1 35 15 95 21 33 74 20 74 2 21 63 41 26 74 54 32 50 29 41 43 13 74 54 71 85 25 69 76 66 98 96 94 80 66 53 83
68 89 79 19 62 69 58 59 80 27 29 11 70 25 64 62 65 72 26 20 33 67 5 64 16 71 53 2 54 49 95 18 34 93 18 69 14 7 54 67 17 95 98 54 80 61 51 43 95 83 87 82 69 71 3 26 11 68 57 46 45 88 73 37 85 49 74 85
41 76 15 26 47 71 11 81 51 57 78 51 95 88 57 58 41 21 3 28 86 80 25 9 38 59 50 98 20 23 47 14 87 34 63 72 61 45 15 67 11 45 40 29 69 97 55 11 92 82 69 71 49 67 38 28 75 18 20 22 48 6 45 97 60 54 69 44
