99
43 31
62 55 63 64 73 18 64 81 58 88 44 48 8 93 70 34 13 62 47 18 67 50 55 63 99 12 1 68 59 15 84
55 90 3 2 79 61 2 46 98 76 35 93 83 58 5 96 3 25 83 45 59 98 10 67 81 84 80 31 14 30 80
40 59 85 14 25 7 82 17 10 85 29 54 37 26 20 18 18 64 7 50 36 100 27 90 5 93 59 24 47 99 45
95 41 87 14 16 98 7 77 27 68 1 61 1 68 83 97 44 52 85 4 100 68 54 42 45 85 36 45 52 79 66
35 87 62 67 83 51 88 45 49 84 80 59 24 8 50 98 18 60 33 22 46 79 57 1 22 63 7 96 62 53 86
92 25 44 95 15 68 41 23 51 55 41 87 59 13 88 7 17 67 32 47 82 33 81 48 60 3 88 23 17 41 26
60 93 62 18 16 30 58 17 66 30 79 73 47 20 28 60 32 91 19 95 57 95 37 10 87 21 15 65 98 29 87
51 92 21 15 86 13 69 81 56 47 54 60 57 65 48 78 60 47 71 75 38 12 7 73 48 20 6 7 97 10 14
79 49 40 28 15 87 26 41 4 45 93 34 94 55 66 33 11 33 10 14 26 51 42 87 61 89 21 76 90 48 93
5 70 54 59 74 47 58 43 71 68 84 64 48 3 1 52 56 50 34 75 80 85 13 92 23 98 73 36 31 30 79
89 94 51 13 37 18 87 25 69 42 88 17 52 10 64 51 77 81 60 99 32 29 23 36 90 22 20 82 71 34 15
45 96 21 91 15 63 25 34 83 86 53 57 1 13 9 48 87 43 60 76 41 31 28 5 25 81 78 2 10 100 27
62 26 20 46 98 62 19 95 81 13 99 59 3 3 72 97 45 27 36 96 11 51 94 78 14 79 23 37 65 33 30
12 75 3 91 52 51 69 94 64 75 33 93 33 97 68 51 2 39 78 54 15 16 29 4 20 63 26 26 68 96 97
32 34 81 47 48 5 75 92 36 71 89 82 62 35 51 86 3 15 39 9 15 27 84 60 77 92 52 55 12 55 96
4 76 41 33 58 46 27 65 36 30 62 18 64 60 45 51 91 85 38 8 83 50 29 83 30 29 38 4 17 55 74
4 89 33 81 10 65 63 91 58 80 22 47 51 44 82 63 22 99 79 69 36 96 71 5 84 82 76 76 4 24 9
80 33 9 71 74 9 22 82 24 65 84 62 43 96 48 39 40 67 64 71 13 32 33 42 58 3 93 98 20 55 17
80 91 71 91 90 7 58 20 43 40 71 53 28 2 88 31 97 17 23 92 11 77 70 76 75 14 62 25 39 59 22
63 87 69 77 11 58 41 36 32 66 37 68 2 66 79 87 42 31 86 73 63 17 39 42 72 98 79 91 81 79 18
93 26 98 35 88 89 8 36 83 4 83 4 55 23 55 68 43 91 1 59 7 67 36 45 100 22 51 18 90 45 94
86 11 31 65 24 11 90 34 60 96 35 83 13 5 89 2 27 25 49 83 68 85 10 79 81 50 28 62 79 72 78
28 98 44 96 20 66 99 57 69 12 95 25 60 56 33 83 85 25 36 53 1 64 80 39 64 29 95 85 72 34 52
83 90 16 53 4 47 3 71 42 41 98 91 31 99 45 59 33 79 94 26 62 95 52 100 83 66 81 53 81 35 34
59 81 86 14 22 96 42 69 96 14 79 92 85 40 32 79 81 43 88 5 7 32 21 25 64 45 97 63 9 69 24
92 89 30 22 62 54 10 53 78 42 80 41 71 36 69 4 11 97 34 88 68 84 15 51 24 65 41 1 37 30 92
96 68 81 4 4 69 50 77 8 2 56 32 89 51 29 92 9 45 87 33 15 57 49 92 5 16 66 99 50 37 12
26 17 10 16 91 70 46 97 25 87 35 90 67 46 48 68 15 29 73 100 81 5 89 17 2 52 52 76 92 88 29
9 40 9 54 49 81 22 79 8 7 83 83 5 32 35 13 84 37 55 7 28 97 30 12 65 13 42 99 7 71 55
86 95 97 39 20 73 88 30 50 19 42 38 80 1 83 14 7 66 87 94 42 2 9 91 14 56 58 44 50 14 29
88 83 2 21 22 15 91 27 29 48 89 38 10 8 53 53 38 22 93 84 8 99 27 93 54 83 79 60 7 49 25
8 93 66 91 65 60 36 12 31 51 97 70 4 41 36 10 57 27 86 34 48 68 46 50 2 52 14 81 7 30 56
9 26 39 81 42 12 68 27 20 39 28 61 72 71 53 87 60 83 1 67 80 56 98 43 92 35 86 36 31 80 92
91 42 47 63 13 26 2 74 24 38 7 60 68 56 3 17 7 66 67 44 1 52 83 2 98 12 32 50 13 25 22
91 21 75 77 99 50 39 75 58 47 63 99 75 53 81 25 88 22 100 58 8 91 89 29 100 75 79 82 10 17 46
37 6 35 65 70 81 84 35 28 16 67 2 92 5 53 93 52 4 81 39 79 9 50 56 90 64 57 37 16 92 52
2 58 28 9 44 90 8 39 23 56 24 13 32 5 42 76 96 100 48 56 35 35 63 86 77 59 10 13 65 78 94
93 27 12 3 7 83 11 11 46 6 48 10 97 8 75 14 98 51 10 88 99 47 72 18 83 63 87 6 35 87 57
39 17 10 87 90 9 94 55 88 6 74 50 14 19 23 40 49 99 9 48 76 54 40 16 86 93 19 55 68 63 4
19 55 76 66 67 29 50 98 21 70 55 43 13 29 63 77 95 4 62 16 16 8 80 90 7 80 3 72 37 97 60
16 75 98 18 65 65 44 51 23 18 49 33 86 70 93 36 13 69 69 41 33 6 100 94 76 60 46 70 7 39 71
76 39 14 59 99 35 52 40 89 36 1 89 16 35 27 95 64 11 76 2 90 55 69 48 64 86 67 26 22 99 93
55 45 55 6 28 42 97 65 39 89 78 2 46 15 41 11 8 57 96 39 89 70 27 89 100 10 49 100 62 91 17
