771
58 52
39 7 41 63 63 73 60 3 75 7 28 35 84 83 77 73 1 43 94 28 18 17 1 66 11 8 26 77 93 39 48 21 45 13 33 37 33 30 87 7 30 30 7 93 74 4 37 38 94 28 68 23
99 40 27 38 66 83 20 5 28 95 44 35 27 72 15 32 79 85 93 85 59 39 77 17 96 64 30 66 86 50 24 68 56 60 84 56 91 16 1 3 94 78 80 16 5 72 79 36 69 98 23 61
50 55 4 77 76 64 36 71 63 53 90 97 6 14 48 52 54 32 28 5 90 89 87 70 22 8 94 69 5 19 16 7 15 5 64 99 15 68 100 15 23 84 75 80 73 66 23 6 6 27 94 74
50 83 86 52 43 52 38 79 93 59 76 43 17 58 75 49 49 59 58 12 60 4 98 15 13 35 10 10 89 8 45 7 44 41 95 98 49 81 73 50 42 12 63 5 6 22 39 21 49 77 8 21
80 77 23 36 86 98 32 44 61 20 100 30 13 66 97 91 42 15 67 98 32 70 70 45 84 80 32 45 25 92 80 86 43 6 59 10 55 22 82 100 3 83 27 4 1 19 97 1 10 45 35 71
75 79 16 63 8 57 40 12 87 57 61 99 3 71 24 96 53 68 38 86 47 23 3 21 19 52 66 79 63 4 69 50 91 8 82 75 54 80 65 81 52 55 36 100 59 93 21 28 52 16 51 95
13 75 15 10 53 8 100 21 27 100 41 77 35 20 42 50 17 22 18 78 36 56 48 81 98 100 91 33 24 73 54 65 4 13 100 57 53 19 27 43 19 11 32 1 96 64 2 98 47 62 88 26
94 20 5 46 29 59 88 71 45 35 53 17 50 54 100 87 44 79 32 10 7 28 37 63 38 19 58 16 78 53 10 13 84 68 7 51 80 11 79 2 58 24 75 92 25 53 73 89 50 30 66 32
11 13 28 5 57 15 36 53 99 86 28 95 32 44 51 33 99 39 9 86 16 17 44 40 62 6 87 18 35 48 70 70 71 35 54 37 53 8 94 99 86 98 66 92 71 47 60 42 17 100 32 79
3 85 45 99 80 87 20 57 62 26 50 5 14 69 78 66 29 15 12 68 30 61 61 25 33 34 54 83 91 90 51 6 7 85 93 20 17 38 98 96 69 19 72 91 90 68 4 64 95 40 100 51
17 22 92 76 54 20 14 5 62 48 75 53 88 68 60 34 63 11 56 50 26 36 32 73 97 55 85 2 57 78 100 87 77 74 84 30 42 78 47 6 20 50 98 77 6 76 86 27 95 99 43 71
74 45 16 76 19 31 83 86 64 14 11 70 67 76 39 72 72 3 57 4 45 17 51 31 24 37 32 62 13 70 82 38 25 69 10 71 34 99 73 51 63 91 62 71 59 1 39 48 57 84 9 93
7 9 82 1 79 8 61 19 97 95 77 69 26 93 62 45 33 40 72 65 44 46 8 78 81 24 44 40 81 97 62 23 88 57 84 36 7 69 58 62 87 90 76 43 63 88 74 4 27 42 78 96
25 66 69 95 80 66 88 26 28 9 36 53 98 70 24 57 84 23 38 35 38 45 72 73 86 51 84 35 49 64 66 12 67 37 57 42 54 51 57 88 22 12 84 95 91 64 50 11 17 63 13 66
59 53 4 37 56 1 55 6 19 11 88 9 98 28 81 87 25 78 43 100 18 24 45 9 15 58 55 45 24 40 87 31 82 85 21 12 65 19 12 1 9 54 45 88 18 37 8 46 30 19 16 8
81 82 95 70 36 84 41 9 83 63 61 54 55 19 50 74 8 5 74 19 42 14 76 43 27 84 71 56 96 92 94 87 75 53 98 37 73 43 59 82 19 64 30 80 46 3 63 32 55 50 53 79
100 78 38 3 28 12 60 95 37 14 72 45 100 23 51 15 61 15 66 8 84 98 15 27 46 98 76 60 72 7 61 42 77 79 29 65 66 26 98 28 83 16 23 22 96 36 77 93 93 15 4 31
73 81 34 36 29 68 54 63 100 47 3 89 94 88 59 87 17 81 98 4 88 68 30 22 2 97 93 11 13 4 52 27 16 83 1 28 57 20 100 82 15 3 74 16 87 82 52 63 61 62 2 49
54 42 89 53 64 30 77 53 53 45 39 40 43 97 56 73 79 35 66 20 61 62 3 3 79 17 70 83 82 77 17 77 41 27 40 83 28 54 39 91 28 47 72 10 23 78 33 57 63 64 17 12
89 37 76 75 84 84 63 73 67 53 75 78 95 11 36 16 43 41 15 10 11 90 67 77 96 67 30 15 28 4 91 96 49 64 11 74 28 84 87 88 74 15 36 30 79 93 72 20 96 25 99 8
59 93 52 46 70 31 38 62 51 90 11 39 63 70 88 94 32 24 72 48 61 6 57 92 76 45 24 96 13 92 53 3 46 52 68 55 56 60 78 32 93 31 70 41 56 71 41 73 96 89 68 8
93 62 54 68 91 49 45 42 16 90 61 25 4 4 34 41 68 70 97 72 100 11 46 33 56 44 76 69 12 99 30 90 34 45 73 50 16 55 66 92 38 56 5 56 15 57 46 41 24 99 3 14
4 53 58 49 94 53 85 20 87 85 63 9 87 37 20 74 26 59 63 8 11 49 63 27 81 94 45 21 13 8 69 70 63 54 39 85 4 22 26 80 86 83 9 85 93 14 98 95 19 62 89 56
3 23 71 14 28 8 50 15 90 19 25 68 79 21 64 3 56 29 85 20 58 38 99 35 93 73 68 16 77 39 11 94 86 83 27 44 94 63 93 57 17 76 34 52 50 99 53 64 91 13 41 24
37 70 66 37 65 70 88 22 37 7 37 20 35 99 93 31 75 62 15 77 56 79 49 82 50 7 6 96 85 100 35 92 79 34 24 76 25 52 13 14 55 22 24 93 64 91 92 30 89 53 3 74
77 18 20 66 16 6 36 91 85 10 70 76 26 67 68 64 91 56 20 8 75 15 71 37 51 74 41 17 71 57 89 76 46 44 26 96 31 63 30 10 9 52 10 8 72 8 34 82 49 9 87 68
57 91 22 11 17 53 82 48 72 66 49 79 3 31 7 45 69 87 88 7 7 94 15 100 66 70 39 4 61 96 17 11 84 61 34 73 81 88 58 63 69 47 40 43 94 40 96 99 88 94 23 7
4 23 38 52 76 77 10 44 85 60 74 99 25 78 73 10 69 34 34 83 58 45 93 96 61 94 88 100 1 71 90 31 92 88 62 76 22 88 83 8 85 66 19 10 36 2 22 78 7 31 76 78
83 7 53 94 22 69 43 98 4 51 25 2 99 29 96 32 80 8 79 74 63 5 39 6 89 100 66 66 92 49 39 33 47 22 43 97 27 3 78 63 17 37 41 3 56 73 78 65 41 80 89 80
22 58 18 97 48 44 43 56 92 9 43 85 3 90 95 93 1 86 72 13 11 6 61 56 69 40 42 33 55 21 21 100 1 29 33 10 60 19 100 69 11 62 1 16 60 46 89 6 31 70 69 50
76 46 21 44 72 7 16 46 20 22 28 73 77 13 23 16 59 13 61 21 20 45 56 60 8 2 82 25 51 28 38 53 90 11 70 51 74 42 54 26 57 48 69 67 98 31 88 9 99 89 63 97
97 89 76 63 27 11 41 32 87 60 42 90 18 40 30 25 54 68 42 47 37 6 52 54 12 90 56 28 53 16 53 75 52 80 62 59 19 65 14 85 76 85 41 5 76 71 8 82 26 2 92 32
22 9 97 2 38 27 52 93 16 74 23 41 38 62 5 58 2 99 58 30 22 83 23 30 99 85 49 34 40 83 10 48 90 45 69 79 66 66 27 8 2 78 46 69 39 68 25 26 50 18 44 89
33 92 37 9 81 5 15 29 86 8 98 85 74 5 39 17 54 54 94 93 41 88 1 9 10 94 7 70 53 74 16 8 17 37 94 70 28 24 77 43 50 64 19 78 94 94 32 48 31 63 60 16
90 37 16 4 77 19 25 50 91 18 3 37 89 37 31 21 73 81 83 56 28 28 66 43 86 87 74 72 96 90 61 29 85 65 64 29 34 84 22 78 62 14 40 23 66 34 15 22 96 53 62 8
50 4 22 48 9 33 11 50 83 91 61 65 22 19 60 30 14 52 95 42 53 67 43 78 100 92 74 13 32 56 17 76 15 15 71 9 45 55 31 12 30 41 53 70 77 88 32 10 17 12 74 82
99 53 72 81 15 36 96 19 7 49 69 66 26 14 53 22 20 86 97 19 47 9 56 77 17 31 20 13 83 44 14 90 93 23 64 42 71 78 2 42 27 64 8 52 56 4 41 35 55 61 89 32
76 87 86 67 59 21 41 11 15 47 67 34 47 2 70 72 27 57 3 40 21 74 12 4 81 86 98 76 86 29 27 41 30 26 20 34 11 65 58 40 94 81 46 71 57 57 51 80 52 66 39 47
5 59 97 64 13 47 53 26 72 42 11 8 28 62 61 56 29 48 12 72 100 31 58 67 6 93 78 72 82 92 79 17 79 6 57 30 99 32 24 75 23 91 86 88 92 64 41 59 25 62 86 43
17 5 72 7 67 58 3 89 53 76 86 84 31 44 70 40 60 12 65 68 1 45 44 36 8 84 25 53 62 2 44 22 97 34 18 28 29 7 86 35 41 53 52 98 36 9 87 97 17 80 84 30
59 79 83 10 5 69 64 97 93 77 62 7 64 39 54 76 70 32 36 50 57 80 29 58 55 8 5 65 28 88 55 67 65 74 17 61 79 52 78 63 54 98 25 99 77 36 4 85 82 70 4 3
83 5 34 12 100 25 99 76 85 7 44 37 43 54 37 77 30 96 12 74 37 86 32 99 65 24 10 1 87 33 86 64 69 67 75 92 75 17 89 30 90 74 15 43 36 14 12 10 93 50 4 68
18 68 91 33 96 99 86 54 51 68 91 67 4 26 22 10 64 84 7 23 41 40 90 40 38 90 21 76 42 89 25 100 61 13 23 3 70 14 67 91 32 68 70 78 12 72 9 26 6 61 30 51
76 90 23 98 67 63 88 27 83 78 68 6 13 29 27 99 27 9 22 36 4 29 55 99 84 78 27 52 98 97 45 42 69 24 57 36 24 17 85 43 97 41 95 71 47 99 47 19 42 83 42 69
27 58 55 93 54 83 32 48 16 75 85 24 28 5 37 54 64 75 61 41 32 21 21 61 19 80 36 22 60 93 83 45 55 99 89 24 52 9 77 54 28 92 60 89 35 17 98 4 97 74 39 31
71 91 62 93 69 35 96 32 97 54 30 11 19 41 57 87 83 40 69 30 18 80 93 30 40 37 36 82 49 85 59 94 72 10 27 99 28 69 38 77 69 3 93 84 42 44 67 80 87 13 85 49
93 82 17 1 29 65 43 4 37 89 2 75 57 99 51 96 46 93 83 76 32 68 46 73 97 75 76 62 3 28 55 65 47 78 78 96 24 24 76 34 61 10 95 84 55 97 2 42 21 28 33 55
41 68 57 66 80 43 83 93 49 4 77 16 54 94 99 1 50 95 82 85 9 7 78 63 62 5 5 55 78 33 35 70 94 79 21 99 39 63 65 65 71 54 43 88 15 23 80 38 70 49 37 83
89 17 100 86 13 15 47 57 25 41 10 3 85 2 62 24 73 92 45 2 54 45 35 19 13 40 1 93 18 83 14 73 92 83 24 95 78 38 12 30 89 28 28 11 83 29 100 46 35 62 23 29
54 70 3 91 90 87 55 84 92 17 44 48 36 57 86 29 63 46 45 96 84 41 3 10 56 39 16 11 70 8 11 32 63 80 87 6 32 48 10 98 33 26 24 14 51 97 75 59 45 37 49 65
12 37 59 52 11 41 17 21 32 42 66 100 8 48 89 79 52 52 44 83 49 10 8 65 26 1 50 23 72 60 60 60 94 43 99 86 25 95 7 90 37 17 91 22 54 74 75 42 82 98 19 55
84 31 14 71 64 73 87 92 24 94 39 21 2 32 3 94 11 19 51 84 19 61 30 80 70 77 4 75 70 92 70 30 86 34 21 90 95 30 70 98 88 72 77 68 32 79 99 90 51 96 8 14
28 37 76 96 58 37 65 73 88 83 14 52 70 94 2 57 29 56 64 45 22 85 90 41 95 37 56 20 29 56 66 7 74 22 64 84 26 60 5 83 91 26 74 37 93 72 60 91 67 14 44 97
48 83 26 56 93 98 57 30 71 28 73 45 11 64 42 94 52 36 100 98 56 82 90 61 11 91 23 98 93 4 63 55 63 2 26 17 44 29 94 31 99 91 42 51 87 82 3 9 50 17 90 95
47 90 78 68 84 61 84 25 47 36 84 49 99 8 25 40 89 34 7 66 43 54 76 69 100 76 82 40 1 12 8 98 12 24 31 2 76 50 62 8 52 60 19 8 55 86 56 93 51 62 45 45
1 12 12 23 37 79 95 37 93 20 17 47 87 36 56 4 18 20 37 95 22 32 20 28 41 83 41 57 80 1 3 75 6 22 41 85 33 39 3 75 82 98 69 3 95 19 1 48 48 16 85 82
87 17 88 6 59 96 2 30 38 47 54 96 97 27 87 79 81 3 76 34 28 58 53 32 78 5 31 8 72 16 11 53 64 86 98 100 90 56 55 25 79 66 49 80 16 64 2 10 93 32 33 22
58 71 80 59 30 97 49 54 99 16 46 1 93 52 74 4 82 9 74 71 73 5 16 67 5 25 99 64 97 57 63 15 42 34 54 21 100 80 75 60 72 4 50 4 97 67 81 41 83 95 33 47
