864
48 96
41 48 66 15 56 84 81 90 46 9 65 30 100 92 22 9 38 62 19 59 73 93 31 65 16 17 94 31 15 34 26 29 43 76 19 65 46 96 60 26 10 99 38 76 42 13 59 30 48 40 20 60 49 84 51 99 21 5 96 29 50 47 100 81 60 9 62 51 34 22 62 48 39 71 47 4 62 45 6 28 18 22 67 26 54 62 26 86 68 16 54 74 53 60 64 2
69 11 36 10 99 21 8 55 98 34 89 52 49 5 1 5 84 53 41 9 84 96 72 4 94 29 57 67 50 20 70 54 34 81 92 14 88 41 44 97 31 40 71 83 98 100 14 55 70 92 65 29 39 13 70 72 88 33 68 38 70 28 32 55 2 32 94 100 18 19 49 37 74 76 13 29 75 31 73 48 51 68 8 6 86 62 58 30 61 87 27 53 81 48 28 32
47 11 83 66 45 87 56 55 47 75 16 54 46 53 100 6 25 85 49 56 67 54 39 66 44 92 59 6 83 95 62 96 55 11 78 14 25 96 35 11 21 76 86 54 17 79 49 64 38 86 16 63 56 19 74 80 52 59 27 95 16 45 64 45 35 95 43 11 53 23 77 49 57 24 81 57 26 48 99 74 95 24 9 75 98 46 89 60 90 70 75 79 55 32 32 86
83 36 87 20 91 3 39 97 3 70 65 56 50 85 91 4 15 90 77 8 9 14 3 38 46 46 92 85 45 77 85 79 14 14 97 7 73 29 35 96 23 79 49 45 36 78 28 38 76 53 47 6 40 59 28 99 28 21 9 39 35 63 8 64 98 48 5 99 36 81 11 4 37 14 89 81 2 34 42 8 72 84 24 86 13 47 9 41 67 31 6 100 74 92 11 65
21 98 56 60 52 34 75 26 16 21 17 57 98 53 89 94 85 32 54 54 18 91 49 9 13 87 71 56 85 28 37 22 92 34 100 50 96 16 25 19 54 77 14 27 49 61 94 28 49 84 99 56 84 2 45 4 32 78 41 31 59 88 83 88 71 29 8 61 18 17 60 53 29 8 35 81 79 4 68 54 16 70 99 2 7 46 91 68 13 28 91 13 23 16 15 1
74 34 89 53 28 46 33 82 38 78 48 5 52 86 24 68 64 91 68 66 55 47 41 99 32 4 14 22 6 79 56 46 100 3 65 50 83 74 33 8 32 90 66 89 31 4 32 15 51 93 4 87 31 18 47 35 48 14 45 10 44 34 58 59 71 68 71 8 35 58 5 49 85 89 48 48 21 77 58 17 59 92 10 40 76 99 15 74 11 8 96 30 5 96 2 89
25 66 19 84 44 17 25 40 19 59 94 1 91 82 66 20 86 11 7 63 66 49 55 55 55 71 59 32 96 38 63 70 91 77 98 32 37 25 95 60 80 27 52 66 51 87 74 10 53 19 22 59 81 89 98 2 33 38 71 65 95 55 77 52 81 84 11 37 80 78 13 43 97 93 15 58 9 83 36 65 99 52 63 64 37 62 9 18 53 74 79 46 12 68 9 62
26 48 70 20 7 65 6 36 21 98 18 57 51 51 32 4 86 57 83 82 54 37 75 29 43 94 43 21 32 89 86 47 16 36 100 99 87 34 27 35 55 22 78 79 55 66 64 30 24 22 76 45 19 2 48 38 46 48 32 36 7 49 28 5 21 21 4 24 95 52 59 84 22 20 54 68 15 89 6 65 46 8 20 21 25 8 76 29 100 92 97 38 56 8 20 79
34 18 62 77 9 48 78 79 68 57 50 4 49 76 17 44 72 83 67 74 68 59 32 39 87 63 30 70 9 84 68 61 35 84 67 40 75 5 56 60 19 32 14 96 85 1 90 83 6 90 16 36 48 52 51 18 16 65 36 10 24 14 15 27 19 47 22 28 11 100 94 56 91 58 43 54 89 71 12 50 8 78 43 72 96 75 34 99 79 13 65 65 34 65 58 69
8 42 43 53 35 97 19 37 90 19 8 19 91 76 63 61 21 71 100 40 86 3 35 98 87 28 80 11 7 55 95 59 72 49 23 27 3 19 55 96 3 6 25 100 97 33 51 80 10 31 88 6 92 41 44 12 74 5 50 88 14 64 13 53 68 86 32 26 9 15 19 70 37 83 23 35 77 81 81 87 27 1 18 60 91 12 9 87 90 13 97 68 29 61 32 23
76 74 89 94 15 52 22 13 89 28 9 30 40 85 52 78 76 55 10 64 31 1 72 53 8 64 12 23 30 6 97 89 92 84 19 7 55 94 41 31 7 14 67 55 33 100 57 98 49 82 65 40 96 12 39 20 20 5 40 57 30 14 83 88 99 54 96 73 27 27 74 74 59 68 94 16 38 39 50 73 53 73 62 82 73 12 42 82 69 28 95 38 13 61 91 70
71 28 3 64 40 25 55 44 32 47 97 80 73 6 49 80 89 65 89 77 51 54 7 49 89 66 43 2 31 13 51 69 94 31 36 52 1 56 39 92 36 22 28 47 59 24 98 44 5 97 14 12 91 49 60 11 94 91 60 50 44 56 57 35 13 91 36 10 88 45 15 81 97 35 20 52 88 13 67 71 5 18 18 77 22 1 48 43 57 14 29 48 7 38 61 66
60 7 86 72 15 71 30 61 28 2 43 93 88 15 94 19 45 51 25 91 11 72 52 33 34 92 50 93 53 28 45 8 14 92 51 44 67 8 60 31 97 48 24 37 91 27 7 59 100 93 1 6 93 76 11 53 69 16 31 18 14 53 51 27 81 93 69 92 32 49 42 67 91 69 56 44 28 8 60 78 36 80 96 38 7 21 25 91 93 55 61 17 90 67 50 34
15 3 30 82 34 84 74 33 84 72 17 46 72 99 7 14 31 23 65 39 30 8 27 15 87 53 2 56 57 75 43 21 25 53 29 48 33 21 19 73 34 2 62 4 63 11 95 50 58 75 48 89 38 57 71 45 24 89 69 26 86 79 89 99 75 16 43 56 92 96 62 11 22 47 23 12 45 66 65 22 68 95 58 5 83 15 79 13 58 56 79 55 58 35 76 62
44 36 91 1 44 31 89 92 80 29 77 27 30 52 52 46 7 48 54 65 81 19 31 71 29 17 2 66 53 91 89 49 2 100 5 15 61 13 11 70 27 55 47 77 1 79 20 54 1 41 9 14 19 64 2 16 39 77 81 21 91 81 38 85 71 36 30 89 47 12 100 54 69 63 2 87 80 44 97 62 100 55 69 33 90 35 28 30 30 47 5 75 92 4 65 8
92 46 53 21 78 25 57 33 32 2 48 43 53 5 68 98 2 13 96 96 54 39 9 42 44 80 9 16 47 10 38 39 25 35 6 70 1 39 13 9 93 63 47 3 81 78 84 42 63 8 30 81 43 77 38 33 63 3 5 68 50 43 84 82 86 90 33 61 65 34 88 72 84 74 99 85 59 67 86 91 57 80 85 26 89 72 2 62 99 81 17 15 31 5 95 89
6 65 59 84 22 44 39 88 25 41 82 47 53 67 12 19 78 68 91 77 63 6 17 4 46 26 46 46 23 17 23 29 75 24 15 64 60 63 41 43 83 42 22 4 97 30 64 20 8 25 87 69 7 16 96 89 18 81 7 11 97 30 17 20 99 4 81 21 71 39 6 3 88 61 86 8 64 69 2 68 77 42 90 74 27 96 41 24 17 39 57 27 27 13 16 60
71 85 82 11 83 81 3 18 46 91 91 42 62 16 48 89 74 84 99 32 40 2 23 96 29 27 98 78 55 33 24 63 71 50 17 55 59 21 95 19 90 100 92 24 67 30 20 53 70 91 50 10 25 73 67 15 95 50 12 45 27 72 6 63 98 28 35 71 36 78 42 54 36 59 29 33 95 60 97 50 27 74 100 10 72 14 67 100 74 19 27 10 93 78 89 3
6 50 58 77 18 100 32 19 55 84 14 49 29 77 52 19 23 89 7 35 99 13 70 23 48 51 9 51 69 16 61 46 33 25 56 23 77 57 14 58 37 65 76 20 58 46 88 43 23 29 86 18 35 53 93 36 83 6 44 15 49 14 2 38 72 100 45 59 24 42 31 31 24 95 50 91 70 86 33 60 47 98 18 89 8 38 75 75 32 15 92 45 87 87 25 38
3 32 15 100 41 6 56 82 13 13 89 36 61 78 80 53 35 3 37 13 82 1 52 57 35 86 55 19 81 40 69 86 21 49 4 26 42 91 19 71 88 61 52 100 59 54 80 90 43 93 86 54 61 94 88 48 16 1 19 12 93 72 99 42 48 22 27 16 48 29 18 71 49 23 43 91 63 73 49 19 82 27 17 41 12 60 8 29 23 77 43 32 28 36 78 46
86 59 45 16 83 77 77 36 19 24 46 18 47 88 27 4 53 2 31 68 12 36 67 100 19 81 36 51 53 12 94 18 28 82 61 37 38 15 43 75 39 32 58 51 45 70 55 93 72 22 71 97 73 14 45 6 25 11 13 77 78 35 67 67 86 12 91 23 43 46 64 41 42 82 18 32 2 84 96 83 43 66 93 18 7 9 87 9 77 79 70 14 81 97 42 43
88 52 63 14 96 99 12 36 37 91 10 95 29 17 42 48 58 87 30 57 34 61 64 55 3 70 15 66 7 83 94 15 53 72 86 18 34 93 92 82 63 78 31 46 44 18 18 85 60 44 93 4 37 35 40 3 79 72 33 69 40 1 24 3 19 20 39 76 29 5 67 46 7 40 87 20 29 86 71 3 46 74 38 17 42 19 44 28 68 52 19 23 36 46 62 8
40 17 55 58 21 66 25 75 8 8 1 17 41 18 46 92 100 48 2 83 75 24 99 56 91 82 17 65 14 11 2 44 29 59 4 5 21 1 22 39 63 63 98 4 4 62 49 94 58 51 28 22 33 87 21 94 17 8 12 25 4 40 64 45 14 13 72 86 78 26 7 17 84 85 92 15 46 61 14 31 44 2 40 54 47 35 22 98 35 84 35 4 100 4 26 90
46 56 91 35 45 12 87 41 39 65 66 13 31 80 4 9 65 2 42 31 23 17 75 72 24 70 63 31 35 27 34 74 27 39 99 22 40 87 67 55 80 68 21 62 94 42 76 15 55 51 47 5 95 76 83 4 47 67 14 37 45 98 59 47 79 51 50 13 55 73 46 23 82 65 64 90 4 60 13 53 24 96 46 24 76 9 75 62 87 86 90 49 33 25 98 32
11 59 76 74 16 43 84 21 38 69 51 62 69 38 63 6 45 86 44 4 78 72 42 66 13 8 98 29 13 71 14 41 19 100 83 72 53 4 69 41 60 67 14 36 33 3 35 12 5 16 19 93 13 12 36 16 49 89 63 72 91 29 27 98 18 54 61 34 35 10 18 27 80 84 30 5 8 75 64 18 46 51 33 40 69 66 37 96 71 96 48 33 20 10 89 79
10 8 73 58 30 45 10 4 86 23 90 93 45 95 14 56 30 98 58 19 65 61 22 71 6 30 1 74 80 55 77 40 17 54 32 7 78 14 18 74 49 25 26 61 29 31 77 10 39 38 40 79 26 82 94 87 72 38 75 50 63 24 98 53 12 62 89 41 87 17 40 62 95 38 83 95 17 6 42 41 71 26 41 61 49 4 85 9 35 73 72 17 56 36 53 74
91 5 12 52 72 37 74 41 34 53 52 85 34 33 88 63 50 91 33 75 27 28 88 50 52 27 7 95 56 99 73 39 34 2 45 32 47 23 12 93 67 31 33 85 43 19 95 69 50 69 98 31 63 10 58 68 31 67 65 8 60 50 46 1 40 7 77 73 98 74 68 92 9 79 39 49 43 93 100 71 97 35 66 100 28 65 75 77 100 1 52 73 65 45 92 26
67 84 43 31 46 51 28 85 34 6 29 96 1 7 2 62 73 10 77 89 93 61 88 100 6 78 47 40 78 31 92 68 85 38 88 31 50 69 63 7 32 99 71 42 22 4 61 80 76 81 13 36 3 32 32 12 50 54 74 62 38 49 21 57 55 13 34 55 72 5 10 76 81 83 78 38 82 84 70 55 27 17 72 80 70 59 43 3 20 24 38 56 20 95 47 11
57 96 83 28 74 55 68 87 43 58 76 34 25 9 44 21 65 22 93 89 46 89 82 48 24 25 50 68 37 19 39 56 90 12 51 35 61 74 29 56 70 31 4 77 98 24 27 36 84 75 97 99 46 19 71 67 54 1 6 47 73 36 20 10 8 60 92 58 1 43 46 43 100 51 7 47 87 36 96 3 62 32 79 10 95 44 65 96 89 71 7 6 80 12 78 32
49 17 44 51 2 29 69 96 19 5 47 24 10 42 18 10 100 86 15 90 54 10 73 23 99 59 4 24 46 40 97 34 6 62 55 29 75 61 77 75 9 22 27 21 60 97 21 57 14 5 57 3 81 90 5 48 34 66 89 76 62 67 86 7 91 52 15 71 66 90 71 88 28 5 95 12 61 43 66 63 12 100 6 82 8 47 64 91 35 32 3 44 25 2 84 97
35 83 62 27 25 57 53 27 92 67 16 74 13 16 3 94 86 52 1 21 73 1 46 17 94 36 25 99 99 40 92 59 24 90 79 76 73 61 18 69 75 56 25 84 11 78 83 33 11 52 98 17 78 30 44 40 22 35 19 17 52 70 5 2 96 17 59 62 98 59 22 68 96 31 75 48 96 74 11 77 20 97 30 31 33 35 77 25 21 88 57 38 88 3 11 12
76 18 5 97 28 31 50 29 62 56 24 71 4 14 61 40 33 27 72 57 80 11 62 21 41 32 24 2 82 44 62 94 40 14 69 57 90 48 13 9 38 40 50 62 47 62 96 51 18 85 48 89 100 4 73 54 87 78 47 13 44 17 7 4 88 8 43 50 17 71 51 42 4 95 69 88 1 74 76 54 35 60 91 81 44 54 84 2 51 75 3 7 88 5 49 10
35 38 68 84 77 51 69 82 96 76 75 88 50 93 58 78 91 75 12 95 34 94 59 27 44 15 7 56 99 17 92 97 87 16 27 67 78 1 94 95 33 76 78 96 45 91 57 97 19 66 35 50 24 12 60 3 64 61 91 60 61 16 1 99 66 99 49 4 92 16 86 67 25 99 29 15 7 93 17 37 3 75 93 70 75 19 9 89 61 22 95 20 65 27 67 98
49 15 72 97 98 25 98 29 66 52 61 77 96 51 79 4 11 84 33 74 51 52 89 25 8 41 8 2 5 61 42 92 32 99 18 19 46 40 77 97 1 19 81 13 4 72 74 24 35 13 11 16 84 2 13 67 93 7 25 72 43 55 43 63 98 60 15 39 50 100 99 99 66 25 9 25 30 57 34 31 14 95 63 15 9 22 20 18 28 47 22 92 44 37 45 74
85 81 37 23 67 66 68 51 12 34 9 40 76 25 48 83 82 98 70 87 100 52 46 68 8 94 56 28 11 58 52 36 79 55 38 73 53 61 85 45 49 17 26 55 44 93 35 15 17 1 91 84 99 23 19 20 51 60 22 6 50 59 65 43 25 77 82 87 35 26 41 93 35 55 79 32 75 96 39 11 24 56 27 87 83 59 100 91 27 92 32 56 36 7 75 74
51 56 75 99 11 96 93 55 83 31 37 96 13 63 5 75 91 89 28 42 68 5 4 15 57 47 75 37 48 91 6 85 4 36 7 4 79 64 24 71 25 74 75 75 37 46 99 87 93 98 53 98 73 33 48 41 84 56 82 40 99 58 74 84 22 36 9 66 44 77 10 1 80 20 49 62 97 52 56 15 91 23 71 100 52 70 6 37 38 24 65 91 41 81 92 63
91 84 26 13 46 76 59 18 22 40 91 79 79 50 97 39 2 81 100 58 63 33 48 48 1 62 48 81 29 87 99 26 20 50 77 73 24 25 72 76 9 18 50 15 40 63 12 23 24 23 99 85 99 65 42 72 75 23 32 98 21 61 96 62 69 39 62 38 96 43 12 13 86 80 13 95 72 4 84 79 13 82 8 22 60 67 10 55 82 66 60 30 43 15 45 73
86 70 25 100 40 11 67 15 17 83 16 38 3 12 53 3 43 58 76 44 77 27 42 55 94 60 25 66 60 80 72 80 70 97 23 51 9 28 58 20 22 70 4 95 32 84 60 4 9 62 98 90 56 60 90 86 77 77 61 88 72 49 61 83 79 84 23 47 59 55 32 10 37 83 35 56 29 39 4 8 22 11 14 2 3 71 60 39 41 68 83 17 15 69 27 67
83 36 70 76 82 75 61 87 21 74 12 4 64 86 45 25 83 96 40 83 27 55 94 21 24 86 12 37 29 13 78 98 43 65 86 63 5 61 85 66 83 36 48 87 78 93 40 9 80 50 9 5 8 96 91 90 44 94 22 65 57 8 82 58 39 22 10 90 25 81 33 79 23 36 69 88 51 19 40 70 84 45 24 36 30 8 16 85 10 65 92 47 12 11 7 78
2 68 51 78 46 54 33 6 57 16 46 57 94 45 57 94 57 28 42 80 44 89 56 94 13 74 46 33 10 30 10 1 22 2 3 12 4 93 35 43 20 53 92 5 29 10 64 19 77 83 22 69 8 63 95 89 3 6 25 1 71 68 15 93 69 65 33 43 39 33 93 34 38 5 34 49 6 11 96 32 9 75 8 39 12 47 50 54 78 21 76 97 14 49 68 97
68 72 57 86 63 71 14 75 85 100 76 95 50 4 17 69 73 72 52 86 17 45 23 25 91 50 91 31 1 91 15 5 67 44 31 55 87 90 70 42 26 10 2 56 21 64 84 78 73 81 87 42 59 88 56 54 82 1 78 49 58 63 59 93 61 13 96 33 96 31 62 59 9 42 5 76 82 27 51 63 69 19 88 3 1 29 9 5 43 55 18 58 18 68 37 53
72 46 100 32 42 93 85 34 70 16 92 96 35 86 65 36 72 77 76 2 85 79 9 95 54 32 7 34 81 56 76 25 2 55 33 27 17 34 28 24 32 89 43 54 46 25 35 29 47 52 17 61 17 7 76 22 46 28 15 81 87 39 96 97 44 57 69 68 45 31 73 67 36 93 91 27 24 15 31 58 10 84 53 78 42 36 58 64 4 77 96 7 7 22 85 41
74 80 23 94 89 58 70 85 11 35 7 52 9 57 52 83 1 48 76 43 40 19 64 51 68 26 45 84 55 29 56 9 92 20 24 81 15 75 91 80 38 96 75 100 49 2 58 49 44 32 84 82 62 27 1 29 62 21 34 80 9 11 48 74 13 84 10 6 25 1 70 6 88 27 60 6 23 67 38 50 14 98 55 86 62 26 33 88 98 23 84 67 86 77 97 50
43 52 31 71 55 13 5 29 12 25 1 8 53 84 75 63 76 43 12 42 62 69 89 6 39 63 22 45 73 22 68 75 36 45 19 85 51 43 56 67 85 25 50 73 57 16 45 45 14 46 56 8 91 2 55 42 70 77 93 15 96 71 84 27 5 27 77 84 88 82 5 19 68 36 40 1 96 11 89 70 64 85 2 3 9 61 86 99 64 83 47 43 77 35 33 8
78 65 25 41 49 78 38 1 77 42 77 24 30 15 74 96 50 16 70 47 52 73 91 71 6 30 50 63 81 19 96 64 38 67 91 54 83 4 94 41 44 66 16 5 90 21 96 26 79 72 64 92 19 55 44 93 11 81 78 69 40 83 84 25 55 87 20 29 46 20 46 87 89 4 22 79 9 24 44 47 17 89 33 22 20 47 12 21 74 38 49 59 58 10 65 2
51 47 95 28 62 81 25 99 51 66 37 71 28 66 37 65 10 42 32 53 93 16 28 23 46 41 65 95 71 44 8 91 35 43 80 89 90 32 59 89 91 94 16 78 49 19 55 63 95 19 66 1 19 82 78 19 28 75 2 39 22 19 72 67 71 84 51 7 28 4 68 17 57 8 59 92 53 12 38 9 60 46 50 14 46 94 53 42 44 28 14 50 25 88 13 56
70 14 97 45 42 58 37 23 45 69 75 41 83 97 91 87 48 52 76 73 25 88 30 74 70 99 67 88 58 34 79 33 38 20 14 69 69 42 77 99 43 44 55 50 25 49 77 29 52 16 80 88 78 91 19 48 1 25 8 8 73 27 19 87 61 62 80 6 49 63 60 54 22 42 32 41 97 32 57 15 57 16 15 73 63 88 91 13 87 17 58 36 92 95 36 92
48 9 49 84 89 49 55 38 76 11 16 40 56 8 82 77 93 72 4 34 41 23 10 63 62 96 52 95 74 91 99 33 59 69 20 27 71 57 57 92 47 42 65 33 26 54 68 27 16 49 55 85 8 27 69 11 83 22 2 5 10 91 38 50 42 58 6 63 9 31 90 37 36 64 15 42 71 45 59 26 36 83 17 64 32 56 91 54 22 94 96 55 65 30 43 27
