655
71 45
6 53 60 33 68 96 14 18 40 82 46 67 8 30 42 10 47 74 59 4 73 85 12 10 1 94 13 37 96 48 12 76 15 78 6 28 33 5 45 44 70 27 69 83 35
86 89 35 95 94 67 51 90 35 38 43 12 74 79 22 92 9 10 8 17 46 87 46 8 40 33 30 79 84 85 31 42 59 62 93 84 99 23 85 49 47 93 43 53 2
39 31 31 55 79 37 43 6 68 21 53 83 61 15 63 16 95 67 44 84 9 95 34 21 86 8 49 69 84 19 58 73 72 80 27 42 71 96 67 73 71 2 11 87 89
75 26 80 57 31 83 73 22 91 69 17 13 81 84 30 28 9 29 36 91 1 42 33 85 7 63 80 86 54 16 15 89 18 36 88 66 47 81 12 74 88 49 35 22 41
92 94 19 22 7 30 63 75 61 100 97 36 8 86 29 55 54 69 82 80 68 39 3 52 51 22 80 62 33 78 59 42 2 100 31 63 32 88 20 60 56 24 31 37 50
41 6 35 94 57 95 1 68 61 82 100 20 74 1 25 23 7 64 90 98 61 48 35 52 97 58 5 50 89 51 72 73 85 23 4 96 32 1 85 46 72 10 92 78 70
12 82 53 9 71 99 12 100 100 41 14 38 30 2 89 22 6 64 64 15 48 92 71 18 87 68 23 77 23 81 23 58 93 7 28 25 46 75 67 42 61 19 4 10 19
28 67 24 16 100 12 87 7 37 85 78 81 18 82 11 86 1 16 95 8 5 91 90 80 32 37 58 18 36 76 79 69 5 37 2 15 38 77 44 22 33 20 21 59 36
17 59 54 34 97 73 98 48 20 93 58 4 16 89 100 24 55 90 21 79 99 41 85 97 91 91 44 87 81 90 74 20 50 72 83 46 66 95 46 73 61 50 63 6 17
87 82 14 37 21 42 100 12 92 13 65 18 19 86 87 92 74 57 4 15 48 54 83 71 38 16 14 67 32 3 34 8 7 52 8 17 36 60 46 18 56 72 58 94 81
19 73 29 32 16 50 74 51 10 75 79 17 17 41 58 36 15 68 8 82 74 1 65 58 32 100 47 69 5 96 58 16 79 97 55 1 40 24 63 98 55 68 83 25 100
20 58 13 65 36 27 15 93 22 51 68 77 66 80 74 40 27 87 57 63 31 56 21 60 52 56 33 21 57 23 25 97 85 94 76 16 82 87 87 28 33 80 70 7 63
53 56 77 67 57 60 93 23 66 43 52 96 27 51 69 82 95 90 49 99 32 24 85 98 37 17 12 27 32 23 30 93 22 42 1 64 20 4 91 77 42 55 41 83 22
13 23 39 83 100 11 93 34 50 26 28 77 98 56 64 50 47 51 71 63 65 3 99 91 94 5 41 59 90 89 5 55 62 29 100 18 6 47 97 73 69 14 97 23 97
16 5 20 51 33 65 67 64 19 50 60 21 74 16 47 84 79 85 11 39 69 89 58 4 33 74 21 54 57 7 82 92 24 36 60 35 69 20 87 88 34 95 49 74 2
80 20 85 96 17 9 72 82 78 9 28 94 16 54 69 24 83 47 28 61 82 27 90 78 34 87 25 75 76 55 92 89 30 16 7 42 20 11 80 68 23 32 19 25 51
51 1 74 98 30 31 82 100 13 29 76 20 23 2 78 39 42 76 28 47 21 49 64 50 7 3 24 93 10 60 7 3 29 63 99 34 95 29 87 9 14 23 39 6 3
23 96 22 42 50 6 89 43 41 19 28 30 78 41 74 9 41 95 96 4 54 52 97 94 61 24 28 93 37 40 1 86 65 88 67 26 61 39 70 12 91 73 40 12 29
4 67 15 26 21 23 68 3 80 70 63 4 18 79 56 55 78 99 53 12 62 81 35 45 72 13 75 17 9 35 57 35 59 57 37 52 33 2 77 25 55 20 29 10 5
77 5 88 81 41 72 55 3 67 78 68 43 94 31 4 16 33 4 5 16 10 67 31 52 58 58 61 50 29 1 38 95 74 81 37 38 52 27 59 38 31 100 11 87 68
37 51 32 51 99 99 47 8 85 14 49 8 13 11 28 64 11 56 50 18 63 25 100 71 94 64 75 76 88 89 65 9 65 59 4 35 84 72 78 13 59 62 68 6 72
26 81 37 75 69 73 56 33 36 79 85 96 17 34 2 57 100 35 72 43 75 92 35 44 100 7 7 4 42 2 38 8 23 97 44 97 93 45 71 73 76 48 68 15 2
12 77 98 100 80 29 50 49 33 61 63 20 53 17 97 27 86 18 29 69 93 97 32 83 93 40 5 75 9 3 49 16 16 69 36 74 81 96 19 5 74 27 64 88 65
55 62 64 100 64 10 25 12 24 93 68 21 8 19 85 93 94 83 95 67 42 99 94 45 77 39 12 43 12 41 87 54 81 11 78 5 90 33 42 91 33 40 83 77 87
8 19 57 25 57 46 96 61 87 55 8 57 11 42 80 55 52 26 92 35 76 65 4 78 80 29 64 84 57 41 58 85 35 13 87 96 94 86 11 56 68 77 34 34 66
42 66 70 98 32 11 77 8 92 77 7 72 17 94 18 80 58 67 79 34 90 98 55 76 39 68 56 45 74 16 89 15 33 97 96 79 62 8 47 81 3 53 21 65 63
34 89 96 25 56 7 75 2 99 34 97 67 32 22 27 44 5 22 21 78 11 5 67 60 6 33 49 20 2 64 50 83 38 6 51 74 86 11 63 23 92 13 10 45 14
48 26 47 85 46 73 78 26 73 1 29 90 7 93 96 75 48 25 44 17 54 3 47 96 93 6 14 12 88 19 83 2 60 54 100 33 55 39 45 5 68 26 61 71 21
8 2 97 13 88 43 11 71 1 21 6 95 20 2 16 3 47 34 97 48 63 10 52 95 47 94 88 62 91 73 57 48 80 8 10 67 8 31 57 75 48 87 77 51 16
61 94 55 8 25 10 38 72 6 42 25 41 49 60 91 9 41 84 34 79 94 29 50 57 85 50 69 98 34 84 31 47 63 29 14 28 89 29 85 39 12 64 88 16 43
84 24 3 28 49 84 94 49 18 35 75 4 82 68 57 37 47 2 38 1 65 78 60 69 90 77 90 3 73 42 94 16 37 59 96 23 43 47 37 69 82 92 9 13 41
38 54 2 95 96 43 59 75 49 40 46 6 2 22 52 21 94 9 79 1 65 47 74 54 53 4 53 8 90 72 28 40 62 37 45 70 49 90 12 26 53 23 75 100 79
98 50 84 32 86 53 78 7 85 15 63 16 43 14 24 2 84 84 22 36 38 91 27 89 13 93 14 60 87 89 9 94 92 82 71 64 68 65 8 47 10 9 45 35 57
99 39 94 97 46 24 40 45 72 63 48 10 89 96 60 94 88 12 30 74 56 49 74 53 16 13 83 58 38 40 18 71 1 4 32 35 65 13 34 97 91 88 54 87 49
54 88 93 19 33 72 53 3 15 66 23 50 91 77 1 15 44 28 25 83 51 83 26 54 81 30 87 29 57 3 82 8 7 28 52 99 44 34 41 11 60 92 15 82 86
91 46 67 22 43 15 18 57 78 33 80 84 88 64 38 34 23 39 63 24 16 95 87 26 97 86 61 36 52 85 69 84 16 38 55 25 86 89 54 73 15 89 100 71 16
57 44 32 70 8 98 79 68 30 84 70 9 40 25 23 30 9 6 55 80 61 58 6 65 50 74 99 57 98 65 89 39 21 50 6 41 68 56 99 16 16 29 49 15 58
94 98 58 83 34 42 38 99 13 76 4 52 74 12 32 100 13 75 95 27 30 57 22 6 2 13 76 70 3 77 25 97 89 64 17 54 96 2 16 72 83 7 43 69 88
30 100 3 9 63 73 66 65 27 39 79 27 39 76 60 61 48 85 85 18 85 69 59 13 34 69 3 53 35 3 98 57 92 21 86 71 19 46 19 14 42 78 79 80 28
64 6 33 70 69 86 79 90 28 86 44 18 53 90 99 89 86 82 100 3 55 67 15 63 32 50 37 70 29 2 64 21 33 16 52 89 19 68 31 98 20 43 22 10 21
59 56 92 45 59 3 57 26 28 72 49 69 43 8 89 10 79 76 92 61 17 64 35 9 34 20 93 23 26 23 15 23 47 81 64 17 47 30 17 22 93 71 23 72 69
69 25 75 79 68 72 73 22 53 15 45 58 19 84 96 46 94 76 48 22 53 86 84 55 22 31 67 20 28 28 76 54 40 45 7 75 51 89 46 99 42 46 66 14 87
46 78 8 24 54 44 91 49 65 12 75 87 88 50 4 50 65 63 8 14 98 90 72 25 100 34 68 32 91 8 51 13 11 63 64 76 15 96 64 60 5 15 87 12 91
21 76 1 1 100 28 23 43 40 17 15 88 47 1 27 90 7 84 72 8 22 54 55 77 50 87 43 71 27 91 58 85 2 69 70 92 31 97 42 48 5 57 5 65 4
58 74 96 67 67 65 59 11 6 36 32 88 9 42 90 58 6 88 28 43 23 37 95 20 21 51 29 65 43 30 39 44 50 93 71 88 54 83 19 98 100 72 82 24 81
56 14 38 37 47 90 62 78 37 24 79 86 40 79 32 28 91 79 85 46 45 25 2 39 75 65 71 35 23 77 36 29 46 28 78 44 46 18 73 9 99 90 68 74 2
69 18 36 40 13 98 62 34 78 9 15 13 71 98 32 52 44 35 8 59 7 70 7 10 5 94 66 6 98 31 43 44 84 67 95 88 99 67 38 99 93 73 49 60 8
63 63 67 88 96 81 36 59 58 22 67 54 36 63 99 14 92 10 40 46 55 1 71 59 56 33 25 14 59 8 37 4 99 20 50 92 65 13 8 48 98 76 20 13 15
53 46 1 59 78 74 66 91 53 14 4 17 57 35 29 25 63 19 88 88 82 86 16 81 4 28 71 30 39 13 43 39 28 2 79 89 37 39 25 81 21 1 47 46 76
94 3 4 92 11 11 95 83 74 69 84 93 75 83 78 37 100 15 87 79 47 69 20 61 67 85 67 11 71 86 91 7 74 79 53 1 4 90 33 73 80 66 46 54 86
37 46 47 34 45 38 4 18 82 74 79 97 53 19 32 89 59 80 22 18 13 66 6 47 31 96 25 48 3 7 65 21 11 87 32 86 93 97 65 11 90 85 39 10 13
75 95 78 22 26 76 47 6 33 93 48 76 98 63 95 20 3 71 27 48 3 78 26 68 73 99 45 66 43 77 93 61 5 18 15 66 87 83 20 1 81 13 2 57 29
98 13 70 70 92 81 13 47 55 2 17 6 46 61 69 78 12 39 6 11 51 4 39 8 5 6 22 61 57 65 100 67 96 33 16 77 12 14 72 20 52 35 4 68 46
95 59 44 54 19 100 28 15 4 85 46 91 44 70 99 50 50 95 71 7 27 66 22 23 47 84 36 81 53 2 32 10 2 57 72 29 74 5 56 38 68 45 76 13 19
91 82 92 93 25 45 68 9 41 74 48 27 1 29 70 91 30 64 88 30 42 10 50 56 99 27 44 35 18 53 59 18 44 94 79 86 71 80 3 65 36 66 20 59 40
77 3 94 17 37 62 52 58 54 53 20 1 5 1 5 100 15 72 38 94 55 82 79 36 14 56 55 95 24 3 35 7 78 15 77 37 84 89 64 9 52 57 31 76 22
72 68 15 85 49 51 23 49 38 83 24 2 90 16 7 50 1 6 77 11 63 65 76 39 56 17 60 32 36 28 99 6 98 2 48 98 6 32 58 92 60 60 63 12 55
87 67 34 17 80 79 36 55 21 33 36 93 24 38 70 16 24 26 85 83 79 47 72 43 34 100 68 90 98 46 97 21 53 87 42 61 27 43 97 87 86 49 38 62 52
100 94 42 2 89 87 7 60 50 10 84 16 63 90 76 15 24 23 77 38 24 65 11 100 56 18 75 72 79 9 65 26 93 44 82 27 33 4 82 97 95 28 5 79 9
36 4 44 46 39 99 5 41 95 16 14 3 7 86 30 19 12 36 94 97 80 20 30 13 97 23 33 13 90 97 94 42 55 96 48 18 13 82 91 18 56 60 39 27 56
42 24 82 9 15 31 16 39 63 20 29 52 52 32 97 12 45 10 8 24 10 76 14 58 43 75 11 40 31 71 36 69 85 20 87 95 80 97 55 79 36 13 26 63 23
88 33 90 49 82 69 53 72 39 62 36 83 10 53 3 52 63 30 2 8 27 34 30 42 18 73 2 83 32 27 84 29 78 3 5 97 71 33 84 47 3 24 29 24 56
91 97 85 23 6 23 58 28 67 70 16 67 94 30 72 6 68 1 65 77 19 15 29 49 46 91 2 24 54 95 75 12 82 78 60 86 55 21 5 45 11 76 55 83 39
65 51 74 94 36 65 79 84 1 72 23 38 52 7 51 68 12 95 86 93 98 78 9 61 94 67 74 97 2 47 23 19 89 60 45 96 39 95 4 30 20 7 78 49 2
36 20 44 38 34 95 72 41 74 7 73 27 85 88 6 37 83 6 10 72 22 75 10 97 28 61 53 46 34 73 29 81 66 94 20 51 58 27 11 27 90 53 66 89 87
99 92 37 61 70 48 97 82 51 16 26 72 54 10 73 41 73 8 92 9 94 63 38 88 9 11 5 100 74 8 58 85 58 25 55 75 15 98 92 4 77 75 74 39 70
16 3 32 50 93 5 81 59 38 39 100 82 55 53 53 59 100 100 11 58 53 9 62 30 20 73 72 26 55 89 41 62 51 62 67 83 37 91 1 94 32 10 18 22 67
57 61 52 33 94 52 98 30 53 58 59 100 4 22 46 70 19 97 33 87 17 93 60 3 14 27 86 29 87 57 80 20 27 80 20 27 36 81 55 62 1 71 5 88 93
77 24 82 76 28 48 29 23 75 42 99 10 49 88 78 90 82 80 93 9 98 55 35 69 22 8 97 71 45 65 27 4 14 57 26 4 90 26 72 50 65 65 77 44 96
36 85 55 82 23 82 82 38 6 96 87 23 46 89 10 59 86 21 45 29 48 54 15 43 80 41 81 3 4 38 78 68 61 20 30 94 49 92 53 98 81 86 65 48 33
80 65 30 45 39 8 6 6 59 85 51 10 87 48 12 8 57 77 96 16 47 51 45 5 38 100 40 44 69 27 80 4 17 18 46 42 8 33 13 51 80 23 13 11 26
