887
23 70
39 65 37 86 87 80 67 78 94 55 50 82 64 52 31 55 70 87 53 42 3 40 49 92 40 94 81 14 84 38 46 67 36 71 33 34 36 71 79 54 26 51 64 49 86 98 13 100 6 100 93 61 83 100 27 49 33 42 52 48 47 14 38 74 5 21 48 39 81 15
8 66 61 20 38 13 52 35 18 28 42 35 61 44 48 76 8 46 91 63 56 28 61 57 36 79 39 33 21 71 100 74 80 26 53 14 2 47 32 10 24 30 59 78 63 59 55 61 76 16 12 28 37 70 58 26 93 48 72 88 30 26 61 34 75 52 4 22 50 19
24 90 60 74 48 44 75 29 55 90 41 98 67 75 47 86 71 25 14 46 86 71 53 25 62 57 59 69 30 94 51 48 55 89 10 1 45 81 47 71 24 54 62 37 77 39 69 74 19 42 62 56 73 60 39 11 29 57 86 80 17 16 45 46 78 2 45 91 67 37
97 56 39 23 82 89 4 52 28 61 22 81 84 60 71 69 76 22 85 61 62 90 39 6 36 19 8 41 55 67 72 88 11 81 67 84 70 81 27 83 49 29 92 62 11 50 62 45 83 79 11 49 45 82 76 78 4 24 89 34 82 90 66 82 79 1 36 5 10 14
27 62 26 14 38 53 64 59 6 95 54 32 50 45 79 78 50 83 92 16 61 90 23 31 97 64 61 93 74 6 42 31 38 54 91 82 95 6 83 27 41 1 83 57 42 25 66 38 3 64 53 1 89 99 94 99 60 72 55 61 98 83 89 81 71 23 14 18 28 85
60 69 17 34 35 50 88 81 21 35 46 71 7 11 68 38 30 46 59 51 28 60 23 88 65 55 10 98 97 69 95 75 6 38 29 38 46 29 14 53 51 13 76 15 42 3 54 95 89 63 78 42 47 43 26 17 32 50 24 73 50 32 82 38 55 29 50 85 52 77
78 29 13 55 28 72 18 57 32 11 77 82 14 15 85 49 41 18 11 6 88 9 51 38 73 87 25 47 63 15 28 28 32 81 19 86 86 54 30 12 81 4 23 77 6 80 86 11 71 87 70 66 90 31 45 33 42 19 21 100 32 100 51 6 87 29 65 73 78 33
79 93 41 48 11 93 38 71 62 80 73 68 100 82 67 98 83 25 95 12 67 71 61 76 1 65 51 78 2 21 77 53 65 55 49 57 5 53 39 26 28 5 69 22 15 51 94 33 87 11 100 92 43 52 39 11 30 42 60 42 35 46 98 87 28 39 32 69 97 83
52 80 1 22 42 91 41 5 95 26 79 79 47 34 12 8 93 9 90 40 11 90 21 67 6 73 8 12 18 67 58 19 61 33 6 90 36 1 31 51 71 32 20 8 94 97 91 11 99 39 5 76 95 39 34 12 71 48 52 99 24 83 85 70 30 20 64 93 60 90
53 6 1 39 6 67 24 55 20 8 10 95 34 1 32 19 6 51 15 17 6 48 1 32 22 19 68 7 38 40 77 52 99 26 9 31 69 83 50 63 87 52 25 46 38 81 39 80 87 93 66 14 56 62 89 44 73 92 62 25 27 63 51 21 8 6 63 96 44 73
79 93 36 71 85 57 53 12 91 17 11 89 30 77 55 6 92 66 21 50 77 70 62 17 7 87 13 50 12 82 41 44 43 33 30 32 76 22 47 11 24 74 4 28 97 36 27 99 11 26 44 67 56 6 16 83 27 85 63 3 47 41 98 29 74 51 55 11 32 71
24 22 38 78 4 77 95 93 31 18 5 100 64 23 19 94 61 33 62 35 92 17 37 89 28 16 97 99 77 57 96 31 59 76 94 75 75 74 66 10 1 30 63 17 30 70 66 60 9 58 49 5 20 51 64 38 47 20 63 45 21 62 57 62 33 30 15 24 67 63
32 89 67 60 68 83 6 99 42 65 40 78 26 43 93 38 54 37 38 10 53 74 63 53 14 23 58 63 18 29 47 33 24 21 34 59 64 23 80 14 2 33 1 70 24 17 37 50 11 96 91 45 10 80 62 71 11 40 54 16 46 50 70 44 19 38 74 64 59 77
55 56 46 89 14 66 36 39 1 70 18 28 64 14 70 80 72 27 73 68 9 81 39 59 9 63 4 32 62 75 18 34 92 41 19 55 1 57 48 41 85 18 35 10 50 56 97 39 59 6 98 31 78 45 33 9 28 99 47 31 80 43 40 32 36 24 44 21 87 24
75 67 77 23 66 84 13 72 20 99 44 35 1 49 91 84 57 38 7 35 24 59 74 81 45 57 17 70 89 73 35 70 62 82 85 89 95 92 20 86 58 90 3 15 3 42 10 31 34 99 77 60 24 8 65 92 22 43 87 14 35 33 11 60 79 92 36 59 19 73
77 77 95 22 95 54 42 99 36 46 84 93 63 6 50 34 73 33 50 44 52 69 5 52 49 14 93 58 76 82 10 34 54 49 7 53 6 99 29 2 72 8 20 70 2 8 79 26 58 23 69 27 34 86 67 46 54 39 64 57 7 85 50 81 96 68 3 26 66 7
56 36 92 90 85 32 56 78 33 6 47 67 84 71 46 58 38 34 34 4 17 43 13 65 5 17 83 83 47 29 64 5 60 17 38 88 15 89 69 37 82 59 5 33 57 78 84 53 40 98 69 68 67 58 36 61 46 78 31 73 69 70 40 66 56 62 92 57 75 43
11 77 74 6 33 40 51 27 32 10 12 53 71 11 94 57 35 54 62 100 59 36 91 36 22 33 68 49 32 37 24 72 64 97 63 29 68 69 51 14 94 77 35 11 23 75 39 75 89 64 80 83 57 64 100 65 21 91 1 60 46 1 50 38 70 6 55 82 85 87
7 51 25 76 35 20 82 54 68 34 63 86 76 27 15 74 41 76 39 32 38 38 24 5 2 84 87 52 30 80 27 91 94 98 70 36 83 57 36 4 48 69 77 53 70 32 62 70 20 6 62 55 3 62 56 64 91 6 59 22 78 34 41 96 53 31 57 60 27 32
81 2 32 64 3 76 27 63 66 15 76 69 63 100 5 10 72 19 21 44 88 12 73 30 44 47 82 11 38 58 32 90 45 16 78 87 32 72 22 46 58 97 38 66 33 17 23 57 2 1 60 90 57 27 94 79 88 39 43 8 45 14 33 3 27 73 97 18 10 28
11 46 12 26 32 13 86 23 21 75 15 31 5 16 37 11 2 25 97 65 28 15 37 21 15 48 65 89 98 89 67 45 59 92 2 4 45 43 20 49 71 8 14 21 75 46 53 47 36 12 31 37 84 37 88 11 72 95 65 38 19 80 88 27 9 10 37 23 57 98
21 97 90 92 9 38 91 84 49 28 76 52 17 26 91 60 92 55 46 86 68 49 26 55 45 85 49 58 1 100 81 76 27 43 41 67 42 42 32 51 57 53 86 17 89 61 57 90 98 2 21 23 53 13 79 91 61 71 16 62 9 74 52 55 94 4 65 69 94 86
70 81 60 27 71 51 49 93 18 77 41 3 91 44 70 8 65 14 46 14 17 80 15 42 70 61 4 40 45 34 49 10 9 27 95 66 14 26 33 31 3 91 11 23 66 16 69 2 68 1 98 14 44 99 9 28 64 4 19 46 13 98 27 77 14 22 55 57 12 14
