696
98 61
48 56 6 39 40 26 80 76 53 22 7 60 84 76 81 17 81 84 27 56 99 43 52 7 27 7 64 34 33 79 88 88 75 100 75 51 84 91 3 74 20 17 60 70 95 19 64 31 7 37 76 45 5 25 13 46 10 72 75 89 18
93 30 28 62 33 22 2 7 85 52 44 26 22 49 85 65 98 55 7 45 99 98 61 50 69 65 38 52 99 69 86 16 35 37 75 98 82 86 93 56 22 84 35 87 50 74 26 88 33 51 42 37 54 46 4 21 31 39 17 6 66
74 61 41 49 28 96 72 81 99 91 95 64 35 70 87 76 26 44 66 95 28 12 50 14 31 38 58 51 36 69 50 83 79 44 91 2 95 3 34 60 82 52 71 27 44 53 6 50 22 51 25 14 97 67 52 67 86 52 17 21 4
82 34 35 59 29 45 16 72 89 38 60 51 100 82 17 92 100 92 54 65 88 100 32 78 37 11 68 2 97 2 88 90 62 36 74 52 4 30 93 1 89 30 20 5 48 71 56 34 36 57 10 88 90 10 18 100 65 95 10 96 54
97 54 22 91 2 87 11 83 60 26 94 51 64 86 73 75 35 22 67 100 13 8 42 85 93 88 31 35 69 53 4 30 6 37 33 96 11 36 58 12 94 63 8 68 87 68 6 86 12 9 58 41 4 72 8 33 32 50 46 16 95
65 25 61 45 10 95 82 70 79 29 30 40 99 6 74 10 52 13 80 31 2 88 85 38 4 86 55 27 28 30 47 38 78 44 43 14 65 55 64 25 17 55 2 90 56 58 88 83 24 58 85 32 100 4 7 92 67 3 94 94 33
70 85 94 99 40 37 30 49 70 38 15 50 93 22 16 36 73 99 49 72 32 57 72 29 100 88 72 64 8 31 29 30 67 92 92 1 14 62 55 60 99 77 48 82 19 85 42 32 37 17 52 90 47 49 21 95 41 90 52 68 40
33 48 71 57 82 90 28 25 98 2 16 47 32 28 20 68 36 5 20 42 53 4 9 76 4 68 27 33 88 70 23 32 32 12 92 87 43 82 96 22 26 36 90 21 63 95 77 68 25 59 100 52 72 77 24 47 30 18 9 56 66
64 5 39 88 67 53 73 73 90 21 13 13 99 6 74 78 85 33 37 91 5 87 41 44 47 40 43 64 53 73 97 52 36 97 38 58 38 61 81 18 76 22 61 27 85 75 30 98 34 36 12 70 63 19 92 88 22 61 9 1 11
74 85 55 56 52 100 57 2 49 72 69 27 24 22 29 5 63 20 50 79 42 96 27 34 86 55 65 39 62 77 33 75 22 88 95 59 59 87 97 85 33 25 59 63 88 6 74 46 20 49 78 18 39 74 53 100 65 95 81 36 21
6 81 9 75 49 66 45 39 12 15 93 17 86 67 40 75 50 46 86 83 64 99 84 54 61 100 59 20 11 23 50 20 8 23 28 14 16 14 78 23 21 14 16 89 79 85 77 84 49 58 80 76 18 12 10 84 59 85 58 98 15
19 18 44 24 6 98 7 50 90 90 74 10 22 92 60 1 14 60 54 17 80 64 43 6 93 26 93 96 15 60 37 57 78 38 45 82 31 30 41 79 59 13 27 2 96 44 60 88 100 73 20 30 51 94 47 29 63 98 85 89 30
11 27 27 51 48 15 69 64 52 22 42 32 7 19 10 87 72 35 51 38 98 27 21 64 6 38 63 21 16 64 50 95 6 41 89 38 79 82 62 100 76 76 52 61 68 90 74 43 95 90 74 61 52 87 78 45 84 86 23 75 46
73 74 4 21 43 84 12 94 73 96 92 95 16 28 14 24 16 85 4 83 45 87 19 47 48 12 13 96 80 33 82 79 89 54 12 80 48 55 96 59 25 28 58 83 10 99 68 67 13 63 7 51 43 51 71 99 94 63 16 27 95
91 41 75 96 1 36 91 58 60 86 37 38 74 76 97 73 97 78 90 28 17 15 31 13 77 21 53 12 25 95 39 29 66 96 90 10 56 22 46 27 20 26 88 88 41 86 45 83 97 12 47 15 47 57 39 36 43 18 19 63 15
53 13 28 73 72 15 19 79 41 17 96 41 5 8 83 25 54 16 26 15 15 32 96 44 16 4 78 5 89 43 39 76 91 50 98 62 67 40 14 89 29 56 61 63 22 89 34 48 10 80 19 41 42 31 32 21 76 72 95 92 74
99 4 74 67 56 57 93 95 21 57 94 83 3 34 2 22 23 90 19 46 23 90 4 29 66 82 17 13 4 61 8 54 61 94 65 35 97 13 67 80 8 10 31 58 43 50 80 60 2 39 45 12 15 59 11 89 55 48 93 100 44
3 60 92 71 44 30 78 15 64 92 57 90 74 56 75 10 31 64 36 14 69 79 54 42 30 35 45 52 28 5 36 53 100 1 28 3 28 9 9 68 89 83 38 51 84 16 80 22 15 88 62 83 4 44 84 35 94 99 1 8 31
28 81 37 21 22 79 60 56 61 31 99 55 61 15 75 50 52 15 77 63 65 63 98 72 42 68 78 28 61 70 7 97 95 92 54 18 20 8 46 73 75 12 64 83 57 25 79 78 60 84 93 55 14 74 9 4 41 72 2 96 53
10 29 70 65 20 10 98 70 55 97 30 58 81 3 81 8 83 9 18 91 17 64 90 27 39 70 1 94 55 53 50 16 60 58 98 54 9 95 87 17 72 17 13 47 29 36 76 57 13 83 48 57 8 72 54 74 19 67 35 17 6
30 25 66 65 6 64 68 68 44 63 49 24 38 44 30 4 35 14 57 20 43 56 27 44 12 53 25 81 82 14 9 72 9 11 90 55 53 89 69 64 45 59 25 18 28 48 58 22 52 29 31 19 39 100 93 10 28 80 96 5 97
45 67 97 50 86 85 65 43 65 45 93 34 63 50 75 51 21 67 24 23 6 81 38 46 34 2 13 11 79 44 20 30 78 6 85 66 11 19 11 20 84 9 15 26 11 63 25 39 95 90 77 32 85 12 14 7 56 63 93 39 49
96 61 92 95 3 73 11 70 2 90 28 10 93 15 23 95 49 78 57 70 47 82 11 26 38 98 32 96 71 51 3 44 58 76 31 49 90 52 30 99 21 37 8 42 92 40 40 94 31 90 63 85 13 93 8 9 15 82 96 23 15
81 44 66 71 93 91 64 22 46 43 85 98 5 34 50 86 67 10 5 74 23 22 49 25 68 24 29 70 42 71 72 75 73 48 40 21 49 84 63 48 40 91 5 34 88 80 40 21 99 11 48 50 91 27 38 42 87 69 7 40 27
65 89 50 47 88 78 100 27 18 80 71 45 60 88 100 60 48 53 54 68 72 91 34 14 36 100 13 92 41 83 1 100 14 48 68 46 84 12 8 56 69 77 51 69 88 48 45 4 80 36 80 34 73 94 82 26 75 19 78 21 82
13 36 34 22 62 14 78 72 89 47 39 45 91 10 49 93 85 20 85 10 39 41 18 39 100 56 5 35 14 68 10 54 41 69 16 25 51 60 79 37 83 4 96 86 94 22 80 77 57 90 10 40 12 73 39 80 38 85 7 35 11
4 49 32 34 2 74 28 99 5 14 13 48 61 87 64 26 87 86 23 2 54 63 73 76 5 37 21 60 80 34 1 68 97 64 39 74 68 16 93 29 38 74 82 29 83 21 84 66 62 56 30 81 89 77 41 91 53 89 71 2 23
64 20 14 20 2 53 67 86 63 89 3 38 11 10 90 37 81 48 96 30 69 48 10 11 59 76 17 92 94 17 88 34 88 8 16 28 44 25 1 5 46 81 83 42 42 11 78 67 31 93 66 29 1 72 89 79 29 10 18 55 12
98 57 14 43 21 12 42 29 31 22 56 5 67 34 78 42 48 99 23 12 20 97 20 25 82 70 21 19 7 29 29 4 36 11 63 8 7 4 1 25 55 25 37 65 9 24 97 15 64 39 95 43 64 80 57 71 6 60 47 74 95
87 95 52 66 60 60 7 18 70 38 96 1 61 92 21 69 28 40 93 89 75 15 88 56 9 52 33 88 52 30 45 70 32 92 71 8 9 89 44 34 88 9 99 53 99 38 85 9 52 74 5 66 3 56 24 94 46 5 67 56 94
61 1 92 8 13 34 62 14 12 36 72 6 93 53 47 95 63 78 56 10 56 6 87 38 61 38 77 61 39 56 83 50 66 84 21 27 10 79 12 14 58 38 42 10 27 7 100 93 98 66 34 15 97 45 60 82 20 26 32 20 6
44 95 40 77 16 82 40 26 1 90 74 38 58 93 86 38 100 74 20 16 96 3 19 38 69 73 21 58 32 57 63 43 3 29 35 71 33 65 100 26 29 44 7 30 77 34 28 79 72 18 26 92 21 51 10 6 82 34 32 77 13
11 36 50 38 78 97 64 46 28 64 69 81 70 47 22 22 43 94 25 19 65 13 83 11 34 43 54 20 32 75 53 100 22 81 78 40 8 68 43 43 57 53 68 40 80 14 11 65 30 16 41 2 21 2 13 9 76 83 58 80 33
98 1 6 46 84 8 69 77 13 41 92 42 2 62 15 38 86 1 23 33 96 18 8 20 69 81 8 61 59 17 17 26 100 10 50 44 27 7 10 51 52 93 41 1 6 12 80 53 54 31 23 30 69 6 21 68 42 31 42 9 69
24 52 79 39 12 36 2 67 68 42 16 88 80 15 88 68 6 66 51 65 90 73 92 42 38 85 27 100 76 57 40 85 26 31 9 17 42 40 45 27 6 41 71 78 17 82 86 25 87 33 6 52 65 90 91 92 80 5 36 12 72
13 70 13 96 96 14 63 48 87 93 5 66 44 99 3 65 20 79 53 55 74 76 71 57 69 62 99 16 17 19 66 82 45 16 63 29 51 12 57 48 12 67 63 76 13 66 57 24 59 83 64 35 36 35 57 5 86 11 11 57 79
83 34 11 1 92 80 46 58 98 30 99 27 85 70 91 43 19 24 1 98 46 38 43 99 69 76 22 25 73 15 36 17 82 12 34 5 80 16 91 15 51 72 72 57 1 30 91 87 86 42 45 22 80 90 18 72 52 34 28 83 48
69 45 82 55 11 4 98 58 87 31 5 69 17 4 73 61 83 14 95 11 1 75 89 33 45 57 53 35 68 18 35 68 27 31 87 18 1 81 58 8 49 59 13 95 62 46 19 19 41 85 42 58 43 56 70 49 91 80 41 86 94
61 70 2 54 34 38 44 64 28 16 5 61 90 82 21 83 52 92 54 15 23 69 67 66 23 82 72 88 66 61 25 20 64 82 76 81 19 42 47 9 86 41 92 52 65 84 23 79 50 91 45 90 2 6 99 83 21 51 46 100 47
31 84 70 12 50 91 78 70 24 60 28 70 83 79 55 47 19 61 36 45 100 42 18 54 51 60 65 65 84 44 26 52 66 11 87 60 59 8 79 66 14 67 32 1 37 41 99 57 84 71 24 49 79 88 23 4 60 39 2 16 97
40 35 65 43 38 72 41 11 21 30 8 63 65 55 6 44 18 27 74 66 45 36 77 65 27 65 64 48 77 68 38 19 76 35 89 96 13 41 59 81 23 73 56 87 32 15 90 19 82 46 67 18 55 16 22 77 3 71 5 63 92
24 70 89 22 34 93 60 96 98 25 25 43 21 25 63 66 49 28 58 5 31 96 19 85 60 83 40 56 42 56 77 58 54 61 59 16 44 28 60 68 3 59 76 36 25 55 94 77 17 37 1 23 63 76 9 40 87 1 93 30 46
68 27 57 58 30 26 28 49 7 18 87 63 23 13 93 39 11 80 59 30 41 69 40 94 84 24 70 67 88 88 30 87 50 75 59 23 38 97 60 64 2 17 30 11 82 92 4 21 81 50 86 86 7 57 57 44 83 29 77 22 31
53 94 9 37 48 47 59 89 56 47 78 72 1 90 95 11 13 92 28 76 91 20 35 72 74 8 100 62 47 75 97 26 61 27 55 86 31 52 24 90 35 89 19 34 11 37 87 59 57 41 60 33 55 64 14 15 38 58 24 100 66
98 56 11 99 34 7 77 6 92 35 25 43 18 11 95 46 65 43 49 47 7 81 11 18 42 15 25 47 76 78 70 35 24 46 91 27 49 15 49 80 62 56 19 68 98 21 87 2 77 38 11 52 74 26 63 57 58 82 61 13 88
95 96 61 19 5 53 22 74 68 98 94 74 42 68 72 61 15 4 35 92 70 13 19 26 69 92 39 68 42 60 18 60 11 97 84 94 55 18 3 75 90 46 11 92 35 11 33 35 63 20 98 84 85 37 40 47 52 35 25 40 49
62 32 87 97 49 68 41 5 21 66 54 72 66 59 92 57 29 38 16 74 75 39 68 20 96 83 85 20 12 42 26 69 18 99 96 63 18 42 39 51 32 88 41 48 29 58 66 57 5 87 96 24 98 96 80 99 21 65 88 89 2
74 94 59 48 69 81 51 25 93 46 40 63 88 66 16 25 61 58 35 68 25 36 93 5 7 4 93 9 45 36 74 10 1 92 30 22 80 1 46 53 74 37 42 35 66 92 45 70 43 25 74 86 71 94 96 7 35 4 68 67 60
42 1 63 68 21 76 37 7 48 32 40 60 68 11 76 99 15 43 5 81 5 16 66 29 27 54 36 41 28 2 9 24 16 24 14 10 27 79 12 75 10 28 78 59 80 88 53 73 95 17 58 37 87 51 56 8 92 55 50 11 40
64 91 35 36 40 2 91 7 77 29 83 43 28 56 39 91 1 7 23 60 17 84 45 12 92 49 67 43 27 62 27 20 10 74 29 44 45 96 40 74 56 80 11 71 90 82 29 6 98 21 90 66 21 96 93 62 3 5 38 70 98
79 33 29 11 94 88 82 38 52 44 55 56 2 15 78 11 23 20 45 46 52 68 5 82 93 99 43 4 63 70 92 31 95 100 9 29 62 42 89 93 85 19 25 75 35 64 52 27 4 64 9 99 64 20 1 24 4 13 6 31 100
18 92 32 30 60 54 78 95 98 72 80 63 42 46 92 26 73 77 74 72 42 48 63 28 26 43 71 44 74 14 7 4 86 24 3 93 9 6 91 84 5 5 44 52 52 93 42 99 30 6 24 68 29 96 99 52 11 85 50 22 19
21 13 98 55 71 53 88 36 55 56 62 62 55 65 69 17 85 46 16 8 85 20 51 93 99 87 94 42 80 26 34 79 90 77 82 48 81 26 70 92 7 76 32 73 94 91 93 98 100 44 47 54 31 75 46 3 91 58 75 99 81
68 3 14 33 51 97 37 2 69 88 21 84 81 11 58 22 9 22 85 25 95 36 93 25 5 93 82 83 34 66 39 6 77 42 45 82 71 59 2 82 68 17 63 25 81 51 14 75 41 80 97 28 49 36 95 13 30 95 50 2 53
72 33 5 64 86 18 81 92 55 72 33 9 18 23 13 9 79 84 85 13 84 47 97 36 70 10 41 38 44 60 30 40 76 93 29 72 96 48 90 27 14 50 67 17 78 29 54 85 32 53 52 86 74 41 68 45 39 97 20 20 21
87 90 7 64 80 89 80 23 36 53 4 39 85 28 84 78 71 63 13 49 52 72 92 77 50 90 80 51 97 26 5 2 3 58 21 68 97 71 37 76 84 94 39 75 3 25 73 50 71 40 53 83 25 10 66 81 38 97 1 17 89
66 25 83 40 26 32 89 92 50 99 86 19 22 68 38 46 32 18 21 8 69 80 57 92 28 82 64 62 70 20 94 5 18 48 50 63 34 46 7 58 6 86 78 65 59 46 87 30 58 89 8 59 46 63 100 86 20 10 27 45 41
36 41 82 89 46 18 27 70 20 5 1 51 94 64 39 78 15 87 81 8 91 82 58 19 50 52 18 12 63 65 100 23 34 31 70 15 90 53 17 6 98 8 36 93 82 15 88 32 5 45 9 56 100 12 75 85 13 92 8 66 89
24 37 78 54 4 36 36 94 16 11 63 80 15 92 8 52 60 16 59 29 73 30 4 28 81 34 86 44 4 57 4 4 44 94 84 52 79 81 56 36 58 83 75 13 67 7 36 70 50 96 45 90 93 74 91 58 6 58 83 18 49
44 52 95 58 38 68 8 12 27 12 69 51 5 95 71 76 64 85 77 62 55 89 42 67 15 16 8 55 27 53 32 63 57 65 87 54 62 37 85 68 37 2 76 29 4 24 8 65 27 27 12 63 85 10 59 27 73 49 32 87 89
54 38 18 32 30 72 75 89 53 69 55 51 63 83 46 40 76 69 26 37 67 89 42 7 6 34 86 10 57 55 86 81 60 72 64 14 5 46 26 3 87 94 84 58 27 16 82 33 85 50 97 9 7 54 15 68 60 51 60 4 4
73 61 38 93 90 56 95 5 9 66 81 95 53 76 53 27 37 74 63 98 34 87 76 17 60 53 44 68 74 4 6 90 49 44 56 27 35 92 9 18 65 12 66 49 89 59 80 25 12 49 75 42 91 79 8 31 59 53 71 42 59
50 49 11 85 58 23 81 37 40 70 28 17 72 90 69 100 32 60 19 77 24 73 99 75 30 63 51 43 34 18 78 9 72 7 95 83 84 60 90 42 14 69 51 74 45 17 59 100 39 56 4 38 43 87 28 31 75 36 7 39 73
8 20 21 79 39 6 84 90 46 76 23 63 10 36 84 19 4 3 94 29 48 7 1 37 15 73 19 48 36 33 77 37 34 60 71 94 6 68 100 39 22 38 100 81 42 97 27 7 6 69 70 26 89 22 48 31 76 58 54 29 82
60 23 19 74 74 95 75 22 78 74 15 91 60 80 68 56 47 54 81 68 73 40 93 46 8 25 36 55 59 6 7 42 48 14 2 11 87 77 22 42 58 60 27 17 6 61 64 25 98 55 68 32 47 64 35 31 57 17 25 95 100
29 42 25 61 90 23 82 37 56 12 98 33 8 11 60 60 89 48 27 31 20 85 36 40 89 63 64 25 11 94 72 85 64 33 50 58 27 82 21 81 58 61 71 92 7 54 73 51 65 76 28 20 42 75 12 46 88 98 50 100 33
26 18 2 7 25 53 1 4 98 91 56 61 24 16 25 85 5 71 57 45 45 64 75 53 39 50 79 13 31 64 38 9 65 98 55 70 97 10 82 2 84 16 48 30 98 1 18 70 36 31 7 68 55 17 71 21 65 76 33 40 31
67 27 4 81 67 65 20 42 10 23 41 39 49 27 17 86 39 26 25 9 91 77 96 85 17 15 81 100 38 86 65 38 90 51 50 59 45 98 47 56 56 81 77 92 1 44 25 1 21 32 56 43 85 96 75 52 3 13 42 85 10
29 99 67 49 30 51 54 81 72 89 42 56 12 66 58 48 66 79 94 15 90 65 48 41 2 38 79 60 4 45 79 2 69 11 75 36 81 46 31 14 53 7 12 3 73 39 78 94 75 92 58 37 15 61 61 13 21 73 67 51 24
71 3 45 64 57 89 52 86 81 93 48 55 13 88 32 14 58 52 4 70 58 93 44 23 87 69 19 59 19 19 48 9 3 32 4 89 9 14 12 94 98 22 16 44 6 91 56 88 25 99 1 31 61 38 7 62 61 57 7 38 2
84 72 62 92 35 66 96 27 61 8 86 50 30 9 98 76 92 97 16 45 100 42 54 75 10 75 12 29 96 47 61 68 50 17 86 29 3 83 89 59 15 13 9 53 86 15 80 25 28 61 44 58 90 42 83 18 96 39 53 17 19
9 48 50 8 62 78 39 49 35 88 4 68 6 6 30 14 51 34 46 18 60 26 7 30 77 14 72 25 71 29 11 9 56 35 100 95 24 3 82 49 31 29 15 51 83 91 75 97 60 19 19 48 20 73 5 39 19 87 95 100 19
52 72 47 81 73 22 86 69 93 26 30 6 28 32 73 81 7 46 76 82 45 7 82 79 33 5 90 1 98 72 66 80 31 31 1 67 28 44 98 40 12 39 13 89 54 47 81 83 93 44 46 81 35 32 21 84 53 25 50 86 51
38 38 25 72 54 62 98 83 73 54 89 57 56 9 75 85 39 28 17 27 69 96 54 65 28 13 64 79 53 77 63 71 83 77 2 52 43 14 46 3 78 19 17 18 54 19 16 22 74 9 23 16 61 38 24 56 56 5 54 86 83
80 14 96 81 47 44 44 39 99 52 66 43 97 67 93 77 2 92 10 70 29 18 96 23 75 76 10 60 90 38 86 46 33 21 48 61 87 86 50 50 79 47 37 36 67 95 72 5 43 16 43 32 63 65 75 36 63 88 84 36 35
12 87 5 64 24 61 39 46 16 12 88 42 24 92 85 49 34 49 90 13 91 3 20 60 5 21 81 91 2 46 35 13 13 98 97 92 57 57 83 75 63 97 68 69 69 60 97 36 63 78 83 10 17 12 9 48 20 39 71 63 54
49 63 4 92 21 26 58 50 2 12 71 34 40 43 95 68 15 37 28 70 17 78 55 54 84 33 22 45 63 97 10 6 91 6 95 46 33 67 30 31 82 36 69 13 79 2 81 33 50 89 69 56 21 97 62 91 6 74 23 49 58
14 57 84 22 45 46 13 2 66 99 82 60 81 10 1 77 35 11 98 38 57 69 35 10 73 31 80 22 37 62 90 61 13 16 76 8 8 31 79 69 37 45 21 20 28 46 37 2 2 92 69 70 29 23 98 72 37 57 31 83 46
60 63 34 59 22 60 31 10 87 8 64 97 73 23 90 45 100 9 50 37 25 74 49 48 57 46 23 27 57 86 99 45 12 44 43 84 3 82 18 89 69 38 61 2 15 25 50 51 37 81 21 38 29 67 65 12 43 25 15 45 39
44 89 29 19 54 50 56 12 14 80 99 98 59 22 8 54 58 96 20 60 98 7 11 21 70 53 67 26 62 64 4 66 38 21 16 57 92 85 83 57 50 15 85 41 99 49 75 3 18 72 78 50 79 40 62 68 26 65 50 90 94
54 80 30 22 16 76 41 34 6 4 1 56 98 7 68 68 73 66 61 25 70 38 26 25 44 67 35 80 1 17 26 99 97 57 8 51 72 30 59 36 11 32 5 51 21 80 91 20 57 50 89 64 98 100 17 78 48 8 6 99 13
75 3 7 42 51 40 38 6 21 80 99 55 83 12 88 24 42 67 18 99 95 67 78 48 16 87 28 42 100 88 15 33 54 61 86 99 17 85 25 18 47 72 99 98 73 63 41 31 43 20 43 94 41 2 75 61 57 47 43 83 62
50 52 73 100 79 86 13 80 28 83 89 54 47 58 96 58 85 53 82 28 85 46 2 64 90 88 23 16 77 33 28 51 47 99 33 50 13 1 97 68 45 76 13 80 91 78 5 93 32 25 97 57 39 27 15 43 20 12 8 73 2
88 99 27 96 71 57 56 92 71 57 45 3 33 72 11 31 38 13 76 77 51 49 78 29 30 93 27 4 39 66 24 18 12 18 49 32 45 41 25 52 42 3 11 22 5 24 55 1 63 8 1 22 58 20 90 12 80 60 37 9 22
35 89 28 47 4 19 20 91 62 55 68 80 42 69 87 76 83 10 73 19 74 1 27 62 47 83 20 76 72 90 28 72 65 4 45 55 8 71 80 43 10 88 93 89 45 61 34 59 71 87 33 88 31 16 35 80 47 27 88 63 54
49 13 65 58 28 21 36 16 10 19 29 63 93 50 87 18 61 26 57 66 21 66 94 96 17 23 51 86 51 28 31 24 73 35 70 29 38 47 36 11 44 5 71 11 58 40 36 100 18 48 38 55 33 3 39 19 13 18 47 46 67
94 82 35 93 94 54 42 98 23 49 9 17 99 55 92 86 66 79 59 79 43 98 14 63 81 5 14 85 41 65 90 42 11 64 44 78 11 73 77 92 90 10 90 45 81 25 96 7 9 65 63 66 12 26 95 7 11 52 95 83 36
64 65 30 14 31 97 32 66 83 66 56 64 4 2 75 91 19 61 31 57 93 80 65 46 73 70 8 11 50 44 55 70 32 33 1 40 57 48 95 94 65 85 81 64 53 25 32 91 43 38 91 37 71 78 5 94 88 91 35 5 13
3 95 36 54 73 48 8 86 44 10 24 98 94 76 55 32 35 4 4 24 31 39 50 51 21 78 28 10 94 40 94 37 54 26 17 36 9 51 72 12 68 27 71 19 5 37 72 54 12 19 72 87 56 15 39 34 74 84 79 7 63
31 86 92 36 75 18 21 17 73 92 37 34 92 80 95 42 48 92 81 97 73 31 87 81 75 21 59 99 59 32 79 30 32 92 28 60 43 70 6 89 36 9 12 53 94 83 54 13 77 67 52 32 97 74 68 54 66 19 82 93 38
98 83 12 55 1 40 68 62 94 89 65 74 31 62 73 89 67 52 7 79 88 51 58 65 85 42 39 85 30 36 85 30 14 6 39 67 8 1 99 71 69 57 33 80 9 58 70 68 80 74 30 32 51 39 48 79 3 78 52 84 26
64 65 16 3 64 25 85 50 62 93 12 64 62 65 66 36 84 20 29 27 31 36 62 34 55 72 16 25 75 53 67 86 22 63 37 50 66 96 49 71 83 86 59 39 85 81 96 11 100 31 70 36 31 95 18 46 19 72 55 75 94
55 26 62 43 1 16 27 51 34 83 18 40 19 29 9 65 86 53 39 79 79 60 59 43 61 35 78 60 47 46 64 21 84 68 15 70 5 4 33 83 29 99 83 18 90 38 51 39 94 75 36 72 36 3 70 98 32 67 55 85 68
39 60 42 49 58 45 95 62 92 20 59 59 60 99 80 4 6 28 69 75 84 21 40 43 43 72 84 62 56 80 46 69 23 92 33 43 16 27 19 96 5 70 98 47 52 38 35 61 56 29 81 11 25 22 57 2 55 55 25 14 95
63 7 17 22 76 32 72 74 10 21 58 7 16 20 68 45 79 33 26 82 1 63 100 26 44 9 50 57 99 66 4 32 20 45 76 32 55 41 94 92 82 57 70 30 21 70 44 28 43 8 65 78 13 93 56 6 27 24 92 31 77
19 28 67 9 11 14 17 94 24 12 77 74 63 51 45 99 86 46 80 58 68 44 77 61 17 77 99 22 44 94 66 85 18 65 88 59 6 91 76 48 35 13 95 22 20 17 89 26 71 30 31 22 67 89 83 60 6 6 27 54 55
22 17 42 65 14 66 76 5 39 14 30 28 3 24 39 87 53 75 67 54 96 63 14 39 98 99 55 25 39 35 87 89 78 14 25 19 48 62 40 28 18 39 79 14 33 69 41 65 5 9 46 61 32 45 16 92 97 71 9 33 83
83 60 84 92 51 69 100 28 57 39 75 88 27 88 70 3 50 23 4 90 43 6 75 71 69 85 80 48 73 15 54 100 86 17 66 27 30 99 61 30 48 96 91 78 58 45 63 97 78 82 63 52 95 19 12 27 43 16 5 42 54
