989
94 56
27 26 61 9 59 62 10 34 100 65 48 15 85 78 82 48 64 26 88 8 56 74 49 40 37 44 96 45 81 85 82 17 53 35 8 30 88 73 41 91 23 15 87 32 34 49 55 20 18 49 49 38 36 33 5 13
57 93 70 83 74 29 97 55 41 31 90 38 8 14 33 11 79 51 83 22 81 3 78 47 39 33 26 94 87 29 29 10 94 54 22 51 32 31 30 20 9 96 59 36 69 31 100 71 39 18 60 45 9 16 50 19
43 14 2 81 86 22 94 99 39 76 91 55 84 97 56 10 42 90 99 98 9 2 80 63 79 6 7 60 27 88 89 45 57 38 29 7 33 73 58 32 57 25 13 8 86 62 33 82 71 80 59 34 56 63 83 67
20 85 74 1 99 20 58 57 13 99 55 84 87 61 95 17 55 72 60 61 78 87 100 8 33 14 89 58 31 76 11 83 22 67 51 66 80 71 5 39 20 32 28 92 65 66 60 45 46 38 64 100 26 63 77 16
7 52 35 15 45 3 7 62 84 42 20 28 14 94 58 95 58 54 60 82 2 97 88 30 50 86 29 47 25 6 4 85 75 31 43 28 67 32 66 45 47 48 99 59 7 72 97 80 82 87 67 7 99 21 1 70
94 56 87 27 21 64 97 17 97 66 27 84 21 77 2 56 27 65 70 38 84 81 82 72 21 74 57 27 7 34 34 50 15 36 2 68 86 10 28 94 74 17 98 42 22 16 6 43 43 51 15 79 32 93 89 33
46 28 10 66 71 28 39 9 20 23 74 38 86 15 45 93 10 24 63 64 79 56 54 2 59 12 49 96 57 9 10 11 66 43 34 56 63 24 80 41 94 28 32 69 38 44 49 38 20 68 100 48 19 62 70 52
80 27 16 10 91 56 54 44 33 26 6 60 70 33 41 56 24 71 38 100 88 51 22 8 93 12 84 27 67 97 94 67 82 25 96 45 59 59 75 87 70 93 64 52 13 100 86 52 11 85 21 72 4 95 61 37
88 61 87 40 99 81 82 1 16 77 65 92 73 64 46 15 77 73 82 34 95 28 63 47 58 13 74 29 78 53 47 75 78 34 81 97 18 2 6 67 7 63 35 49 4 89 88 57 28 5 66 50 17 81 32 77
79 43 55 19 93 39 74 27 71 91 74 4 84 5 19 28 22 15 46 46 49 38 39 61 68 73 86 14 66 87 74 68 91 44 58 94 89 88 88 85 50 40 66 46 47 65 23 70 66 2 6 20 23 81 17 95
52 10 12 73 55 35 15 30 88 59 6 37 63 100 15 60 39 66 29 3 80 82 3 63 19 43 55 75 71 80 89 46 41 87 14 78 19 40 97 61 6 44 87 42 71 3 97 18 71 100 64 31 18 21 28 96
4 67 33 87 60 62 6 92 70 24 59 18 52 46 78 43 84 68 56 99 24 54 93 41 18 51 37 17 78 41 12 13 81 81 77 67 47 12 34 55 49 17 79 85 39 62 100 13 71 10 35 73 91 1 43 34
27 1 49 23 11 94 21 10 19 1 57 28 12 45 88 20 94 11 42 7 86 19 17 94 91 26 43 63 67 90 3 89 83 52 65 79 51 97 2 71 62 91 42 59 62 69 32 19 62 58 12 80 61 45 71 96
71 20 100 39 33 95 76 14 50 80 15 14 26 25 50 31 25 28 1 42 58 57 78 71 53 88 85 7 51 1 13 81 51 5 54 39 32 51 20 40 58 35 29 68 21 14 47 47 1 95 1 37 55 39 54 86
2 79 25 89 5 2 46 98 40 72 57 72 97 87 35 16 86 19 69 76 44 65 84 27 54 56 5 6 94 78 4 86 90 86 92 70 59 96 24 83 26 26 25 18 48 93 39 15 16 8 65 16 62 72 73 67
55 55 15 75 46 27 56 88 37 5 82 58 40 23 82 92 64 46 71 89 100 24 33 55 5 56 40 98 64 90 38 15 16 13 94 81 100 36 50 56 1 85 19 33 68 88 100 33 23 92 41 41 22 25 1 48
16 65 22 71 97 36 87 6 26 94 69 92 39 84 10 41 53 45 96 10 84 86 46 65 43 68 48 57 41 6 75 56 54 10 35 87 66 88 44 30 45 40 38 48 4 43 45 53 99 86 3 78 24 46 68 73
70 59 5 98 10 38 36 61 30 84 3 66 99 53 81 25 40 41 28 93 91 82 41 46 56 18 30 25 7 19 94 57 95 56 54 92 72 17 46 64 65 86 14 31 15 32 86 88 52 28 99 70 87 28 72 1
11 67 31 11 86 21 73 5 44 31 5 35 24 72 19 90 18 60 56 79 58 19 63 98 32 82 75 97 37 73 20 82 97 100 64 64 28 28 31 89 22 69 64 27 58 22 81 76 22 98 17 38 93 8 97 57
69 21 81 92 44 2 59 9 49 30 11 16 98 13 77 72 36 97 73 39 21 19 10 53 85 69 17 76 80 51 90 19 95 83 7 76 33 62 3 17 12 48 94 34 48 43 40 99 7 55 7 13 17 72 65 35
90 20 72 97 98 58 27 89 77 44 74 8 87 61 54 100 73 22 96 59 89 10 94 38 90 27 34 23 44 20 85 56 58 7 3 73 88 75 73 63 63 63 38 50 15 36 63 32 57 1 1 99 53 71 29 9
86 10 25 82 83 63 64 70 84 35 88 47 46 38 75 85 38 72 20 100 81 50 58 14 64 76 25 30 2 77 51 52 98 11 86 74 49 65 73 50 41 51 12 64 23 77 32 91 94 87 70 91 40 31 55 94
1 83 48 99 13 8 82 58 43 15 16 18 40 15 68 23 72 48 24 44 31 18 58 96 66 97 42 95 37 63 82 75 48 38 18 28 97 69 61 77 5 85 51 35 80 96 17 71 62 28 66 35 7 84 80 9
27 73 50 52 43 67 19 83 63 66 47 99 48 95 72 3 79 97 56 54 18 25 8 92 35 41 20 61 39 56 41 22 93 95 12 73 19 82 58 24 39 74 47 5 18 50 18 57 2 3 65 33 94 73 41 39
26 82 97 13 46 45 71 47 51 55 43 72 80 49 43 31 47 43 62 38 56 26 17 78 13 4 39 72 71 76 36 20 39 88 72 88 33 23 9 48 97 90 22 63 3 99 66 52 97 99 69 30 94 8 4 24
65 39 46 41 1 66 25 59 24 74 55 82 31 23 15 44 36 84 31 3 87 96 35 23 73 84 74 80 59 43 91 41 45 65 11 42 98 68 57 4 66 4 53 31 61 7 61 9 44 27 13 12 89 60 39 99
100 46 86 89 67 76 78 27 54 12 64 17 60 69 94 50 64 83 74 39 35 66 35 97 72 25 12 50 21 12 16 89 78 48 78 65 60 10 46 64 27 26 99 12 15 17 86 18 84 61 90 13 88 17 46 53
13 29 40 80 54 95 56 90 78 61 88 84 99 41 21 92 46 95 74 3 44 89 59 80 2 1 73 99 80 38 76 76 98 32 37 67 85 17 93 79 81 40 54 90 75 97 84 1 60 85 47 80 22 56 27 60
71 44 59 7 28 72 30 52 68 72 11 47 29 47 49 63 74 78 47 66 66 35 27 1 99 74 8 26 46 50 80 70 15 40 84 58 40 19 93 79 71 68 3 92 99 48 54 93 86 17 66 98 8 70 27 58
95 53 83 32 72 100 96 73 65 88 85 36 47 12 63 86 58 49 83 10 26 12 30 44 52 45 49 72 62 78 42 86 23 55 23 91 75 61 66 22 25 28 60 64 38 74 94 81 25 53 24 44 35 59 8 77
13 88 27 81 80 68 14 90 100 27 52 67 28 17 97 54 45 13 10 71 92 25 80 60 9 67 63 80 74 70 100 72 89 92 68 53 33 39 30 25 14 93 54 92 90 45 11 90 75 42 100 18 14 50 71 39
86 87 34 64 14 21 74 65 99 8 100 51 90 19 29 1 28 54 81 1 10 87 15 45 43 55 60 3 96 20 62 21 39 86 75 53 52 14 6 40 12 69 23 45 70 33 33 48 10 24 85 36 32 78 93 46
86 9 88 30 57 43 64 63 25 19 48 3 7 19 92 72 31 49 65 69 90 100 45 47 9 30 82 3 51 79 17 8 43 67 79 5 6 83 75 73 44 82 91 41 24 59 76 86 1 7 54 64 53 64 49 2
41 5 20 15 91 16 3 4 68 73 92 2 74 1 34 47 99 52 98 32 2 90 18 30 77 4 18 42 52 69 80 1 65 99 15 19 65 40 56 90 46 84 57 67 54 21 69 1 2 79 35 9 34 97 26 68
84 54 50 82 7 84 56 20 82 39 80 37 45 99 54 6 43 31 97 14 89 57 20 34 10 66 33 74 35 23 92 56 25 44 40 34 93 4 8 50 63 93 93 19 90 70 66 15 31 58 4 28 20 55 11 36
47 54 84 100 47 9 89 61 73 42 13 16 11 26 17 44 25 14 99 27 85 56 5 35 53 57 2 28 6 22 14 81 48 65 16 30 31 53 3 13 12 93 94 53 16 33 13 66 88 93 75 19 5 53 33 32
98 93 47 76 36 58 17 98 90 98 57 78 41 21 75 22 29 20 1 69 25 9 9 40 15 2 63 60 19 58 63 63 58 13 59 62 18 28 25 98 20 98 31 90 57 69 58 53 57 91 92 28 73 62 1 6
7 58 73 17 15 22 92 68 32 42 26 19 51 87 88 19 63 87 30 87 46 47 19 57 31 87 18 93 25 1 30 55 43 24 44 28 40 29 27 74 60 79 100 79 28 56 75 79 15 100 10 57 69 37 77 72
64 63 30 34 33 21 90 4 72 4 15 99 67 24 27 99 96 72 1 46 96 13 39 19 79 46 60 23 42 83 66 56 40 55 50 89 40 86 91 85 85 51 60 39 55 46 2 73 89 45 46 59 28 68 42 99
35 19 34 51 4 83 69 55 86 79 25 67 14 85 87 86 15 59 46 96 61 27 75 53 5 3 49 96 19 25 2 99 68 18 53 35 55 71 82 63 34 92 71 44 80 1 20 79 1 39 13 18 24 64 18 79
48 25 59 35 58 14 81 51 38 91 2 44 84 6 20 32 93 65 4 67 86 46 44 55 24 4 93 92 81 80 19 11 62 71 93 93 53 61 61 42 44 95 67 82 35 9 13 32 43 47 36 58 39 29 97 64
36 56 90 40 55 59 50 28 30 78 29 22 7 89 69 77 95 65 30 89 79 95 72 53 39 61 47 99 68 16 98 68 32 2 68 20 27 81 63 32 80 29 45 9 77 79 17 16 39 17 42 45 77 8 58 5
10 15 81 83 29 6 83 88 81 95 59 29 73 55 26 41 9 16 20 16 14 42 29 71 31 76 82 25 44 20 13 50 59 89 50 70 97 20 4 95 90 97 64 31 52 48 23 96 25 80 30 1 91 50 17 6
31 13 100 50 25 64 30 4 31 80 63 55 40 48 25 15 12 22 77 61 53 61 22 21 75 68 82 65 3 3 37 40 80 8 75 72 52 67 49 37 42 91 94 8 87 69 30 26 34 22 59 25 19 80 4 95
80 8 54 8 7 30 29 79 86 21 51 47 12 21 27 72 51 6 52 95 54 60 51 26 21 95 75 61 87 31 31 52 3 40 85 34 14 86 17 13 68 93 40 35 53 75 70 16 22 22 10 89 12 55 100 65
12 19 83 50 80 94 20 10 45 17 47 18 93 24 37 19 83 3 50 63 80 8 63 98 64 10 38 2 62 57 73 15 20 18 9 4 83 43 32 6 50 98 12 38 4 23 9 96 98 16 25 32 21 28 47 34
89 22 42 10 23 23 14 34 29 22 11 6 36 20 9 100 1 92 16 40 62 23 38 94 18 35 37 11 27 4 5 24 16 55 25 28 8 43 20 64 34 45 47 14 34 89 81 35 90 17 64 9 44 92 74 51
27 44 62 69 43 99 4 23 10 48 54 78 21 64 97 39 68 43 72 46 1 76 23 77 14 4 54 28 13 63 50 56 8 39 4 85 33 37 30 73 3 89 67 78 21 66 71 5 6 14 41 99 82 39 27 76
81 26 23 91 26 59 51 85 25 61 68 2 24 7 14 100 6 75 27 21 93 22 16 67 97 8 44 1 45 61 96 37 2 37 4 56 26 68 8 38 79 93 56 99 60 20 3 85 35 13 70 66 44 99 22 80
97 80 64 52 18 55 24 16 30 68 59 52 54 71 32 27 82 99 74 97 82 88 63 96 47 23 24 15 6 57 59 90 1 35 21 87 83 92 14 57 28 27 21 47 2 43 57 91 49 88 52 16 54 47 73 84
74 5 21 66 37 89 17 23 13 16 99 48 83 8 54 55 29 3 55 41 21 24 26 83 5 79 28 80 27 30 61 27 87 36 57 57 15 45 31 64 46 83 14 73 16 99 44 63 9 27 20 6 19 78 66 15
14 68 64 80 78 64 71 79 31 67 60 26 12 40 21 13 84 72 83 43 38 58 40 18 51 43 11 85 98 66 55 15 47 64 62 18 42 70 96 57 61 67 90 54 21 47 19 94 18 100 52 74 95 68 6 6
44 39 22 24 11 11 52 31 52 90 17 56 44 99 10 93 70 46 8 16 62 36 9 15 17 58 2 81 56 46 95 3 19 16 12 69 41 30 97 98 14 74 25 99 100 95 6 70 58 58 4 34 42 38 59 35
52 82 45 22 51 98 1 7 49 18 5 72 58 66 14 38 29 28 50 87 49 98 88 98 100 7 35 22 29 46 13 39 40 57 26 87 64 63 9 32 77 67 25 55 58 27 75 25 96 41 16 95 87 9 81 99
13 67 26 73 81 78 71 59 33 10 55 69 3 70 48 48 56 97 28 9 58 13 1 20 92 44 19 37 3 23 87 86 84 96 31 79 11 52 77 51 94 77 74 68 35 81 28 9 13 87 34 25 38 89 30 2
64 50 51 27 9 64 28 91 45 98 72 68 58 12 60 55 28 11 26 48 84 51 47 55 81 30 99 4 61 10 47 77 69 46 100 18 40 17 70 98 34 83 68 39 84 61 30 30 74 39 82 48 63 28 79 84
36 24 7 78 20 96 21 27 7 68 26 98 21 97 35 47 93 9 70 93 73 31 80 93 20 33 84 41 44 56 18 42 57 51 78 83 30 60 34 61 45 92 49 59 36 12 86 25 10 80 32 3 6 86 51 8
56 46 3 71 22 76 39 31 69 3 61 26 96 45 88 39 95 11 26 96 92 31 75 45 42 6 69 43 15 47 1 63 80 73 43 50 50 20 30 69 67 14 74 85 13 55 29 41 78 24 7 7 21 84 97 39
25 17 29 57 23 97 36 30 64 54 40 94 3 50 99 65 88 34 30 70 70 19 23 67 54 79 13 58 44 66 2 23 30 48 96 27 83 84 11 36 89 9 30 23 18 24 34 46 75 23 78 98 43 32 49 100
86 1 97 22 41 62 85 32 73 80 14 3 30 12 29 27 43 67 13 92 50 25 71 26 81 15 65 89 67 46 2 49 19 93 73 38 15 90 58 92 76 71 99 75 97 86 12 1 53 71 89 94 16 34 30 3
98 28 34 62 66 46 92 6 33 99 59 52 27 93 49 77 100 64 59 29 35 34 95 11 51 74 90 57 88 25 47 98 25 54 99 47 25 75 14 15 15 16 2 74 92 76 99 52 84 36 6 93 25 14 94 96
19 38 80 13 61 1 6 51 2 99 35 2 48 5 76 76 29 11 50 58 55 37 2 33 2 85 85 65 35 12 77 14 35 77 23 97 24 91 71 54 43 13 17 60 35 36 2 40 12 32 82 54 48 6 63 88
6 14 34 12 56 43 92 43 23 43 84 47 20 89 94 51 1 23 55 89 4 29 32 45 8 75 44 86 58 7 6 72 21 75 62 1 5 16 71 17 48 67 85 37 50 82 72 77 75 2 20 92 70 43 90 49
68 77 79 80 33 54 72 94 79 29 10 73 89 1 26 50 49 61 92 12 41 82 83 81 31 1 20 79 67 27 12 97 49 21 31 66 47 97 47 19 87 15 48 36 73 96 89 46 71 13 27 52 42 70 57 71
13 16 91 24 20 59 87 52 18 68 8 42 57 40 1 56 58 53 82 37 44 97 69 99 34 24 84 41 61 81 4 3 38 19 5 44 48 50 81 100 48 57 19 10 18 53 84 12 79 72 47 58 15 23 60 19
29 4 18 66 93 47 54 57 98 31 99 55 91 1 15 75 87 4 2 43 3 66 2 6 79 11 78 49 90 90 40 68 93 12 20 84 26 65 46 28 56 47 39 77 47 74 90 70 22 5 30 80 15 71 70 45
57 58 45 100 28 78 31 64 65 45 44 56 42 22 39 69 52 44 26 66 5 96 52 61 13 69 7 35 12 54 51 58 26 9 47 68 45 92 75 76 62 53 45 75 74 2 75 17 100 4 61 81 80 87 3 44
97 79 38 22 38 29 63 57 2 41 16 48 86 31 62 27 72 91 75 44 49 85 41 29 85 29 74 19 38 28 21 3 50 31 25 58 34 39 37 78 40 5 84 71 47 27 30 95 58 28 86 98 53 76 9 48
70 27 31 12 75 93 4 5 23 34 2 99 64 89 49 73 73 34 47 4 51 100 34 6 92 79 30 8 90 10 67 73 21 16 94 64 44 57 63 7 73 39 35 33 79 10 31 49 72 71 69 52 79 39 41 13
83 100 23 83 61 84 51 51 14 98 25 79 85 17 94 53 64 46 26 56 56 62 91 99 82 36 10 55 35 88 73 48 19 63 13 71 90 89 13 19 98 17 18 32 97 67 37 3 35 96 38 63 98 1 89 35
58 97 98 89 46 89 29 3 55 81 48 84 52 45 53 1 65 91 35 36 37 30 88 41 98 8 34 23 94 44 2 25 25 63 94 2 96 44 93 18 28 81 9 42 55 96 88 73 78 22 67 71 20 55 51 66
74 50 80 36 96 34 20 21 18 89 20 41 30 52 97 20 9 67 6 32 25 55 16 62 74 89 38 89 15 21 18 68 91 62 3 78 7 79 80 94 46 11 1 96 80 38 57 58 79 56 20 11 80 89 18 18
64 13 72 78 86 68 29 21 48 1 95 89 60 80 43 70 25 6 62 53 69 56 33 68 62 7 60 43 96 98 59 11 37 29 57 29 84 96 36 54 90 67 52 16 42 32 7 27 42 65 89 73 46 20 42 70
17 92 1 56 6 43 81 26 17 81 17 36 17 2 11 78 28 70 66 76 29 60 98 98 62 20 72 83 15 10 42 4 49 28 86 86 65 75 82 75 39 29 4 61 23 77 75 63 23 32 25 85 59 46 46 66
88 20 62 85 38 61 10 97 33 10 21 100 90 14 36 18 75 6 38 73 55 5 58 95 3 20 22 35 90 40 41 5 33 88 46 77 70 73 75 30 53 10 45 8 17 1 5 34 10 59 3 75 32 3 81 15
7 46 11 14 6 49 46 69 48 60 74 100 53 42 43 71 35 13 97 52 9 11 96 60 64 80 52 73 23 42 77 83 11 3 13 86 80 78 12 72 26 17 97 62 88 57 72 72 45 50 15 45 51 76 97 48
68 38 31 77 59 62 93 79 36 90 17 14 11 22 37 76 67 50 31 39 98 100 100 73 19 25 34 2 54 25 83 74 91 48 58 1 26 60 92 35 74 19 5 67 89 9 100 97 78 63 24 47 68 86 17 65
6 26 58 45 51 80 8 30 13 70 79 91 68 95 88 70 92 51 98 81 23 92 33 9 40 36 88 69 69 52 94 98 26 50 19 60 34 96 11 95 81 73 8 67 86 23 44 25 31 21 13 32 51 85 44 98
8 98 3 58 98 4 51 66 74 36 17 8 18 50 8 39 23 72 23 87 8 57 3 24 7 41 65 95 1 2 97 78 11 52 81 74 74 1 87 26 50 41 52 17 7 84 72 12 40 95 2 41 13 44 59 47
38 72 1 52 25 47 68 7 52 15 66 9 78 72 24 14 64 28 89 19 34 65 49 55 36 15 56 91 10 20 19 58 91 17 71 17 93 19 14 38 8 13 35 59 78 32 25 21 34 5 22 82 83 93 8 60
26 79 93 35 94 21 43 76 100 92 86 47 44 46 9 38 31 52 94 91 97 65 42 28 80 60 16 9 33 61 65 38 31 83 20 42 22 40 71 7 78 90 58 62 96 84 78 65 44 84 84 75 87 11 71 32
35 94 64 45 85 52 49 91 46 100 11 47 70 68 23 73 40 13 99 21 66 86 58 25 47 67 14 81 22 43 93 83 70 82 60 30 98 50 74 1 8 80 73 60 9 22 40 87 79 16 17 22 21 95 71 47
13 11 54 22 31 92 2 85 98 80 30 48 89 100 70 9 24 86 10 91 63 48 40 12 94 88 88 63 25 19 87 15 22 100 42 41 5 51 79 32 39 89 64 15 98 37 79 39 15 91 27 21 85 88 92 34
26 71 88 13 32 95 56 61 61 96 81 88 54 42 48 31 84 20 56 50 88 93 63 34 37 81 58 66 15 78 17 87 86 48 53 76 48 18 84 40 91 73 38 13 14 47 54 81 2 61 93 79 48 33 96 60
21 87 72 46 16 12 13 64 32 15 60 28 73 80 18 62 16 18 19 73 82 78 87 31 100 16 63 60 89 76 40 35 40 81 69 52 13 52 30 41 89 45 43 80 32 2 89 85 43 28 19 24 38 41 57 85
27 62 21 90 16 6 98 28 5 84 50 10 18 50 66 46 27 57 7 81 9 63 15 58 88 10 74 30 93 70 82 98 7 90 53 68 52 36 94 99 73 95 13 14 66 52 3 99 90 79 89 48 71 7 59 13
44 52 80 87 44 61 72 16 67 69 10 64 50 73 32 56 35 54 56 33 85 4 36 31 93 88 55 35 50 38 1 5 75 87 1 62 14 36 46 65 79 14 12 16 17 17 68 62 28 50 73 67 28 10 44 35
29 35 39 66 32 21 33 8 84 21 33 92 16 81 40 94 88 81 40 2 18 64 70 35 60 82 62 23 3 100 21 19 94 84 8 35 94 51 35 12 52 12 4 85 89 75 6 75 46 74 76 63 77 75 90 45
14 26 49 75 41 4 78 79 26 12 93 4 71 49 67 34 98 92 42 85 58 63 11 28 44 42 69 18 73 65 28 13 79 71 96 69 99 9 7 63 8 70 24 42 21 29 1 70 83 4 40 4 79 76 41 29
15 44 99 50 75 51 68 14 86 48 94 86 92 100 48 38 90 26 32 17 92 73 66 39 75 4 88 25 91 82 59 37 66 85 11 14 78 7 75 14 39 5 35 78 25 20 57 62 33 89 45 37 25 53 64 83
13 24 12 69 27 37 14 69 46 11 15 36 67 71 63 27 52 62 75 65 57 77 42 73 40 13 55 10 84 36 53 92 81 45 34 25 46 98 36 93 75 52 25 74 17 7 97 55 43 88 2 38 10 39 55 100
84 33 58 15 20 18 35 11 69 90 76 50 29 44 70 29 16 12 79 60 29 41 54 84 36 62 40 58 25 67 37 90 48 90 78 70 82 55 99 40 6 59 24 75 79 56 12 85 37 41 55 96 59 63 29 58
36 73 41 90 36 20 70 45 57 42 39 57 69 100 14 95 31 65 68 99 93 100 39 88 16 69 59 85 22 21 97 39 15 92 25 31 35 50 23 51 38 24 97 33 42 99 31 48 85 67 91 21 91 46 9 51
70 99 97 98 86 25 88 73 20 63 77 56 69 38 81 49 64 44 76 21 84 63 81 90 91 65 44 82 48 54 32 42 58 20 8 48 16 49 73 62 76 78 15 100 11 91 42 31 15 63 65 87 68 25 50 66
