241
16 51
93 50 8 70 90 78 26 6 54 70 97 44 41 5 81 46 98 23 81 69 17 10 46 10 85 35 98 25 58 25 54 20 83 24 5 53 99 33 82 79 54 4 23 42 54 35 11 90 51 25 81
48 66 80 98 6 36 91 45 44 79 2 93 83 33 100 91 7 85 68 36 51 2 87 61 40 53 97 66 55 55 81 23 98 95 14 41 89 48 47 24 67 26 21 13 96 97 30 35 79 59 10
98 56 92 94 39 79 47 93 73 45 30 87 87 74 4 38 51 56 66 38 23 20 16 28 94 38 66 83 97 25 10 51 78 15 47 85 5 38 23 50 1 85 61 51 73 69 38 45 8 23 89
14 17 68 72 4 55 14 49 41 49 79 69 82 25 11 16 32 94 39 13 100 86 22 27 29 1 51 52 95 95 33 17 75 36 86 66 61 18 51 24 69 54 42 48 65 91 14 45 27 63 71
93 3 68 97 64 30 74 27 46 77 98 86 42 67 58 20 15 12 5 66 94 16 62 29 36 55 64 84 73 42 53 72 52 54 55 74 9 40 86 45 65 81 39 40 85 87 88 58 78 31 13
2 91 76 75 90 35 40 99 42 69 65 21 50 21 79 26 40 25 65 15 99 100 97 79 9 93 83 78 65 27 96 38 60 8 31 46 85 24 76 94 32 27 33 86 21 81 6 98 72 100 91
26 82 83 11 45 29 43 47 3 41 79 81 48 96 32 7 87 83 92 83 43 85 74 32 47 39 19 21 23 41 55 88 70 65 31 77 3 65 41 24 89 29 29 60 46 89 47 14 21 24 9
82 79 94 26 95 23 71 35 85 89 4 69 6 85 93 31 14 55 68 53 40 18 82 17 40 37 11 98 78 34 23 54 55 41 6 32 43 55 87 9 50 88 12 50 79 29 53 87 38 6 83
7 37 55 23 60 25 2 60 88 41 24 100 19 87 35 94 99 38 71 64 30 41 47 6 3 90 47 35 48 100 64 78 25 37 88 85 21 19 50 85 53 26 12 57 41 63 3 85 99 98 83
89 1 8 32 86 23 71 35 7 68 18 73 76 57 82 57 39 40 57 32 33 53 73 6 92 99 61 26 36 61 86 59 86 34 4 77 3 38 34 77 10 90 71 49 26 51 26 53 34 69 77
35 34 81 70 98 17 53 98 52 23 48 81 82 93 54 50 19 38 100 74 77 24 23 39 7 35 45 7 90 22 41 47 78 48 52 53 3 85 8 87 33 81 44 13 25 79 96 60 98 62 94
73 90 4 97 70 68 32 41 44 34 30 27 29 90 56 47 10 55 87 79 7 25 66 34 25 16 95 76 84 93 100 95 91 93 47 15 41 24 4 70 73 2 95 84 92 99 66 9 41 72 57
26 33 87 64 92 77 67 63 19 5 50 39 76 34 19 89 93 62 35 64 89 78 1 24 6 100 1 37 70 98 27 100 54 11 81 12 29 45 74 11 60 35 19 84 36 31 45 72 92 42 97
80 85 91 57 2 40 49 68 25 62 13 11 30 78 48 37 77 6 53 56 76 83 53 85 70 71 22 78 83 19 25 41 75 38 64 12 52 3 68 35 76 46 71 74 3 62 88 23 45 21 41
86 70 48 73 40 86 1 96 5 12 55 84 40 70 24 25 100 71 97 19 11 55 73 98 10 14 10 35 13 60 65 65 89 8 92 6 75 80 47 91 1 24 30 57 99 68 80 90 71 63 65
96 40 89 59 11 9 64 7 97 78 27 87 29 6 51 98 92 20 87 20 96 95 58 50 18 91 2 5 87 29 43 27 89 2 28 81 71 5 65 48 10 97 70 65 21 72 98 95 43 41 36
