878
34 52
43 28 15 56 85 59 42 92 8 80 77 42 16 76 100 33 67 96 67 49 12 79 2 37 15 84 33 85 42 84 72 77 99 49 95 13 3 32 22 18 34 68 57 89 48 75 86 42 3 21 67 24
54 2 25 48 74 33 13 47 14 15 94 11 77 60 75 28 59 100 75 35 87 52 86 28 35 12 94 5 37 40 66 18 30 62 82 30 36 83 79 54 72 27 19 24 56 78 60 83 5 68 21 73
45 9 34 81 88 22 74 34 56 75 26 47 29 21 7 37 2 61 39 6 42 69 60 3 38 31 65 57 31 92 77 75 62 19 81 27 50 34 69 57 73 87 50 88 75 67 31 36 92 68 13 35
17 49 55 17 73 14 82 93 95 55 54 69 18 37 85 81 32 31 20 50 48 47 22 83 92 77 79 11 78 15 2 6 65 94 11 48 70 3 52 69 27 66 88 95 47 59 52 93 87 90 57 38
33 97 3 77 80 55 69 30 15 83 45 81 85 92 89 97 20 80 22 60 89 52 47 13 100 90 29 6 35 42 42 63 96 89 64 10 2 24 16 41 85 63 30 21 83 89 83 12 37 30 56 74
50 2 96 95 48 38 77 68 64 76 67 78 92 48 90 59 64 68 97 76 18 52 26 59 1 51 12 26 83 16 90 51 81 96 86 97 80 22 99 55 66 40 15 60 31 74 7 26 4 97 14 15
99 90 40 17 48 70 24 49 48 8 77 63 92 1 6 23 44 35 79 43 72 37 30 27 7 70 57 53 63 4 33 86 64 88 28 89 72 63 64 79 66 82 80 50 89 77 67 62 36 40 45 8
80 64 88 49 1 85 92 10 88 80 14 70 72 30 59 1 24 37 67 58 97 87 72 80 57 41 9 80 7 46 2 58 92 4 57 12 16 6 6 67 29 71 12 57 33 13 8 75 58 89 69 16
87 83 72 57 76 69 36 98 26 1 1 65 80 34 66 18 74 94 41 59 36 45 43 24 77 69 99 2 96 75 63 59 66 33 8 49 70 24 77 17 86 88 71 69 86 22 43 18 13 52 48 22
30 63 19 32 89 73 1 69 67 38 36 49 52 78 56 25 58 95 91 83 61 39 18 75 89 22 38 7 31 21 28 19 71 9 45 51 37 74 93 98 31 83 8 89 47 29 37 15 2 62 30 98
15 55 28 17 68 53 33 71 38 53 20 20 87 58 88 7 45 28 63 8 24 1 23 3 76 7 46 52 64 28 79 72 98 80 97 1 8 17 71 73 2 3 44 20 6 75 12 71 56 30 83 51
46 45 54 63 50 39 27 1 77 53 76 39 12 29 32 93 65 11 57 57 13 4 64 51 99 83 37 94 31 84 98 11 36 55 36 89 67 94 69 25 77 90 64 42 15 27 52 95 27 54 22 87
73 59 93 9 67 95 20 18 23 3 35 72 71 62 34 85 73 79 35 51 35 47 4 9 13 74 24 69 89 91 58 71 12 49 50 23 18 14 37 58 30 71 63 15 95 22 3 67 41 48 1 9
93 23 26 16 2 5 21 85 49 21 57 37 8 93 36 83 64 37 30 82 8 79 61 22 92 16 63 71 59 18 92 90 97 75 85 23 32 68 97 38 5 73 100 62 62 84 26 86 17 48 37 74
67 96 25 38 77 80 94 13 3 23 39 21 28 82 98 2 38 16 51 24 62 59 66 32 89 57 76 20 24 22 53 34 1 94 91 43 8 41 73 26 69 35 54 60 38 49 76 13 7 77 60 71
24 86 28 24 99 54 54 14 42 60 71 74 59 19 8 82 7 52 3 56 72 65 25 30 47 39 59 92 48 18 79 6 2 18 52 27 82 56 5 86 92 17 45 58 41 30 71 65 35 21 48 1
81 98 21 55 46 37 15 63 21 48 72 92 42 8 36 43 83 53 52 94 99 10 25 35 35 85 84 2 92 14 69 3 52 94 53 87 96 87 73 94 74 82 52 18 58 4 36 94 2 9 95 24
94 42 87 95 49 57 64 68 42 22 21 28 25 88 14 82 62 20 92 6 74 77 41 9 3 5 70 46 55 95 83 66 40 10 2 51 10 53 6 34 24 59 52 50 96 52 2 93 42 29 88 33
74 65 5 21 33 72 52 21 81 20 70 35 40 34 70 64 32 58 82 42 43 30 7 95 44 72 68 2 72 29 78 24 51 13 92 10 40 89 25 50 38 40 63 83 99 21 51 72 13 63 44 63
11 62 25 6 39 65 33 62 62 57 1 16 95 69 25 33 83 27 90 48 36 10 71 61 57 75 70 1 41 1 89 1 40 8 6 70 67 98 3 90 86 44 29 19 86 50 36 72 28 86 14 17
40 98 56 51 94 85 42 89 22 43 56 92 46 79 79 97 68 4 89 32 25 43 59 67 26 52 41 84 77 55 53 100 98 45 53 68 89 3 47 94 51 38 98 72 49 76 34 38 36 98 87 69
59 66 18 39 65 38 97 18 99 46 64 29 49 67 79 92 96 32 25 51 71 38 46 41 36 54 90 33 54 30 98 18 44 12 26 31 77 85 39 56 69 94 93 80 83 83 25 35 65 37 45 79
83 70 40 99 68 98 24 34 17 56 73 54 32 74 100 50 20 73 15 52 97 28 87 49 42 90 95 10 21 38 3 84 39 71 32 78 73 80 46 77 14 13 4 20 82 35 51 94 74 57 85 85
97 99 83 12 23 91 73 59 92 78 57 13 43 16 91 10 83 95 59 11 17 5 31 98 23 100 15 70 37 1 86 35 19 48 47 61 74 63 88 59 74 61 93 2 54 54 56 91 66 64 91 70
54 47 35 59 55 68 28 2 60 74 66 81 49 75 74 69 66 90 75 86 66 80 58 31 18 8 84 50 25 30 3 35 100 60 80 47 10 60 51 30 82 20 83 69 43 35 52 26 21 31 54 13
37 83 96 100 65 11 37 49 37 30 82 71 25 71 68 34 28 19 7 10 28 58 79 78 95 8 70 5 13 50 86 46 95 77 44 53 80 66 29 14 46 55 8 92 11 85 21 92 49 50 81 15
74 45 33 16 100 99 35 27 71 89 10 59 48 95 65 23 35 87 48 3 32 54 26 59 31 78 98 61 48 45 51 63 20 80 42 59 89 36 91 94 11 25 10 86 76 57 56 52 85 91 92 78
79 3 39 17 77 33 8 9 42 87 59 23 81 4 44 48 99 38 39 28 1 81 19 33 59 41 35 33 44 72 7 25 6 97 15 61 93 6 69 8 79 17 9 48 94 97 89 89 2 14 10 60
61 50 8 3 84 86 21 79 38 66 84 38 38 24 79 30 42 98 43 90 15 34 28 4 20 46 41 87 5 32 60 41 66 35 65 28 4 50 23 44 88 12 56 68 68 97 22 18 77 49 74 60
37 27 76 9 97 79 39 14 22 15 10 73 9 46 19 8 79 18 15 6 94 27 2 71 26 52 28 64 2 34 80 12 7 7 5 25 57 65 67 75 31 75 75 67 6 31 44 10 69 97 31 83
48 67 14 99 44 49 74 92 73 78 91 16 19 79 99 2 50 16 89 36 85 21 31 23 57 83 63 32 5 88 66 85 25 27 93 72 92 38 67 38 2 72 19 34 6 71 99 2 78 79 46 35
4 49 14 85 13 98 73 5 89 10 9 31 54 43 85 6 40 94 43 26 16 85 82 96 72 98 45 3 99 47 25 2 80 42 25 49 84 47 84 58 23 48 82 57 20 96 84 85 1 47 30 88
69 93 14 96 88 72 99 68 19 84 22 7 73 81 55 59 28 11 83 17 16 1 28 46 21 70 26 57 51 21 53 12 27 79 59 64 96 91 91 5 34 61 14 45 78 97 29 75 58 10 70 11
44 34 24 4 81 56 58 38 38 98 99 98 47 32 35 27 6 76 76 6 94 58 19 15 96 51 61 37 74 34 22 32 18 63 5 78 10 55 40 41 82 43 49 62 73 15 12 40 3 78 71 47
