106
13 73
9 73 20 5 52 4 93 31 91 23 50 96 71 55 48 98 15 50 73 15 2 80 67 45 33 96 90 98 42 35 99 41 60 20 4 61 15 50 2 36 58 90 24 78 87 27 42 11 27 62 81 66 7 9 29 52 54 33 65 85 52 36 42 21 87 36 31 9 48 5 94 91 11
23 86 91 82 79 80 72 87 91 68 27 49 45 62 73 45 77 17 71 50 17 14 57 53 85 67 99 1 78 70 88 66 35 65 80 52 79 48 81 18 53 45 92 28 73 30 8 34 11 60 32 70 6 83 5 80 2 31 74 59 100 89 67 27 41 100 83 64 54 93 22 66 72
97 58 83 8 26 74 65 56 25 7 76 89 10 5 34 32 48 82 14 64 43 21 13 66 39 10 87 21 92 91 29 79 58 54 87 79 69 33 37 7 49 38 78 49 50 81 44 58 24 67 89 46 81 84 69 78 47 31 62 51 15 68 24 10 70 6 52 17 8 67 3 65 18
96 79 52 24 69 54 41 74 69 50 53 18 46 23 80 95 56 94 77 60 49 23 46 25 72 26 36 53 2 67 41 59 89 58 59 43 25 60 12 59 32 27 46 58 77 23 53 67 19 66 54 55 15 17 39 53 78 93 76 74 52 89 52 49 18 96 53 47 50 45 12 85 32
89 76 38 63 37 52 96 58 93 27 87 88 16 16 100 82 4 34 7 75 77 90 2 53 9 74 4 94 83 52 3 5 8 20 89 70 53 38 53 8 58 32 40 81 82 78 90 39 85 66 42 49 98 86 52 27 17 88 15 27 28 89 74 28 60 77 67 84 10 46 58 68 50
96 58 19 68 32 89 37 62 83 37 65 69 45 39 44 43 84 35 31 57 83 40 67 88 40 93 4 73 85 8 76 29 3 46 40 42 27 43 64 64 54 75 26 94 46 82 37 49 41 52 4 33 37 84 63 73 89 82 10 18 7 46 95 87 30 39 2 28 86 11 39 90 74
69 94 97 10 13 100 61 29 15 92 74 28 70 17 36 27 10 66 17 99 24 57 56 73 33 44 1 38 62 48 78 92 26 36 22 32 40 3 80 76 31 93 82 3 39 63 94 87 13 52 86 62 74 58 3 55 84 85 27 55 6 42 66 16 78 8 65 13 84 4 42 99 40
86 79 23 78 35 74 52 24 64 32 99 73 94 65 57 77 63 84 80 6 70 95 45 57 46 9 29 12 69 18 74 6 31 7 51 15 100 35 35 38 10 84 23 8 61 18 15 60 29 9 98 95 82 13 67 20 34 23 27 32 89 18 100 58 72 63 60 63 21 72 3 8 18
86 21 80 20 2 92 39 19 57 36 91 23 32 63 86 9 31 99 100 27 52 34 51 32 26 62 5 64 22 81 85 96 6 86 63 29 1 72 52 81 6 59 49 77 40 37 4 17 77 42 49 73 69 23 2 21 34 76 9 92 85 16 81 68 28 86 83 13 94 64 62 47 14
74 77 53 88 48 48 91 20 60 59 86 21 4 22 31 41 99 83 97 69 85 100 43 23 28 72 97 2 68 62 1 31 62 56 97 37 17 20 80 78 33 48 90 28 73 51 96 20 94 84 43 18 16 79 39 21 28 40 3 49 75 38 3 91 79 13 87 47 83 56 46 85 11
22 73 81 49 89 41 35 74 75 22 7 28 45 29 96 43 81 21 59 98 40 1 14 20 20 29 14 47 78 3 30 57 56 91 41 40 1 2 30 86 5 26 22 2 90 2 49 37 27 69 96 76 12 24 10 85 94 69 42 1 76 9 89 69 42 96 72 16 42 31 8 87 25
11 13 73 31 57 95 13 56 5 24 6 57 46 37 55 30 9 30 56 34 10 53 56 49 8 74 30 100 97 23 72 71 69 37 66 83 45 76 16 62 44 78 40 75 29 9 78 100 59 88 85 26 96 8 65 56 48 83 68 88 50 81 82 55 56 17 64 54 68 14 98 12 5
63 53 94 47 28 13 57 90 58 83 94 45 84 52 56 62 75 34 81 24 75 61 34 93 83 44 80 9 86 50 55 38 55 14 71 90 11 25 28 6 21 2 6 12 70 47 83 3 89 92 15 65 84 60 43 30 97 34 26 64 24 8 82 26 98 82 89 64 33 86 21 75 24
