11
86 23
37 61 98 96 27 42 65 79 54 7 23 92 60 8 16 34 35 78 87 39 85 12 6
45 43 81 11 53 8 76 38 72 52 19 8 19 34 36 59 20 77 41 4 3 30 39
90 94 91 38 95 55 50 62 87 21 49 29 67 58 32 59 32 48 68 70 72 23 83
15 54 13 35 40 5 87 91 80 77 28 16 76 14 11 16 44 96 22 89 41 24 28
52 72 55 74 76 59 44 34 72 98 80 83 3 40 87 61 92 15 42 28 93 38 63
67 32 38 29 91 43 3 57 60 11 75 20 11 80 31 82 40 36 85 90 2 2 37
46 65 72 48 42 95 14 67 72 38 9 68 62 53 4 29 16 1 82 44 23 62 64
30 11 86 28 96 56 9 95 64 78 26 35 28 78 69 19 6 99 97 83 78 27 4
75 65 83 64 63 3 44 72 21 64 94 76 70 31 69 21 58 15 87 64 77 89 13
97 57 65 9 7 90 92 43 79 4 26 11 44 17 97 55 57 90 78 1 33 9 70
43 98 79 23 8 61 91 80 58 32 56 19 6 25 91 18 16 22 20 56 56 66 33
12 43 44 55 42 98 73 22 13 72 66 91 13 18 15 64 97 44 37 22 40 58 95
9 8 36 87 57 99 77 10 61 21 86 29 45 66 26 74 11 72 77 100 37 79 61
18 44 89 24 81 5 36 8 84 97 38 80 95 2 31 72 47 48 45 10 54 99 52
61 61 43 11 62 10 73 15 17 55 8 82 38 8 36 43 65 20 98 24 79 81 48
28 71 70 66 54 96 96 69 74 47 61 43 74 50 85 32 11 70 97 27 90 42 1
87 65 78 20 88 39 19 19 33 98 43 34 20 2 47 14 84 66 67 16 33 22 19
48 25 25 7 77 33 72 16 84 11 38 28 92 35 65 34 53 8 13 28 80 5 56
85 97 51 66 6 30 64 29 99 36 76 80 86 83 87 35 55 22 3 67 38 67 4
3 17 40 69 14 66 7 45 63 16 52 90 73 53 64 12 89 39 56 17 96 97 58
80 73 45 55 8 14 63 66 18 38 44 40 57 3 36 8 28 93 1 53 98 55 98
2 18 40 11 89 97 29 73 7 60 93 24 62 40 48 62 5 33 32 11 56 55 85
19 31 35 93 88 48 17 44 69 51 81 8 70 26 39 62 45 89 39 83 81 96 69
34 32 50 62 35 2 97 59 29 99 79 41 27 45 30 34 4 32 12 97 63 94 28
12 85 83 21 26 15 59 52 35 2 73 64 16 42 16 14 14 69 32 49 19 7 24
95 46 99 53 4 91 59 9 67 63 45 25 79 20 77 24 31 24 18 53 65 31 97
14 64 35 7 6 60 32 61 64 50 31 25 70 76 45 67 100 54 48 95 48 58 86
37 90 9 70 40 44 62 39 63 68 78 22 74 17 25 8 33 26 40 76 78 89 31
42 71 3 74 7 81 64 50 47 47 62 1 17 98 53 86 37 82 42 61 16 1 60
75 35 51 91 85 81 50 86 66 55 39 38 86 85 52 53 68 23 75 28 32 51 19
29 62 44 81 84 61 72 54 36 71 98 55 88 43 23 1 11 97 22 55 81 55 77
20 3 48 26 5 32 97 74 27 16 69 45 32 29 97 86 28 81 60 72 70 40 85
89 92 79 67 38 51 27 56 88 34 97 17 1 33 2 69 29 13 2 12 19 27 99
61 39 19 35 84 34 2 18 17 16 9 73 9 64 7 57 70 96 68 64 96 83 44
53 91 73 3 7 86 38 38 100 23 13 19 74 4 14 40 45 88 14 46 54 46 86
55 39 84 99 36 64 25 4 64 54 52 41 52 54 76 2 86 61 24 47 24 77 10
10 89 2 89 5 89 10 95 87 39 61 96 1 44 93 2 25 7 61 43 9 80 73
94 76 41 97 15 14 90 94 78 46 35 21 48 93 60 41 59 76 56 63 39 84 34
19 54 33 67 82 65 37 76 90 39 83 56 74 82 40 9 75 11 40 80 86 71 56
77 74 67 91 80 72 91 78 48 13 27 76 54 77 94 26 90 10 100 43 100 14 25
56 5 8 34 6 11 100 68 84 62 14 39 67 72 37 36 22 92 81 26 35 95 61
41 23 43 1 28 1 55 22 81 42 66 55 67 51 23 57 91 48 98 34 50 96 9
22 65 1 37 65 78 13 29 3 99 85 83 34 60 68 55 26 94 23 13 75 13 80
38 99 33 29 1 71 4 35 45 83 11 10 19 14 4 10 82 55 95 82 63 23 27
44 14 6 51 98 100 99 72 56 83 91 62 50 87 40 90 3 54 92 46 89 10 7
79 91 25 25 34 96 29 78 14 98 98 94 77 48 81 96 33 39 74 48 49 15 72
20 92 76 59 41 49 59 10 34 40 42 14 41 59 19 63 48 33 53 17 9 39 63
38 2 76 50 39 76 10 72 68 62 13 94 95 9 8 82 55 49 74 18 53 15 23
53 43 20 19 65 69 24 46 81 89 93 68 3 58 97 35 82 55 55 54 62 84 97
16 100 77 46 66 96 94 46 50 84 51 48 29 83 97 99 77 49 16 44 38 45 23
89 49 16 77 87 99 76 61 89 45 1 8 82 88 86 5 23 39 35 94 27 46 50
29 78 21 92 69 69 37 77 78 46 27 91 46 86 27 58 42 25 66 80 80 60 35
55 38 50 98 15 51 48 11 38 5 61 10 13 95 86 6 1 83 85 7 97 38 48
38 30 63 28 32 49 22 47 28 35 26 87 9 3 64 44 87 47 17 31 79 28 38
80 45 12 42 41 77 77 94 40 93 71 4 12 66 28 64 14 78 51 83 13 89 63
8 51 95 74 5 30 36 30 78 7 9 66 16 72 62 12 88 32 76 58 29 39 97
82 99 3 86 90 74 26 37 100 23 72 14 74 25 44 71 58 26 94 78 80 39 84
26 32 94 62 26 93 54 30 33 22 56 24 79 69 80 80 87 33 81 49 13 32 81
22 69 60 25 71 25 1 69 6 8 44 82 7 40 10 7 53 17 4 25 57 6 94
27 44 15 54 86 24 84 26 94 91 69 32 84 68 10 1 40 22 89 96 58 10 41
37 33 67 2 61 68 20 7 71 97 46 74 7 10 46 78 99 66 5 41 79 8 22
52 17 74 64 24 88 24 57 74 93 58 50 15 4 72 36 45 36 12 61 52 9 89
99 4 52 82 98 65 84 41 5 60 12 69 87 6 93 50 30 43 94 59 96 57 89
60 56 8 11 86 55 16 23 24 67 57 15 43 63 62 43 19 57 2 10 11 1 38
31 71 18 39 52 61 58 3 85 22 45 9 22 74 46 70 25 81 10 62 47 31 8
28 97 15 25 1 32 31 64 29 96 51 81 15 40 39 72 34 70 45 31 52 52 16
3 96 68 61 51 62 68 12 65 98 97 63 55 37 25 45 57 63 34 26 11 46 93
12 94 5 3 49 46 29 14 35 18 80 15 97 55 98 27 32 82 49 40 68 33 51
33 49 48 63 28 24 40 28 3 22 67 49 17 50 93 22 79 37 35 14 42 51 86
62 98 89 62 64 32 31 12 71 24 91 56 26 47 77 35 87 30 56 52 34 62 68
77 42 83 9 81 35 38 21 16 37 88 94 26 32 95 18 15 84 67 63 91 59 30
81 1 1 59 81 1 71 93 19 43 19 22 87 10 50 34 1 80 99 94 75 86 20
24 31 72 99 53 77 75 39 1 64 78 6 70 87 14 81 83 19 1 9 21 56 56
44 6 21 56 50 78 40 2 33 96 65 77 19 39 61 89 21 24 18 42 67 1 5
15 19 78 81 31 26 99 50 8 5 11 72 22 43 95 17 58 83 98 52 32 1 40
87 33 30 44 39 73 100 26 19 44 54 4 19 87 71 37 18 10 32 80 46 59 29
62 46 85 57 94 87 39 61 68 15 27 69 84 52 22 48 40 61 96 93 1 78 23
75 9 60 89 62 25 3 51 42 90 83 9 15 29 68 38 6 63 18 74 11 76 11
7 43 36 47 52 49 15 71 65 19 53 89 30 6 70 99 54 78 19 68 36 27 90
86 39 64 26 50 35 40 33 42 18 11 100 73 48 9 40 40 39 50 69 35 34 85
80 22 23 90 17 89 59 98 77 69 53 93 52 17 22 11 78 31 48 97 50 84 72
6 84 63 42 98 79 12 55 59 70 28 56 22 81 82 61 47 66 9 63 34 97 37
31 21 79 36 24 76 94 42 96 40 61 78 73 19 9 46 34 59 29 37 79 73 66
68 8 28 82 63 54 58 50 48 82 41 81 7 48 74 3 24 15 86 1 95 74 62
7 15 34 61 92 69 29 100 60 13 54 5 24 89 50 90 22 32 79 48 11 98 18
11 45 23 42 65 44 53 47 31 15 9 69 46 7 8 73 86 76 70 40 51 5 40
