300
28 25
72 24 42 25 94 50 81 63 18 6 37 36 90 29 21 47 31 25 77 99 91 34 33 88 60
74 68 64 56 80 77 86 76 37 17 98 66 15 89 27 3 31 85 85 67 84 89 89 62 48
50 100 6 43 36 7 94 82 92 95 15 89 37 99 21 40 79 37 56 18 17 91 39 51 74
51 69 53 58 33 62 73 83 47 48 63 60 21 6 93 20 22 5 47 2 31 30 24 80 46
8 44 70 2 78 35 60 29 34 9 98 97 39 71 91 16 71 13 64 42 86 68 54 29 27
49 83 15 28 38 100 45 89 53 95 71 39 43 92 27 55 67 93 95 68 71 18 71 53 58
52 82 56 30 89 52 1 96 97 16 11 54 12 34 20 76 20 44 52 22 81 40 76 49 97
10 30 20 36 52 88 97 8 85 77 88 18 42 99 31 78 66 11 67 87 65 41 54 50 32
75 13 31 10 64 51 16 22 78 31 10 19 93 43 93 60 12 46 92 1 77 3 1 61 96
34 22 7 76 34 100 6 41 79 10 96 5 10 65 42 94 99 71 80 71 47 10 49 95 95
27 76 82 3 86 98 1 62 8 70 4 37 66 12 18 41 47 70 1 2 5 52 70 50 40
24 44 66 11 25 28 51 31 32 11 28 66 35 39 56 65 55 27 58 20 89 10 79 97 21
45 46 7 27 64 61 99 89 54 68 25 97 16 56 41 15 16 50 20 70 50 7 9 75 59
34 15 41 24 28 45 55 81 35 19 11 75 6 98 65 30 56 59 67 3 40 24 22 1 48
100 25 18 96 17 24 9 40 10 8 73 12 69 89 73 64 69 80 98 45 77 18 20 79 61
41 69 91 5 97 90 6 75 94 91 66 92 16 33 61 14 26 2 52 47 63 72 78 98 7
70 97 34 6 92 56 32 90 25 22 38 1 94 53 56 99 24 47 34 41 42 21 45 100 60
20 11 26 48 53 89 66 63 39 71 91 65 84 75 81 60 36 9 76 42 89 31 98 7 92
71 45 70 19 34 28 38 47 59 80 59 80 3 62 84 3 76 27 85 62 46 48 95 26 94
47 18 90 37 78 66 15 60 83 31 92 54 79 55 22 17 7 46 83 14 99 15 12 3 13
42 35 6 94 88 76 31 55 94 34 52 59 30 84 49 63 98 87 59 54 6 93 5 37 41
36 40 82 66 50 34 29 85 19 66 15 31 61 90 23 90 48 67 29 66 94 84 8 27 25
80 15 20 95 69 20 59 12 13 13 90 54 44 7 14 37 78 11 26 14 99 22 17 26 51
40 44 26 39 56 62 33 25 96 97 56 87 19 38 62 71 26 75 20 38 91 48 54 6 78
3 90 48 74 37 72 50 8 2 92 81 94 66 80 51 91 37 93 31 9 32 43 36 55 45
67 47 45 29 9 63 44 4 2 87 82 100 31 23 17 17 19 75 58 57 74 21 30 16 50
31 56 50 54 4 66 92 8 99 77 15 47 100 73 31 53 99 30 75 23 7 15 65 99 43
69 37 30 79 7 5 58 49 67 88 33 17 58 15 74 82 15 87 87 86 25 28 8 57 86
