971
55 12
93 45 18 60 24 27 93 47 14 88 57 7
44 97 7 22 76 21 45 33 1 86 25 78
55 91 24 55 53 42 30 20 87 82 36 18
90 2 57 25 66 55 58 95 64 36 32 2
20 78 60 96 85 33 24 81 94 34 71 65
91 6 11 10 33 49 62 8 97 83 87 27
8 77 29 81 23 87 92 57 97 96 78 15
5 14 9 1 44 52 64 25 8 6 47 59
14 8 91 30 1 54 37 54 91 82 86 49
96 54 35 34 88 55 57 13 38 82 47 89
35 34 59 62 83 39 19 87 78 53 5 3
5 4 57 78 64 90 89 34 95 85 9 51
68 28 100 40 40 100 38 34 91 99 60 90
33 3 73 10 90 39 99 100 14 36 97 71
62 50 18 30 46 41 58 30 31 50 91 58
38 76 19 97 97 60 51 7 50 52 23 52
10 15 48 13 44 30 43 12 78 73 1 11
6 25 94 92 65 17 1 88 33 30 84 72
57 92 4 34 1 77 44 36 21 24 50 22
50 78 6 79 99 32 78 6 18 54 29 33
15 21 48 1 68 95 34 55 34 95 99 11
58 51 47 59 96 6 44 91 28 53 1 58
30 90 45 31 20 54 40 49 49 83 63 91
92 78 97 84 80 1 72 30 3 57 74 85
98 94 54 71 15 3 42 66 6 11 6 58
64 31 65 71 94 14 98 100 96 68 70 29
77 3 72 71 89 55 68 82 16 82 56 36
55 18 40 95 16 83 86 38 11 37 13 4
30 59 49 94 77 63 47 100 23 20 61 97
47 86 1 22 94 61 70 8 31 40 71 69
40 59 23 16 57 99 25 88 35 21 97 91
74 41 22 71 78 100 21 61 11 32 45 12
35 48 69 32 36 48 15 51 49 50 39 21
9 56 71 63 70 64 36 27 65 58 21 58
91 88 78 3 57 24 40 62 31 57 71 39
69 7 44 74 4 64 36 66 48 95 25 77
26 16 79 96 3 44 2 79 69 55 14 47
70 35 54 86 67 27 13 15 71 87 34 74
24 2 100 54 93 9 54 9 13 66 86 72
14 81 87 53 9 33 51 69 42 83 91 69
83 62 48 94 54 39 58 55 18 95 33 72
41 76 93 81 35 29 34 21 34 24 2 3
35 15 35 36 68 99 20 95 78 59 74 1
73 92 54 25 53 67 85 95 59 80 12 79
85 17 45 25 2 74 34 90 22 92 57 65
56 91 39 23 73 41 77 12 88 52 95 63
54 38 55 16 56 83 10 28 15 35 97 53
35 10 3 10 75 48 88 93 52 44 17 10
15 96 51 59 4 6 50 51 69 57 91 83
16 63 87 24 64 18 77 64 89 24 29 63
53 60 54 9 10 25 19 57 41 41 14 22
29 14 53 39 1 32 89 96 30 39 7 62
33 94 56 100 59 49 64 84 41 34 58 60
22 6 75 58 11 15 61 72 46 53 42 80
47 1 97 43 95 44 66 12 77 20 24 55
