855
91 21
14 11 59 99 94 43 48 25 74 28 85 71 58 98 7 31 53 84 98 87 14
88 100 80 51 26 31 29 61 46 29 77 81 51 74 39 37 21 62 83 9 57
31 49 60 12 29 74 94 37 68 92 44 7 14 91 14 82 98 69 23 69 36
97 94 72 50 16 36 42 6 16 61 38 17 58 36 93 63 9 69 3 75 35
1 72 54 44 73 17 100 21 70 47 71 94 73 42 74 99 9 61 72 3 58
49 25 78 76 55 60 74 71 71 91 64 74 47 60 20 9 11 88 88 79 18
77 88 47 29 36 43 47 14 75 93 34 40 7 10 71 25 61 39 99 88 56
14 45 44 87 42 48 44 15 35 81 1 55 6 27 33 26 65 91 21 80 82
39 53 89 14 66 15 91 88 69 37 14 78 93 55 44 39 28 60 41 49 8
32 57 85 98 18 41 37 51 18 8 65 33 2 25 69 75 85 27 42 74 68
44 75 19 92 63 46 65 3 90 75 85 27 23 32 22 16 77 22 30 21 65
51 54 62 13 84 1 43 4 64 17 28 31 46 93 47 24 8 86 18 26 81
30 22 8 32 13 91 5 41 24 31 75 87 20 9 15 22 81 13 4 92 46
61 95 59 42 93 31 8 31 43 48 26 94 65 94 40 23 72 95 69 26 94
20 94 58 82 36 72 6 71 1 67 21 14 24 33 54 52 39 39 48 88 94
27 14 52 43 89 51 85 89 11 23 11 62 67 41 59 43 78 68 69 85 7
47 97 78 16 82 97 58 33 2 91 2 91 32 99 8 15 73 60 96 90 64
27 90 43 52 43 14 43 83 15 1 8 7 21 20 81 5 85 82 61 96 26
81 15 43 34 25 65 13 19 32 91 55 4 41 97 87 6 91 59 100 93 44
98 62 26 15 88 63 82 92 40 18 95 10 54 43 1 85 91 3 92 80 86
6 88 4 46 54 53 87 44 58 76 68 51 19 89 32 56 25 10 23 53 29
36 39 21 53 29 2 87 56 98 94 6 80 37 94 50 38 50 54 71 25 78
43 82 26 80 76 94 86 36 65 97 4 51 18 51 88 92 34 18 60 28 64
39 38 61 41 72 2 34 12 7 66 36 91 45 79 40 22 2 74 75 56 76
27 74 4 73 60 84 2 63 17 4 83 30 3 19 95 85 55 73 16 37 40
31 89 68 87 73 49 39 6 29 26 29 98 40 53 71 42 43 74 100 73 81
15 83 59 83 94 100 47 100 28 12 99 61 68 53 33 16 4 49 65 45 52
40 90 45 61 16 69 59 74 53 51 43 24 58 83 77 95 74 12 45 74 66
60 76 43 9 13 71 4 9 59 19 73 34 58 57 24 45 33 38 77 19 88
10 81 69 18 37 73 98 26 74 23 59 30 3 17 55 36 8 5 11 60 99
72 75 99 4 77 77 95 2 12 1 31 66 92 95 28 87 30 9 75 49 43
44 13 22 79 44 89 57 63 10 65 45 56 34 24 82 25 61 38 18 32 45
36 95 31 30 13 27 44 15 57 32 5 29 78 92 74 47 100 20 37 83 37
69 87 92 53 87 40 33 74 74 34 100 7 77 11 66 62 9 20 31 51 18
19 13 84 59 59 98 14 28 61 97 97 63 43 100 86 80 66 88 80 2 9
61 61 28 80 17 62 69 14 81 78 66 63 53 51 14 21 77 82 44 33 77
59 35 88 19 100 19 51 10 58 54 100 25 89 29 89 16 26 87 2 31 37
70 18 96 99 97 90 5 72 66 22 39 38 78 44 85 50 29 42 76 39 26
66 35 27 90 96 62 64 99 80 82 72 21 4 47 5 32 60 10 24 89 68
90 71 30 50 37 4 3 60 86 48 70 24 69 28 57 87 68 78 50 63 49
8 7 5 66 8 59 1 91 63 5 14 58 60 80 29 91 7 27 61 63 7
46 74 51 15 40 27 49 68 2 52 50 44 20 48 8 77 99 42 25 20 42
74 1 100 33 62 4 14 59 5 56 63 34 4 42 96 81 44 99 92 5 71
77 60 12 26 45 74 22 30 27 40 24 94 60 83 75 45 72 29 53 20 68
92 31 54 46 20 22 74 78 40 81 60 31 12 39 72 82 57 45 67 86 10
11 27 6 94 76 98 35 97 95 38 96 3 11 51 38 82 37 52 99 60 12
47 88 69 85 15 75 46 41 39 34 34 92 29 96 12 86 92 99 41 4 94
60 91 67 44 3 54 65 87 66 30 21 47 27 78 71 62 71 20 56 88 74
20 21 60 17 45 39 17 55 65 63 93 67 20 44 66 64 89 77 87 10 56
83 93 72 31 79 84 11 87 92 71 18 29 87 43 7 97 86 51 25 82 58
43 21 11 28 34 90 82 79 32 48 37 88 42 53 29 58 92 23 83 95 71
52 60 11 48 98 1 55 91 77 19 36 56 48 83 29 91 16 41 6 6 91
70 11 63 40 55 25 31 26 8 99 19 1 93 43 73 11 12 62 89 84 76
81 79 25 12 66 96 23 82 26 61 72 78 4 55 41 1 26 85 32 55 14
2 68 21 37 23 94 55 3 12 30 37 37 62 63 75 10 60 35 6 75 52
50 45 71 61 45 4 43 6 10 12 38 57 90 11 75 5 82 77 22 86 66
63 84 27 56 39 83 16 75 52 17 4 6 83 100 48 75 79 18 82 16 93
46 13 50 11 75 29 36 22 79 53 25 89 34 31 24 100 20 84 80 41 21
81 48 37 59 37 64 54 65 4 69 76 34 79 38 82 16 77 39 94 86 42
74 32 32 66 80 50 37 68 25 4 81 47 35 38 64 68 52 66 59 69 74
32 74 90 14 91 13 31 100 94 67 5 90 86 52 96 60 74 34 27 95 49
62 37 56 55 84 97 54 66 44 41 94 98 26 29 51 22 80 77 87 17 30
73 93 57 71 88 87 55 27 7 45 32 60 89 90 43 65 39 23 82 91 56
18 65 30 67 57 36 60 71 87 52 64 8 6 29 62 43 45 34 48 70 72
86 36 77 70 22 72 60 22 19 78 50 89 25 74 29 51 67 65 75 80 49
75 12 94 28 63 37 76 82 77 37 84 86 84 46 55 76 86 10 20 27 8
30 80 94 30 27 26 2 39 15 72 22 17 18 64 64 16 10 9 63 42 76
56 56 62 76 62 14 1 94 93 4 54 42 15 21 19 25 45 66 22 25 56
11 60 74 96 53 23 74 35 5 24 46 76 61 97 19 31 7 95 72 92 22
50 32 9 45 75 6 17 1 22 7 87 18 90 80 12 25 22 13 96 29 13
25 38 80 76 26 93 87 62 87 41 68 69 17 7 34 51 75 54 54 47 66
70 73 41 23 38 54 80 10 64 86 86 43 7 69 57 90 100 50 12 73 37
38 11 17 4 21 80 89 11 89 2 9 8 36 31 13 42 91 100 54 64 84
36 81 94 96 63 36 70 17 36 76 56 4 44 55 57 29 12 90 16 47 57
50 59 89 59 76 69 37 80 37 16 100 69 79 12 74 14 93 32 40 6 5
73 23 33 24 45 78 13 74 39 11 17 35 35 18 5 61 3 31 55 19 27
65 43 57 52 26 93 96 17 29 45 80 45 58 44 89 5 17 29 59 21 45
51 49 10 30 1 32 31 93 21 99 62 75 61 26 8 89 90 12 75 58 27
81 32 17 75 12 97 89 90 47 81 58 25 12 45 62 91 12 85 24 10 11
76 87 10 83 52 42 21 48 46 62 3 35 1 89 88 97 40 98 7 96 40
1 9 84 62 81 39 7 7 30 82 57 18 20 96 9 30 9 68 13 95 38
77 28 28 37 13 18 75 77 76 44 33 38 34 89 69 79 89 75 38 1 1
46 23 86 2 5 91 62 48 51 46 8 2 94 30 41 77 14 69 84 73 55
62 46 31 58 2 12 65 97 1 69 60 22 88 93 64 30 62 82 73 78 78
95 44 58 63 54 39 32 11 46 22 79 75 12 66 24 51 65 43 73 54 13
85 96 29 46 30 23 8 60 91 46 59 76 52 28 90 43 93 85 48 8 99
51 93 32 66 59 35 13 15 55 33 85 33 86 57 8 100 79 72 37 83 42
55 61 58 99 16 52 62 61 85 52 60 90 8 19 95 67 56 96 22 14 79
21 65 78 37 4 90 47 100 91 91 91 80 21 79 21 20 37 38 43 49 49
77 5 55 59 13 92 15 51 82 75 8 34 67 93 28 89 60 27 44 52 93
21 78 20 9 96 55 67 41 93 29 36 6 92 75 87 12 45 95 5 37 87
