339
75 13
90 32 14 30 81 10 23 96 79 32 60 43 92
78 74 52 42 56 81 24 13 6 48 46 25 94
19 1 72 97 22 77 21 36 76 45 40 66 52
97 43 42 19 4 72 95 66 41 27 25 37 53
91 66 12 77 36 49 68 14 92 39 9 20 58
8 52 95 78 7 92 79 23 80 17 79 93 6
78 60 71 62 54 79 20 94 77 4 60 45 29
21 29 10 17 22 51 88 16 22 9 53 37 10
76 5 38 72 5 96 83 91 94 34 84 97 5
99 49 49 69 88 49 30 41 100 41 27 86 70
70 77 99 63 34 22 63 31 94 67 38 57 28
76 84 2 80 83 38 92 75 90 75 67 72 5
70 73 49 47 88 45 9 28 65 73 64 83 10
98 62 100 81 20 73 29 32 45 80 97 99 66
80 13 89 5 2 86 81 65 93 95 17 87 94
27 47 61 29 89 81 36 9 56 6 93 91 25
35 40 63 15 20 49 67 29 96 8 76 33 86
51 66 45 37 100 76 6 36 40 36 5 14 62
68 33 5 57 64 8 57 14 58 29 84 76 52
86 16 40 85 55 25 83 7 38 79 77 35 49
45 37 41 57 79 59 61 80 90 100 55 49 98
24 27 11 65 60 96 27 73 26 54 6 17 54
100 51 48 34 47 52 39 14 9 42 18 24 78
29 60 50 1 26 98 13 29 17 85 16 2 98
23 14 33 59 39 60 6 54 48 10 85 31 100
75 83 53 41 52 99 61 68 41 20 42 97 86
45 19 57 5 86 74 97 71 100 35 20 76 32
53 91 38 44 46 32 1 19 16 61 25 35 34
86 52 43 37 38 35 57 69 76 58 76 32 28
62 99 4 74 15 62 86 53 38 21 77 97 44
18 89 29 15 21 98 70 1 75 80 2 75 71
72 64 16 45 78 84 38 28 20 69 96 61 91
18 56 34 17 2 31 23 95 35 55 28 76 100
8 34 73 73 83 91 78 87 58 44 53 37 8
53 14 27 16 68 35 69 63 69 8 10 95 58
25 65 65 13 43 39 43 86 53 71 22 79 20
70 5 1 61 95 71 97 5 54 42 35 85 63
17 70 76 6 43 92 33 80 24 66 93 73 75
71 52 19 81 93 83 57 21 57 42 37 20 49
27 47 19 95 11 24 71 7 59 94 60 67 6
12 69 39 33 72 19 76 39 43 7 57 98 44
5 95 65 77 3 56 59 50 95 87 76 80 64
82 51 61 34 78 32 25 91 42 51 24 92 97
8 73 37 13 44 15 2 80 32 65 23 58 65
99 93 99 12 94 97 27 86 53 60 58 27 54
43 49 51 43 25 10 61 42 31 43 19 37 95
86 13 90 77 96 93 14 45 63 15 36 57 60
22 64 10 21 11 41 32 27 89 24 52 4 92
50 72 14 2 67 73 31 6 76 52 100 35 34
25 88 17 40 93 71 94 43 61 26 32 60 55
41 33 50 13 10 31 72 5 27 84 81 71 15
45 82 57 65 71 52 42 29 10 83 8 3 86
26 33 10 74 88 36 13 3 58 93 72 5 82
61 9 79 75 58 12 29 6 27 12 93 48 51
87 23 73 63 1 34 69 49 51 50 77 22 65
31 4 48 78 73 58 96 48 78 97 14 76 86
14 55 91 9 90 78 68 14 57 10 64 86 48
78 79 6 74 82 77 1 96 41 61 29 81 92
97 53 14 94 38 79 11 88 13 12 94 91 98
76 85 24 92 10 54 91 98 23 5 43 56 14
65 45 32 64 71 19 62 64 16 23 43 74 33
67 86 4 99 99 45 34 43 74 9 86 72 5
54 78 92 58 74 80 25 71 48 34 47 73 22
15 77 36 10 94 59 56 75 78 67 50 83 74
88 47 72 10 34 40 9 13 96 34 27 64 78
4 76 95 35 39 42 27 58 42 75 67 35 74
11 71 40 99 6 22 12 92 92 30 64 23 71
74 81 40 12 47 81 72 96 3 61 93 52 38
6 24 78 85 7 34 50 1 51 79 46 96 75
48 82 39 34 26 18 99 14 32 80 19 74 42
96 10 90 2 75 33 23 71 80 72 96 71 13
6 84 25 17 18 12 44 12 15 71 27 16 98
1 57 15 62 17 86 13 36 54 59 31 81 27
78 12 53 58 10 43 69 10 82 77 39 57 99
84 15 88 39 37 42 12 51 30 31 93 21 26
