78
73 96
63 3 98 49 39 36 76 17 36 9 94 76 40 58 87 40 29 4 33 78 51 85 43 18 6 90 65 78 15 29 86 24 44 58 82 79 34 13 90 56 63 36 40 22 73 98 47 90 82 21 43 27 60 8 88 21 34 9 25 20 95 85 59 56 62 59 31 30 11 65 29 25 50 48 21 70 33 8 31 33 39 20 33 97 6 15 28 94 28 40 96 84 2 58 8 3
72 26 78 37 77 53 10 68 50 72 45 89 77 83 79 71 12 66 85 12 78 66 85 92 77 67 87 44 21 24 29 98 7 60 81 9 69 96 29 84 26 13 20 82 49 79 47 29 87 26 74 31 92 40 64 92 81 19 100 2 23 56 38 25 71 36 2 26 47 74 67 94 12 54 18 59 84 48 40 19 85 84 44 84 47 53 54 23 47 35 77 35 41 85 64 20
75 10 99 32 58 100 86 66 20 27 11 62 42 3 44 5 77 100 35 1 76 77 57 30 20 67 88 22 62 3 49 43 40 83 98 47 10 77 64 96 99 36 67 40 40 83 28 2 33 83 23 87 62 17 59 52 55 12 35 13 67 99 22 69 25 98 21 22 100 37 28 92 9 2 58 9 86 61 44 84 65 48 49 78 14 32 63 40 81 8 89 58 55 24 92 63
31 79 26 51 84 9 85 85 45 88 84 89 79 95 93 5 98 24 83 50 67 50 16 37 97 78 50 46 91 87 17 41 65 95 68 56 73 80 29 60 47 66 82 35 72 15 57 10 92 17 30 82 78 23 20 36 16 83 17 69 23 94 39 7 44 57 99 70 36 2 99 90 29 93 14 9 81 5 2 95 14 13 95 19 27 32 90 53 86 33 24 55 26 15 80 17
23 89 75 56 100 87 51 28 45 32 13 73 73 47 75 75 77 76 12 50 21 88 54 52 30 47 2 100 33 9 78 46 99 59 44 20 50 8 57 21 19 24 12 60 76 51 39 88 60 44 83 93 20 60 92 89 81 58 47 71 99 1 20 60 76 84 94 32 57 32 37 32 24 91 6 38 75 88 72 56 92 7 42 4 14 15 100 3 10 41 23 41 37 10 78 37
97 19 5 69 90 92 95 8 31 31 90 78 14 91 1 88 68 93 87 13 44 45 22 87 62 52 59 50 19 48 67 82 15 69 61 75 37 75 15 54 93 55 26 26 56 87 38 12 61 12 85 14 13 38 50 21 56 87 45 74 72 92 25 50 89 80 10 66 77 69 97 94 98 84 73 56 26 96 7 11 51 50 99 76 11 47 60 37 89 95 78 25 80 41 67 15
84 14 65 94 47 54 25 68 9 85 90 85 71 70 16 19 89 74 91 35 86 47 9 55 92 27 46 22 88 63 93 7 75 7 4 46 42 7 100 7 67 2 3 65 60 22 89 58 3 93 24 63 15 79 71 46 74 87 10 82 28 14 83 40 75 41 40 79 79 63 32 93 47 92 67 48 25 55 30 69 31 94 58 4 58 77 99 4 19 84 24 98 23 83 34 80
39 78 82 58 1 54 86 60 38 53 38 93 49 74 95 80 10 77 53 69 70 3 2 71 82 9 78 23 22 17 92 83 64 22 72 8 9 41 75 97 32 36 40 61 8 6 88 39 59 54 1 8 64 49 62 16 92 30 58 92 96 28 18 91 86 23 20 100 91 11 25 80 96 26 57 49 71 75 94 13 32 82 94 39 39 65 17 86 20 60 86 68 6 21 56 62
80 11 65 37 62 12 50 69 2 29 10 90 62 1 15 88 61 24 20 51 92 33 18 91 79 90 13 86 8 27 99 46 31 58 46 58 58 25 5 79 35 88 49 87 28 97 1 6 83 97 36 35 2 60 64 17 52 88 23 51 9 42 21 73 30 46 69 40 13 53 65 43 83 31 27 15 42 38 18 92 78 87 96 21 46 83 5 78 68 3 31 3 77 55 48 32
42 41 73 63 40 64 56 17 9 59 25 49 32 96 16 26 61 64 85 39 88 33 8 68 91 57 91 90 6 17 18 94 7 14 58 43 86 87 49 73 50 87 93 34 20 100 57 75 29 76 60 22 15 2 17 7 28 25 14 23 41 72 53 21 4 54 60 67 16 76 100 7 82 7 76 22 49 77 55 93 13 77 35 10 8 79 28 65 96 84 48 88 57 29 56 91
21 56 47 88 57 54 45 62 92 24 91 29 21 15 5 50 22 73 28 75 2 10 21 96 14 64 5 71 83 55 83 69 19 60 19 35 23 62 4 76 36 85 13 47 93 62 51 39 3 12 90 28 26 10 24 14 79 100 98 97 42 46 66 75 66 22 8 34 87 78 45 31 83 86 21 31 16 31 20 40 45 16 32 83 63 80 77 45 94 76 69 58 76 95 24 81
37 39 79 17 76 37 52 68 5 96 93 78 63 25 54 84 44 91 40 90 22 54 8 5 36 53 95 86 53 20 59 11 49 54 94 54 46 3 94 15 49 34 36 20 97 13 44 89 3 52 89 34 34 95 90 32 89 2 85 44 35 4 50 44 93 19 50 15 43 1 49 47 36 60 26 25 7 22 31 61 66 92 27 7 56 91 13 49 12 8 45 5 35 20 98 45
98 71 40 42 64 18 50 66 29 46 3 29 36 8 69 89 51 50 62 1 4 27 14 27 69 65 16 73 63 74 81 98 72 49 26 45 40 71 78 22 29 77 39 75 89 23 63 53 83 74 6 43 45 82 18 31 1 47 3 92 15 97 60 75 90 77 66 37 49 66 59 88 47 16 38 5 90 12 1 17 29 92 67 34 76 96 91 9 20 6 77 6 15 49 83 32
9 56 18 37 99 9 7 56 100 36 4 1 58 18 19 64 27 45 53 42 16 38 55 29 81 68 73 99 38 19 11 80 84 97 8 99 23 36 80 69 80 56 41 12 98 41 34 32 25 80 36 39 6 39 8 46 13 11 61 86 56 22 82 16 19 88 23 45 41 69 56 93 50 4 17 26 77 46 80 43 76 30 57 1 13 23 4 66 84 86 44 92 62 70 26 24
88 66 51 68 64 2 90 10 83 24 33 98 84 92 7 74 44 65 18 71 30 11 74 51 69 58 18 73 8 36 13 40 73 74 15 100 97 82 58 93 58 1 19 90 30 63 45 57 96 71 24 99 37 82 98 82 84 34 18 25 33 87 1 20 30 72 33 5 63 90 16 66 64 34 77 96 20 44 12 39 9 80 12 35 37 12 8 59 54 2 10 11 38 51 28 7
88 60 24 86 83 65 99 37 92 63 69 81 14 42 67 26 66 62 80 32 63 41 16 1 11 58 21 1 78 53 84 99 19 19 72 49 29 75 65 37 47 45 61 16 31 61 57 36 24 7 98 82 98 66 18 50 58 15 84 61 66 44 68 42 66 76 61 36 100 48 49 84 1 43 43 7 44 70 76 82 82 11 96 44 55 14 90 64 76 92 57 36 73 36 68 41
81 32 40 60 52 45 36 80 73 1 49 29 88 60 67 24 13 16 76 84 33 42 92 56 84 90 1 66 60 74 84 16 90 1 55 1 66 17 92 14 84 8 34 57 84 87 90 9 61 76 65 100 93 97 100 94 75 52 44 66 47 56 100 74 59 78 19 10 10 45 34 61 33 31 93 44 15 35 17 43 81 22 95 29 14 59 70 61 85 98 11 86 41 17 48 80
96 32 81 45 47 3 94 19 57 46 16 38 50 49 40 12 97 99 26 11 5 100 11 99 53 32 24 12 43 46 8 15 46 81 15 28 26 29 21 2 67 77 94 94 84 36 31 89 15 94 86 53 62 89 9 30 63 63 8 65 76 33 12 13 100 16 34 88 58 23 77 80 52 25 83 70 38 29 79 38 72 39 35 5 72 53 70 35 5 50 84 73 89 25 4 58
51 77 47 53 76 75 8 39 67 69 3 60 20 58 18 71 55 14 65 13 48 84 12 78 72 25 7 64 85 66 80 96 71 81 61 26 4 75 8 55 17 66 11 29 65 81 69 55 50 72 100 30 89 35 41 11 7 37 28 37 61 61 85 86 35 55 83 45 53 39 55 58 74 50 21 41 30 50 100 80 89 16 64 44 24 49 71 6 52 8 69 94 68 9 9 7
28 7 55 80 64 9 40 26 53 36 22 36 94 12 96 16 77 91 45 47 36 38 72 18 23 9 13 5 19 38 62 60 41 53 12 76 64 27 70 29 11 81 98 86 34 75 55 92 58 19 32 34 98 70 59 92 17 85 76 79 14 5 66 97 71 90 26 13 5 92 71 53 43 23 30 98 9 43 27 20 83 3 43 2 42 10 28 60 65 62 41 28 44 93 63 93
94 25 1 75 1 33 82 71 86 73 68 21 40 80 7 67 81 88 99 87 23 86 63 6 41 79 90 31 90 14 39 74 53 11 37 77 14 73 23 78 51 27 58 71 39 47 42 87 51 68 17 25 54 80 56 97 26 81 2 42 27 9 68 50 36 11 2 13 72 64 34 56 23 54 14 32 73 64 62 82 66 42 16 24 70 46 23 27 10 63 58 79 16 45 1 90
4 33 64 5 56 51 31 67 94 69 82 27 66 13 10 81 41 26 43 28 32 59 20 70 53 29 68 99 13 54 6 78 61 29 87 50 70 76 18 100 63 100 72 82 36 72 46 28 33 12 80 16 59 91 27 55 27 95 77 98 93 93 3 54 14 100 35 80 13 41 11 95 70 51 62 91 88 80 46 22 70 37 42 5 24 75 68 34 7 22 93 35 60 80 56 74
80 53 40 62 38 46 78 76 96 39 59 19 21 38 34 49 55 85 41 83 94 6 51 7 45 81 25 80 7 66 49 85 14 77 31 2 20 46 68 91 29 60 39 34 89 5 50 79 32 46 88 38 27 9 65 97 66 56 15 35 82 56 46 16 49 70 66 6 64 97 43 3 65 84 42 8 68 73 50 69 54 26 29 30 100 30 48 13 2 44 100 5 60 24 27 55
57 10 75 19 61 11 17 65 70 97 40 12 63 58 38 67 77 8 39 22 51 51 90 84 92 16 89 34 6 33 88 70 49 85 16 57 60 69 20 49 91 26 5 28 66 41 2 33 69 53 62 12 44 48 25 23 49 24 17 66 39 11 42 21 77 61 15 67 68 6 62 47 10 47 73 34 60 97 11 54 69 99 3 2 94 19 75 33 28 33 87 84 40 79 79 15
3 84 27 7 51 22 37 3 84 45 48 79 54 58 83 100 89 32 4 96 14 30 38 37 58 46 69 74 13 20 44 85 92 77 43 63 26 78 55 80 80 83 98 18 79 25 52 93 18 80 34 72 36 5 100 38 6 19 98 22 81 78 30 47 87 9 85 96 43 28 39 31 34 2 24 41 24 21 32 10 52 82 1 41 83 30 60 1 81 49 6 53 64 94 75 5
70 23 72 70 2 59 28 61 96 20 56 74 100 66 25 83 58 90 42 14 71 55 98 70 35 42 25 31 72 99 37 15 29 43 92 85 30 48 16 91 15 71 64 46 12 9 41 91 12 68 23 80 37 87 46 49 23 89 86 83 98 25 19 52 29 73 97 8 12 1 38 100 90 31 42 57 56 93 14 8 68 57 82 23 13 31 48 22 77 51 24 46 5 61 44 46
38 94 3 81 88 53 14 83 19 50 88 43 79 54 19 20 12 76 49 3 82 18 68 64 3 6 96 57 35 26 14 47 3 29 26 10 89 69 48 91 78 98 28 8 93 93 20 4 44 89 94 11 57 44 82 32 11 9 99 22 92 64 48 24 72 83 50 8 39 3 92 93 84 83 28 27 96 37 56 88 37 4 80 81 37 61 50 42 89 24 93 18 73 19 14 97
43 3 23 91 83 78 47 13 61 27 11 14 77 6 57 55 3 10 2 75 83 90 80 26 98 64 6 92 62 60 96 9 77 81 58 42 61 39 95 59 4 96 69 15 19 52 94 39 93 39 94 66 43 38 64 36 5 84 95 94 66 18 90 21 17 21 65 51 64 96 1 94 54 1 61 82 24 88 28 94 71 65 15 26 88 13 75 11 83 17 50 42 21 18 80 50
77 8 26 8 45 84 82 100 86 99 45 69 20 85 93 97 70 78 93 30 50 84 67 9 84 41 61 93 85 15 94 94 77 33 47 74 12 3 64 79 21 25 76 3 96 12 46 40 98 45 88 60 82 78 45 76 63 14 18 7 35 89 80 41 14 36 6 81 32 14 28 52 19 23 74 7 60 63 23 39 39 75 24 62 64 19 30 77 49 4 7 12 46 84 99 1
92 34 45 61 29 36 3 63 79 49 28 14 43 64 12 93 47 90 61 89 31 28 89 95 13 21 82 7 12 73 61 1 18 54 70 85 48 85 96 36 77 8 56 24 73 35 14 92 89 61 88 97 8 48 9 72 68 59 29 94 53 55 24 84 77 36 56 26 97 74 2 22 94 11 11 73 64 86 43 6 67 29 59 78 79 91 88 94 97 53 31 43 46 90 98 87
28 64 70 28 3 6 95 54 86 19 9 68 86 63 69 96 26 20 63 91 51 58 77 43 61 84 72 63 91 3 73 30 68 3 54 71 19 17 98 52 16 30 67 19 71 34 38 10 85 1 21 70 56 80 40 13 92 75 36 33 47 41 55 16 73 25 43 71 20 67 51 92 53 30 99 72 4 29 16 79 4 52 51 13 15 85 24 88 65 98 35 99 63 20 66 43
18 16 5 80 75 49 42 66 77 75 55 8 64 78 82 25 17 66 39 61 40 57 91 74 61 1 85 79 78 45 45 85 59 38 40 85 7 78 75 53 3 3 45 15 85 65 95 18 98 78 99 17 70 81 88 25 35 45 30 63 21 51 75 79 25 2 16 83 33 35 70 23 91 64 83 80 24 8 37 51 59 100 17 63 30 100 76 87 48 65 82 69 79 2 94 73
16 92 66 98 25 95 27 26 74 17 80 97 99 17 99 4 25 61 40 9 71 87 61 86 71 46 53 61 33 54 53 43 75 41 84 66 46 26 98 35 92 67 79 92 82 63 89 40 91 27 15 41 2 73 36 39 81 14 51 69 15 96 84 45 19 92 71 19 49 92 83 78 92 65 22 30 72 15 67 13 63 85 88 77 23 86 77 49 29 76 85 92 52 75 3 58
3 98 19 28 77 86 31 98 63 71 84 15 54 31 37 25 46 92 6 5 21 50 41 74 41 13 29 65 61 32 42 79 60 25 93 2 35 27 4 29 32 58 5 15 76 6 91 37 62 86 77 55 12 50 98 84 78 23 89 29 81 38 13 28 94 51 83 85 78 99 51 89 36 77 57 5 5 21 66 25 35 50 45 54 65 65 69 80 18 77 3 60 77 25 81 41
84 64 51 25 59 43 1 83 50 24 12 30 1 90 80 21 65 13 86 33 44 99 59 6 5 27 77 2 4 53 88 42 14 30 19 6 50 98 96 3 59 71 74 70 82 52 38 40 22 13 8 29 32 25 18 66 94 37 13 38 75 11 95 74 14 95 81 79 82 28 98 92 87 39 11 9 53 11 92 88 25 1 83 14 6 38 16 79 14 80 13 85 57 82 47 70
49 14 24 37 75 98 82 84 33 23 28 99 49 64 7 55 56 38 84 95 66 62 4 55 65 44 80 68 48 42 98 78 30 56 36 73 43 59 39 93 2 31 55 32 55 2 33 50 48 66 49 86 3 86 78 52 90 55 78 8 61 32 26 70 35 68 73 48 87 99 79 60 5 52 93 31 22 45 4 37 100 68 47 65 97 20 21 87 5 59 75 36 6 19 85 34
88 70 18 97 2 27 21 73 67 13 7 61 16 10 31 31 88 8 15 53 21 11 99 92 3 75 67 47 83 31 49 45 86 35 61 55 70 49 37 44 43 26 95 22 65 4 45 70 66 95 87 2 71 28 87 54 80 68 86 76 79 93 69 69 33 41 50 61 67 4 83 68 6 44 55 82 54 31 24 8 88 12 65 36 66 37 17 47 7 13 60 28 75 88 17 52
40 15 67 24 90 17 27 63 96 66 45 13 27 60 63 22 86 59 80 83 51 97 65 29 65 66 85 75 43 32 76 31 91 90 29 56 63 50 21 31 96 68 63 90 47 81 6 8 33 45 95 38 25 33 24 49 73 59 21 61 74 97 84 62 80 84 52 5 65 18 65 61 62 7 68 58 39 85 9 45 72 89 12 70 81 23 36 3 24 69 28 34 56 88 88 84
4 88 12 23 32 37 44 64 92 14 52 65 82 89 16 71 29 23 90 15 3 17 58 46 86 87 31 9 98 68 88 94 74 74 26 97 94 84 88 34 23 69 39 31 49 71 83 72 25 91 93 45 62 19 62 84 34 77 52 40 32 30 32 41 100 91 68 20 100 26 78 21 70 93 52 76 68 70 14 57 30 14 13 36 86 95 41 39 84 52 17 81 49 61 17 91
6 98 84 52 61 64 79 27 15 52 17 55 90 54 65 54 88 59 46 35 1 11 61 60 58 3 12 25 30 9 21 32 21 67 16 57 75 56 69 6 18 28 86 66 91 20 72 11 79 3 80 23 48 55 12 43 53 30 27 35 46 18 73 6 13 51 38 35 66 92 42 66 16 45 45 3 40 59 24 27 93 1 43 52 98 13 28 8 40 14 12 77 94 93 17 72
25 41 24 57 15 19 8 37 13 70 15 35 61 88 19 24 61 21 23 46 8 31 95 91 28 10 57 85 94 33 78 45 10 13 48 97 94 50 61 98 60 83 48 97 33 89 43 40 21 75 44 61 97 53 12 83 40 22 77 64 53 66 98 90 91 16 13 29 62 56 40 52 78 8 60 31 65 4 26 4 50 88 59 93 71 45 63 29 66 31 88 22 8 81 35 95
33 81 59 70 76 37 37 84 30 50 68 11 85 69 86 96 35 91 54 5 94 41 43 25 6 95 74 39 82 97 27 31 43 80 86 99 43 90 92 2 21 56 54 19 12 82 85 79 100 68 83 34 23 100 2 91 1 85 83 59 91 58 32 28 34 33 98 38 64 38 57 33 26 18 100 1 58 69 5 43 15 8 96 48 70 43 35 94 99 14 27 69 9 37 85 28
26 5 63 73 31 97 72 59 98 73 16 77 56 85 73 58 18 14 79 23 70 17 54 60 87 76 54 54 98 5 38 100 46 35 45 33 91 15 21 10 28 4 16 5 34 79 33 17 57 34 46 2 52 34 87 95 62 10 8 6 46 22 63 60 31 44 44 78 84 1 40 7 18 71 11 7 39 62 44 100 57 93 79 99 67 98 43 100 28 96 65 85 62 48 75 16
88 30 24 8 7 22 81 90 5 79 44 81 12 6 84 2 45 94 93 96 88 78 12 87 59 31 37 87 18 36 8 92 34 35 18 23 80 43 76 51 71 11 25 89 16 44 76 13 59 53 100 14 83 65 71 28 42 18 97 79 37 65 13 31 60 83 84 94 46 22 5 70 4 27 93 100 40 70 61 67 40 30 44 9 7 51 8 42 67 10 19 63 3 80 19 34
63 36 19 62 42 13 37 78 31 35 24 85 28 42 93 25 42 98 37 40 41 21 96 74 67 33 45 13 90 84 72 17 15 72 16 7 91 32 14 60 57 52 22 86 83 44 77 95 57 36 55 5 56 18 89 53 49 61 77 70 95 41 37 52 27 15 1 41 46 21 2 88 58 73 59 13 97 23 1 45 49 9 74 66 44 18 25 57 90 45 89 13 9 11 90 63
19 95 100 16 11 18 75 22 49 39 39 79 87 51 1 54 24 20 34 60 95 90 86 90 81 50 15 92 6 83 60 25 85 26 68 51 17 91 95 38 22 69 98 68 29 32 94 64 33 21 43 59 15 29 78 6 47 47 93 57 26 8 53 39 58 32 28 36 53 30 5 67 11 59 5 68 86 63 14 29 26 40 5 39 4 27 48 47 59 24 22 65 62 62 98 85
81 43 70 65 30 61 28 27 17 49 26 34 15 3 79 26 100 18 25 43 55 73 63 38 58 78 70 40 98 18 100 35 100 9 81 67 85 67 74 56 91 28 26 60 27 36 51 19 22 38 41 21 47 78 37 63 96 16 69 42 73 43 50 77 39 53 13 41 77 93 62 10 82 59 74 40 27 47 80 91 36 32 86 55 54 86 1 86 28 94 83 3 56 1 83 22
95 44 50 25 91 78 100 35 89 50 64 75 43 75 61 44 28 41 65 66 37 2 35 63 18 40 76 90 2 13 57 32 4 61 80 57 66 58 72 26 10 58 62 1 90 28 5 100 52 16 77 13 82 88 67 97 8 35 44 8 56 65 7 89 45 96 83 79 3 29 50 98 21 46 94 89 13 2 42 36 8 89 85 22 69 10 73 85 39 30 83 29 89 72 53 30
34 53 75 69 58 16 86 56 39 58 90 49 43 94 47 80 33 69 59 91 30 52 81 39 2 26 85 65 98 7 27 75 1 13 5 75 74 70 12 56 20 83 41 91 37 91 80 47 74 43 26 86 56 33 32 23 87 65 10 28 99 72 13 67 7 35 19 51 92 8 13 74 95 19 75 64 74 10 13 7 85 75 49 9 31 97 84 25 62 37 19 1 35 66 43 67
31 23 94 83 3 69 19 5 69 81 48 52 27 30 38 46 59 77 58 32 60 16 42 16 4 78 98 37 7 82 33 24 83 62 79 65 60 57 79 31 85 54 84 11 91 23 27 5 30 2 80 69 75 91 31 22 29 63 41 93 70 38 79 72 19 43 80 87 38 4 90 22 32 8 7 64 51 57 69 48 74 49 7 62 95 53 53 21 56 84 34 26 73 53 93 31
36 38 43 81 38 71 30 31 34 22 69 4 51 97 66 87 6 99 99 61 33 90 62 46 18 73 99 35 87 32 3 43 34 64 6 49 83 45 61 2 26 53 26 32 22 30 3 89 51 71 81 52 56 23 92 13 18 46 54 15 9 85 22 3 92 84 11 62 19 42 57 27 48 35 30 10 25 45 84 76 5 33 7 56 25 31 65 93 69 92 21 37 91 75 72 54
27 70 33 23 19 38 48 89 49 82 33 10 7 52 26 54 71 65 34 96 55 22 44 79 86 83 83 70 8 30 31 33 30 39 40 45 77 10 73 21 85 86 51 74 5 97 59 16 61 56 82 38 23 33 80 16 66 61 56 58 64 75 53 92 66 22 71 8 13 54 88 11 51 50 69 8 50 48 1 10 97 9 8 44 25 94 71 66 73 56 24 45 48 25 48 70
74 91 96 60 70 100 100 67 20 86 33 61 63 3 15 99 100 68 94 15 48 100 96 77 82 35 99 79 76 60 2 29 67 98 50 52 49 38 99 49 99 90 93 81 20 88 80 73 41 26 94 55 40 36 87 91 6 83 65 75 55 53 21 79 1 76 1 78 74 87 20 68 9 31 59 20 56 58 26 2 25 86 22 72 71 20 20 94 68 22 98 22 82 6 24 53
35 64 81 92 28 92 83 94 74 23 81 34 96 62 96 79 3 60 64 10 66 59 91 32 97 95 10 44 9 50 79 71 38 51 23 91 47 95 57 45 61 29 66 14 23 11 50 16 61 9 99 48 80 94 40 99 28 79 13 1 15 6 70 5 85 99 25 74 64 31 92 26 75 18 25 57 78 9 64 44 27 36 42 3 83 91 96 12 6 72 83 57 68 32 65 79
93 19 48 43 99 65 21 65 99 76 68 60 88 24 62 85 42 89 39 63 11 44 97 6 82 45 29 75 61 71 12 4 85 64 25 100 95 55 60 73 86 62 2 56 78 85 84 5 14 96 69 16 85 45 100 39 13 14 21 28 10 36 75 13 26 36 46 23 53 88 6 16 31 49 67 52 23 47 86 33 94 94 76 22 21 9 78 49 67 76 37 88 22 93 70 22
20 42 8 54 1 12 73 12 71 56 3 55 28 95 40 45 75 98 36 8 86 48 85 1 47 70 79 63 62 45 89 71 14 38 4 74 54 4 23 34 81 43 14 8 53 76 98 73 20 5 57 43 45 38 23 43 70 80 21 33 85 49 81 84 24 25 89 34 16 3 98 6 46 18 4 60 13 62 65 64 6 54 15 27 81 80 46 75 19 3 29 14 36 63 4 68
16 14 22 88 56 73 96 39 90 2 9 59 49 57 23 60 45 25 15 32 39 4 56 52 59 46 41 89 51 66 99 56 51 29 93 58 26 43 23 31 44 54 98 25 60 90 74 15 24 18 31 2 50 69 68 16 58 29 92 47 25 38 95 32 8 2 89 5 37 68 37 100 49 19 37 17 35 56 100 74 71 70 64 44 7 60 13 93 23 48 14 80 7 52 62 32
32 82 98 25 94 32 81 83 48 15 59 93 53 71 35 65 24 68 23 44 90 27 77 32 6 80 7 16 72 75 26 12 50 24 40 18 56 79 7 72 98 40 65 15 51 52 89 71 56 8 38 16 38 77 87 33 64 45 67 18 52 35 58 15 88 65 99 19 40 86 23 75 90 70 49 84 57 42 28 30 54 31 15 17 11 83 91 47 61 5 26 56 5 56 77 71
50 52 95 2 53 84 49 55 29 91 9 100 54 77 31 96 71 88 84 35 67 8 49 84 68 6 48 64 77 91 21 94 18 41 8 73 96 38 53 98 87 37 8 38 50 57 90 78 10 79 47 65 79 48 5 2 34 35 57 51 36 20 41 53 5 4 22 13 89 71 87 6 15 84 5 4 15 11 16 40 73 45 34 5 50 23 87 14 74 24 85 61 79 81 73 72
6 22 17 38 79 3 87 100 69 86 62 12 2 58 35 61 72 73 43 53 38 18 3 20 85 18 89 6 90 80 33 58 54 54 41 95 71 14 1 23 15 45 38 75 26 51 54 47 96 95 37 46 91 76 10 71 67 72 59 69 80 80 53 41 56 5 39 78 24 49 62 73 54 4 89 45 57 1 29 48 73 56 12 24 50 38 14 9 95 18 56 3 45 74 13 99
58 89 89 73 91 7 84 64 1 20 39 9 59 80 69 41 34 6 92 30 79 70 36 56 17 5 1 64 47 48 45 69 16 68 69 45 79 56 96 98 74 60 44 61 49 88 24 54 24 84 41 10 97 70 85 25 90 20 16 12 63 52 61 39 27 14 85 22 89 89 11 97 65 36 60 23 71 58 67 67 90 63 15 78 49 94 43 48 78 31 23 43 68 62 90 80
91 9 83 71 45 93 24 33 43 72 39 64 24 45 18 47 57 1 38 87 38 92 48 77 16 19 41 20 88 17 6 90 19 83 34 98 94 84 10 40 48 69 69 48 1 69 10 16 21 97 2 93 25 14 83 16 85 75 21 13 43 49 71 47 96 7 9 73 72 75 63 61 63 10 66 79 81 43 93 80 85 31 28 20 89 67 83 88 37 99 17 28 78 18 59 52
45 34 50 77 45 69 58 31 40 15 83 97 5 42 69 32 29 60 70 95 75 88 30 38 95 8 44 70 93 17 28 57 99 59 60 86 62 34 50 71 81 25 34 77 68 70 84 52 39 19 49 19 79 40 23 98 27 25 50 87 11 93 16 1 97 90 75 52 2 99 81 89 52 19 68 100 91 92 4 39 72 52 86 25 56 83 74 16 6 86 19 90 85 94 13 14
20 43 63 58 31 86 70 44 97 90 34 82 18 67 40 15 99 20 27 82 19 6 79 32 16 75 95 65 50 92 90 38 20 19 24 30 5 82 89 18 69 40 10 75 16 83 55 82 89 58 62 33 71 55 86 65 76 85 94 66 39 56 98 74 92 25 94 90 77 32 58 9 59 87 10 35 77 89 27 69 61 46 2 21 73 77 19 28 83 19 24 50 3 50 75 74
37 46 69 35 15 10 77 38 68 22 77 85 50 28 15 52 69 77 98 25 8 73 22 17 40 94 65 77 23 96 4 10 66 49 49 65 18 19 99 9 36 86 87 22 43 40 95 98 41 22 96 30 53 13 87 48 56 36 58 42 99 84 17 74 60 74 63 11 6 91 54 50 42 94 83 10 20 57 91 93 82 93 43 56 71 24 23 21 51 19 45 47 58 25 66 77
10 77 73 15 89 83 59 73 7 42 7 85 99 44 43 39 68 55 51 91 55 62 16 27 48 59 35 94 49 64 47 16 81 23 41 15 36 82 78 9 62 67 66 83 63 20 7 29 18 74 96 63 49 12 75 76 12 50 33 56 11 35 72 11 77 23 93 24 6 5 60 11 40 87 64 79 10 6 87 7 89 37 22 31 92 53 21 94 18 2 9 41 77 72 74 66
9 33 23 22 81 58 63 51 53 33 41 51 37 12 40 37 48 37 37 65 45 57 88 98 10 63 5 97 2 3 95 37 65 18 53 93 69 15 1 53 84 10 33 45 23 48 96 70 68 12 17 31 27 61 30 19 78 63 88 35 63 15 28 35 38 57 77 56 99 43 1 29 89 72 9 78 12 50 44 44 97 81 34 34 47 96 82 83 16 44 93 45 32 56 18 57
28 6 50 4 95 67 2 10 69 46 39 37 70 45 85 81 54 72 60 17 72 18 27 28 92 26 90 13 68 38 55 55 11 33 91 61 32 78 34 46 96 76 88 12 83 61 65 58 67 58 100 58 59 16 63 83 15 3 78 96 55 2 81 29 33 19 90 91 83 92 100 75 81 47 56 97 31 82 18 39 74 58 24 3 24 1 41 28 69 53 89 90 34 47 50 39
53 52 34 26 39 22 56 22 45 58 12 86 51 92 59 71 48 69 2 73 70 53 89 63 45 95 55 26 5 69 4 24 65 34 7 70 85 7 42 94 84 49 14 13 38 100 47 28 76 29 68 20 62 72 87 76 39 94 72 38 23 24 94 50 73 15 25 94 29 47 78 25 97 77 64 78 9 78 32 28 79 28 88 68 51 27 63 6 25 60 36 96 69 65 23 31
91 50 40 75 2 74 100 29 60 73 21 91 8 56 73 16 92 61 96 44 14 77 29 78 80 48 43 41 79 39 45 68 100 43 69 57 92 13 60 43 22 13 12 22 30 96 78 20 17 5 90 46 54 11 77 8 59 55 53 49 16 87 27 53 62 11 22 56 80 47 58 23 75 86 99 21 36 53 75 55 34 47 33 72 28 11 15 60 88 95 27 67 28 44 85 57
9 45 48 55 38 93 10 13 82 91 41 66 37 44 72 23 64 83 89 95 51 56 68 54 99 55 19 45 96 74 51 46 49 82 59 12 57 25 16 73 80 40 94 10 6 48 57 46 67 94 86 51 32 19 42 61 5 35 58 69 16 5 41 98 93 4 68 81 58 45 25 86 48 89 50 72 3 5 2 97 10 63 51 52 99 34 26 75 18 80 97 28 47 22 52 50
65 73 49 59 48 89 63 21 39 39 97 46 15 47 31 72 70 94 78 9 39 96 25 74 61 81 26 50 2 8 94 54 94 29 80 10 28 11 12 34 44 69 91 22 50 39 80 51 62 95 59 71 33 29 57 87 67 6 67 27 21 40 64 17 48 50 36 66 54 37 98 97 100 36 84 1 78 72 34 1 75 23 84 58 80 54 60 2 3 68 71 26 30 88 70 37
38 70 88 98 73 83 67 42 47 75 64 15 52 30 95 44 41 45 10 90 41 82 85 22 82 90 57 17 52 86 9 56 49 92 78 47 90 55 42 80 32 66 47 68 91 94 13 18 63 73 93 95 31 21 63 72 55 8 11 2 29 30 51 11 36 1 45 58 68 31 30 12 12 33 54 99 32 7 22 52 85 32 22 64 27 75 80 29 51 2 84 58 94 6 90 54
