60
16 35
30 67 37 99 27 60 60 32 59 20 92 17 12 42 88 59 32 42 14 15 40 9 78 2 54 54 31 71 14 4 34 57 26 43 84
70 88 63 38 58 77 18 27 68 70 10 92 14 89 72 41 52 45 23 82 99 67 59 65 86 62 47 17 48 40 20 30 87 89 68
63 69 26 80 20 49 26 78 22 36 38 2 63 60 83 65 34 88 92 6 47 90 79 81 19 82 40 49 39 75 89 19 25 83 85
7 22 50 91 69 38 75 80 40 13 94 76 33 19 13 21 68 18 30 26 59 3 21 39 95 46 90 4 18 66 69 31 45 89 68
66 99 79 68 97 7 21 16 36 43 100 2 60 64 47 87 15 63 85 10 17 33 17 28 80 35 76 50 23 49 41 70 46 81 3
7 77 98 56 88 68 45 24 39 82 22 36 13 85 36 28 52 97 83 51 52 78 34 26 4 91 92 62 26 16 21 45 68 12 57
15 75 99 13 89 27 74 19 55 60 65 79 78 65 79 9 76 96 89 69 35 25 71 17 4 74 48 22 29 46 37 73 93 13 47
54 74 87 89 6 34 88 42 62 30 92 69 56 24 98 26 26 77 30 9 84 83 55 41 45 23 94 28 9 85 41 85 33 70 63
62 47 43 21 93 76 96 56 44 11 88 99 28 52 35 19 54 29 47 17 51 48 11 13 2 9 21 69 83 77 23 83 31 19 45
58 85 10 69 70 91 7 62 75 21 88 9 84 1 1 12 40 59 18 29 92 47 62 92 39 61 74 92 63 40 9 3 32 11 46
55 70 36 87 71 6 89 37 51 64 47 59 91 76 1 35 26 10 62 35 57 68 34 9 49 2 78 13 47 11 86 30 47 71 15
39 43 7 78 95 25 89 35 39 94 12 4 8 100 26 84 4 42 8 39 92 54 25 5 44 8 71 15 70 17 83 1 99 67 99
85 90 79 5 11 26 2 73 53 40 32 23 24 25 38 11 40 98 44 73 88 20 10 20 98 96 22 28 78 44 33 38 68 75 77
49 31 79 24 55 91 64 87 70 3 35 65 36 20 60 73 3 36 44 81 69 86 42 64 51 69 65 63 84 75 65 99 41 88 70
70 54 51 38 7 23 81 45 79 44 23 8 46 34 32 25 13 36 92 28 65 20 35 62 44 97 10 5 6 20 22 16 14 70 57
84 58 22 57 44 100 31 83 33 15 65 65 21 30 71 51 40 59 51 15 16 95 45 36 29 40 16 72 12 63 74 20 85 79 63
