984
71 24
94 21 58 27 12 22 55 80 77 91 36 6 24 38 96 79 31 55 36 32 46 18 34 11
50 21 85 19 4 7 5 70 59 84 33 100 76 78 79 59 64 67 48 34 15 12 75 83
55 9 70 40 3 26 91 45 1 66 37 90 70 9 55 22 20 15 92 48 24 39 100 33
30 22 10 79 81 81 14 68 79 31 53 78 77 63 75 6 91 60 55 10 82 98 85 11
74 54 16 95 18 53 71 79 37 62 66 72 26 88 41 79 60 85 48 43 40 60 43 70
86 20 88 62 46 54 15 65 31 89 89 39 48 36 96 32 63 43 65 18 54 14 39 91
96 23 32 38 36 54 18 74 8 45 87 75 33 25 60 5 20 31 70 58 4 75 6 60
66 79 99 36 1 11 49 41 40 80 48 15 69 49 73 45 24 93 49 24 42 62 52 14
82 46 96 12 77 95 57 92 92 32 67 90 36 63 34 55 29 81 53 70 47 52 43 43
17 34 9 61 79 54 56 37 43 48 6 63 54 57 95 47 96 56 74 20 25 61 19 63
41 70 7 8 7 45 50 20 53 34 76 51 39 93 20 44 77 73 17 61 89 86 53 77
54 53 99 47 1 99 83 17 78 75 81 48 51 6 10 25 47 3 66 1 58 39 19 5
38 47 16 61 37 85 62 62 86 80 95 2 97 39 27 95 19 47 16 54 49 20 96 1
63 9 70 99 32 23 18 15 68 45 100 68 14 89 68 7 32 80 25 61 43 46 15 11
27 88 63 67 3 43 36 85 81 6 53 41 93 47 8 99 18 62 9 61 72 37 47 47
80 19 22 77 69 55 30 100 48 88 11 38 47 63 49 8 61 100 86 40 69 81 2 72
59 15 50 96 95 6 32 79 30 11 30 49 38 8 13 31 9 88 27 99 11 76 80 98
47 85 82 15 88 98 35 50 45 72 12 45 63 72 79 94 70 93 96 53 41 12 31 27
54 84 16 27 97 77 96 43 67 7 60 67 10 10 4 74 7 89 50 57 93 19 99 76
32 89 44 13 8 78 41 80 7 60 58 73 100 67 22 28 61 31 81 70 64 60 61 11
97 73 33 23 95 63 96 41 100 7 39 94 98 87 90 70 44 47 4 37 84 82 42 28
22 76 45 50 72 2 13 29 47 22 68 15 18 27 32 98 6 43 85 8 67 59 15 14
21 2 14 95 8 62 27 52 88 84 95 39 59 86 61 84 37 14 100 14 39 36 92 82
99 12 62 77 39 13 43 47 10 33 94 36 70 83 41 66 48 9 11 47 50 69 96 97
99 86 21 15 100 82 51 93 73 83 84 35 38 43 31 6 99 68 13 59 61 24 6 100
75 100 18 68 63 11 31 19 78 90 90 22 11 65 75 24 74 12 18 61 84 39 51 86
92 55 26 41 74 66 31 10 19 21 12 34 56 72 5 90 68 1 11 88 82 85 88 30
64 39 26 80 97 34 38 79 42 26 19 73 31 97 87 82 18 56 96 91 48 19 47 51
46 81 93 4 51 9 71 91 21 60 84 58 97 60 17 1 83 36 56 87 57 5 99 98
22 8 83 97 22 54 76 1 73 8 88 46 93 83 28 56 68 54 74 45 36 89 35 69
33 58 42 95 8 14 18 29 33 39 25 56 32 47 69 1 23 51 87 63 44 77 54 92
48 59 17 97 31 61 65 58 90 20 57 22 4 52 18 16 66 23 81 46 61 75 62 5
86 62 23 86 76 76 70 3 51 25 44 17 32 83 70 68 72 34 16 35 34 50 95 86
85 93 15 93 89 14 78 99 68 81 100 87 24 59 83 50 16 60 24 53 20 68 35 68
5 99 16 14 80 9 7 67 38 97 4 68 68 11 98 62 27 99 65 86 26 16 30 23
99 94 36 65 76 68 40 49 7 69 20 52 64 69 63 80 53 38 96 20 74 20 97 67
30 65 38 80 13 65 67 73 36 70 98 22 14 67 84 31 37 82 5 16 100 34 69 39
10 10 10 39 23 59 4 49 33 44 80 44 22 67 77 81 79 23 66 74 12 20 27 30
7 99 50 54 6 83 85 91 69 19 43 32 91 85 39 72 35 54 95 31 15 18 64 53
32 6 9 48 81 53 51 59 8 64 80 59 29 62 63 37 6 62 66 48 90 26 81 93
58 99 90 39 57 82 25 92 11 91 67 13 65 28 29 21 18 9 55 66 17 89 41 79
13 23 88 13 29 77 30 98 97 41 82 79 12 95 16 62 85 6 51 23 71 42 60 17
60 85 14 59 81 49 22 44 30 37 61 34 50 40 47 70 72 22 95 68 9 60 44 56
64 26 86 37 9 31 62 10 10 97 97 98 3 98 60 24 50 26 8 27 26 49 16 82
11 75 92 76 42 18 14 61 17 21 31 28 18 31 15 20 21 5 94 20 58 63 4 68
75 32 29 89 98 45 40 72 63 16 45 10 73 49 17 58 89 73 91 47 6 85 56 67
31 17 58 8 22 6 89 55 95 84 98 91 36 36 88 7 90 85 99 94 92 65 2 89
42 23 74 22 41 3 9 64 61 33 60 23 39 93 43 25 44 30 60 85 46 2 79 11
1 6 42 61 93 18 9 60 54 27 31 61 63 63 93 50 47 37 2 72 81 93 88 83
76 38 70 100 99 22 58 41 61 86 65 21 98 27 37 71 51 97 18 49 73 86 13 29
74 64 32 71 57 10 30 56 93 64 53 79 94 86 97 12 8 59 69 1 97 82 39 48
43 96 36 49 73 55 36 98 8 71 7 48 37 88 5 36 77 79 84 38 1 12 55 36
35 7 97 98 13 77 94 81 89 45 89 70 64 96 51 48 67 38 19 12 94 2 2 44
63 80 33 77 19 93 48 86 51 66 30 26 30 9 71 53 61 12 24 98 79 67 37 99
81 57 39 46 97 2 69 95 95 47 52 37 48 89 54 61 79 94 23 8 4 9 65 77
14 89 62 63 48 97 63 32 32 47 8 46 48 6 45 29 41 80 67 37 20 31 34 57
54 34 41 49 19 47 25 92 22 52 95 9 4 54 57 26 83 78 77 57 17 99 26 18
45 98 71 78 63 89 15 67 34 13 20 60 27 29 58 34 72 64 25 22 44 6 38 81
77 4 3 94 2 40 66 63 67 11 6 67 41 97 74 38 86 48 3 33 76 65 65 31
32 11 63 36 95 25 46 34 44 34 85 89 5 91 6 55 55 9 52 92 14 64 18 54
98 75 79 72 82 65 34 8 55 91 23 59 84 86 82 8 27 32 28 19 21 46 49 51
65 73 93 53 46 98 5 88 2 82 3 58 61 77 44 52 7 65 62 13 41 67 2 95
50 78 44 71 49 6 21 66 41 35 55 95 94 14 87 42 82 44 76 18 58 55 100 44
73 73 43 100 21 50 86 43 89 7 20 41 87 75 2 44 39 15 9 5 48 30 10 15
70 23 73 20 19 85 61 22 17 10 39 95 52 19 72 33 100 8 84 74 94 25 33 93
68 84 61 51 69 96 3 32 14 1 39 17 21 93 80 28 20 94 61 55 54 64 23 68
87 89 70 92 98 100 78 82 14 67 60 78 46 1 92 47 46 11 65 100 45 5 32 58
12 59 94 83 19 8 89 85 42 78 19 94 59 43 56 70 83 13 29 77 65 73 57 75
42 9 45 41 61 53 50 70 39 26 33 55 35 10 83 46 66 55 82 89 69 40 48 49
93 16 65 80 16 8 38 60 66 34 80 25 15 3 26 22 95 71 11 95 54 35 68 42
77 88 13 3 20 73 53 72 82 28 71 36 86 1 62 7 27 48 16 79 46 94 3 30
