929
83 36
33 47 55 56 81 65 63 3 17 45 65 44 92 24 65 38 14 32 75 64 49 2 88 65 15 57 18 85 4 99 59 65 81 94 35 43
49 45 33 58 15 52 4 45 100 9 57 57 35 97 48 56 38 50 27 15 2 50 67 80 81 48 14 5 23 38 67 99 56 82 39 82
36 77 80 8 29 21 69 96 36 21 89 22 96 59 75 52 52 5 37 22 43 28 51 29 66 9 43 68 92 65 75 84 85 35 42 30
93 76 39 91 74 30 22 91 21 97 76 89 33 78 49 74 93 88 84 68 82 25 43 1 60 12 39 96 25 92 18 75 50 90 47 97
2 94 83 38 52 36 14 41 73 9 79 41 11 78 23 7 68 80 66 91 5 45 32 73 16 95 92 18 39 43 39 31 64 39 99 41
10 44 40 6 65 85 51 98 57 44 85 58 51 24 66 5 85 46 58 60 78 8 36 72 5 51 1 100 98 32 51 20 58 21 11 76
56 44 80 98 36 32 54 20 83 16 13 52 2 69 25 60 96 39 37 60 11 26 87 65 10 29 72 73 36 35 20 32 95 42 99 1
95 88 21 21 49 36 36 11 7 92 76 2 77 52 72 11 25 44 19 49 27 29 43 97 64 82 61 14 57 9 29 70 62 91 76 43
60 75 11 39 21 33 25 1 62 23 73 28 31 85 89 61 42 86 7 39 43 30 98 85 42 98 40 14 9 16 49 23 52 43 6 32
50 71 54 34 50 9 20 88 58 89 99 5 6 99 87 44 12 40 69 65 82 9 60 80 17 5 37 96 93 31 36 93 10 54 52 32
69 84 85 74 41 69 44 72 67 16 62 39 27 42 76 32 70 58 67 21 17 1 76 48 12 79 74 99 91 26 7 52 7 73 87 79
68 27 95 79 1 70 97 54 21 29 29 19 57 74 27 100 46 44 1 55 32 76 12 33 35 30 11 42 17 81 4 35 32 73 25 33
13 39 76 25 37 98 70 89 27 71 26 86 23 38 90 22 38 60 94 56 89 44 95 37 78 94 62 81 72 77 10 31 34 20 71 1
63 71 47 88 57 79 34 90 76 55 17 9 40 84 84 67 82 44 56 2 62 50 78 98 40 77 61 28 25 57 38 66 68 42 78 56
50 40 43 93 45 99 31 31 16 52 66 71 84 36 30 52 6 35 19 73 1 43 28 5 4 11 20 15 27 34 50 26 38 84 99 23
83 74 16 64 66 81 43 15 49 61 57 32 41 83 7 99 94 45 61 62 25 92 50 13 32 2 86 18 18 18 64 75 53 81 24 38
20 37 40 20 5 23 45 41 23 77 16 48 3 50 17 62 32 89 77 35 16 4 79 11 77 33 92 90 64 86 11 11 72 6 65 50
91 95 69 4 73 84 40 26 29 58 20 85 27 47 70 66 26 91 25 74 99 71 85 47 66 22 72 59 74 50 18 4 91 79 15 1
5 18 93 52 10 1 98 44 48 85 20 57 86 51 92 34 97 19 100 99 93 90 68 87 40 19 78 95 37 12 97 39 30 10 75 48
37 11 15 35 23 42 70 9 96 68 47 8 42 85 48 73 53 84 99 22 80 8 83 2 2 95 4 79 49 72 8 79 71 84 38 82
74 8 47 90 73 94 64 72 38 53 27 6 100 70 1 18 66 28 23 86 73 94 92 8 96 100 62 84 58 16 4 95 87 18 36 79
72 77 17 21 13 95 51 6 100 42 46 80 96 41 71 78 14 11 56 3 66 70 67 76 17 3 89 17 9 56 37 93 66 1 19 47
92 95 57 88 29 62 41 42 32 90 59 15 65 41 93 31 12 10 1 6 48 5 1 70 49 58 42 59 2 15 85 95 94 53 69 8
9 21 99 28 61 67 67 45 83 84 4 85 84 61 28 35 96 14 88 42 42 72 22 42 4 29 33 69 99 53 95 100 74 15 36 17
68 80 62 19 100 99 23 80 28 13 70 99 16 91 97 10 84 66 75 17 12 24 86 64 52 28 99 97 67 32 68 14 63 85 69 34
22 20 91 89 16 39 66 5 41 90 18 38 3 20 47 97 7 45 99 97 20 56 60 50 13 95 51 83 21 22 60 21 7 70 83 44
83 64 39 33 17 69 37 85 52 98 7 38 84 66 1 11 36 71 83 73 43 30 40 39 75 79 63 57 86 77 13 28 57 22 2 76
66 50 15 64 46 12 43 35 47 33 56 39 26 47 88 62 5 57 33 26 55 93 26 25 40 33 95 58 62 3 87 30 24 87 47 47
62 22 94 56 13 52 63 5 12 50 19 82 55 62 24 14 52 82 17 14 87 62 50 65 19 73 46 30 69 66 99 96 38 9 22 47
45 33 96 88 10 86 68 77 30 98 14 24 18 15 55 87 97 21 30 10 70 18 82 57 27 41 5 98 8 95 41 89 47 79 25 61
30 17 82 94 41 17 6 39 34 9 81 49 82 32 63 44 62 5 21 63 33 95 70 63 32 58 84 77 71 62 95 19 46 50 98 53
81 3 74 64 75 30 55 12 97 48 8 40 28 49 5 71 68 12 70 92 100 20 3 72 14 53 18 47 89 8 37 20 84 73 60 62
9 28 57 95 46 26 98 30 34 84 99 49 23 40 49 8 62 87 6 85 16 90 78 88 24 65 36 65 68 41 46 87 37 66 86 91
73 16 1 1 39 21 55 38 34 95 55 28 98 81 52 58 95 72 26 11 6 8 58 96 57 21 78 47 18 87 96 99 39 36 53 34
96 56 40 54 85 89 3 91 46 8 86 79 81 3 20 39 87 41 50 34 53 27 76 47 4 25 57 60 43 4 62 64 56 69 48 48
1 70 50 62 44 87 9 78 85 47 82 21 11 84 43 70 74 37 62 11 80 55 98 89 69 2 72 52 27 20 85 53 53 82 52 24
19 18 38 20 23 5 77 97 23 5 58 37 47 30 62 54 88 69 95 75 74 45 62 49 81 85 48 36 58 1 69 26 32 21 12 83
64 39 69 62 90 57 35 75 9 81 6 17 3 79 48 14 28 80 17 64 87 56 21 42 42 71 97 68 66 28 58 51 47 14 93 5
77 2 98 31 11 100 88 95 22 73 40 9 14 53 21 97 4 74 39 55 11 1 3 41 5 87 19 12 29 59 55 33 74 25 62 26
13 94 45 13 75 59 12 5 25 11 34 67 57 29 92 34 17 97 57 97 21 66 60 65 40 100 93 19 71 91 57 23 88 71 48 79
85 93 20 85 67 30 12 58 60 27 86 43 19 33 97 10 55 41 65 46 58 66 20 18 48 10 69 23 54 35 39 64 36 11 44 74
87 18 86 39 63 86 86 56 25 47 100 10 38 44 74 36 39 50 84 15 79 79 71 38 74 94 92 60 41 37 12 71 14 87 21 38
38 79 72 18 19 77 77 17 95 20 75 55 49 75 100 49 6 79 19 15 85 48 24 84 7 4 76 85 86 9 86 42 19 91 12 20
97 25 46 80 48 27 47 94 34 64 58 86 29 65 25 14 77 69 51 12 39 98 39 27 58 92 18 60 72 57 62 20 36 29 21 98
15 10 19 22 81 43 12 11 70 16 88 100 77 58 93 7 63 53 26 18 19 41 28 92 20 60 61 86 20 88 95 68 40 26 76 78
27 99 23 38 23 22 57 45 61 81 73 58 73 83 13 22 79 94 59 93 84 98 70 31 43 70 56 6 93 81 51 47 51 52 55 71
4 58 4 28 14 39 85 13 57 90 96 6 57 20 26 47 11 22 37 2 19 7 68 87 44 1 39 84 9 54 72 33 23 12 53 38
35 65 55 39 93 84 58 47 81 56 46 59 77 60 30 25 31 63 27 44 89 89 47 18 38 93 45 45 90 56 80 67 32 53 20 32
27 31 37 60 28 36 75 57 87 92 68 29 80 2 32 96 82 32 2 53 16 85 12 79 36 10 48 50 94 69 80 9 30 42 19 6
81 62 69 28 39 46 57 53 72 20 24 28 45 36 57 68 38 46 83 34 94 78 43 95 52 7 6 14 99 77 81 12 72 65 87 49
60 34 59 10 66 13 7 8 21 84 12 80 37 24 35 98 86 44 31 87 82 29 76 10 29 47 19 87 78 76 95 55 39 80 51 87
91 5 93 63 55 44 55 80 63 3 84 20 66 8 37 82 41 94 100 22 76 10 81 75 49 61 59 71 26 28 33 42 61 92 94 45
14 32 29 5 75 27 49 36 14 22 37 75 60 62 59 97 57 9 2 31 88 15 48 45 64 3 93 11 27 99 61 99 62 48 64 58
77 45 84 5 73 51 58 7 19 57 73 40 14 32 71 80 36 66 70 84 61 75 66 35 93 48 79 57 59 40 38 88 86 31 79 48
11 41 18 21 38 35 62 79 25 52 28 25 47 42 32 84 18 33 81 30 4 97 5 74 26 36 88 51 61 31 63 73 28 57 51 38
54 20 17 65 54 91 69 39 56 3 48 34 30 18 15 19 47 100 96 67 10 52 66 42 74 19 100 11 85 76 46 49 46 32 31 74
32 50 6 41 72 41 32 78 21 48 65 31 26 47 51 39 24 81 15 61 10 73 90 54 1 60 43 91 35 27 69 43 83 85 43 52
86 80 5 51 44 25 86 37 54 20 1 87 2 33 61 89 96 64 36 83 60 87 5 68 92 21 64 28 91 29 95 35 30 76 55 14
78 68 13 50 54 9 45 63 46 33 18 74 36 31 47 2 39 80 46 63 29 2 19 8 73 100 7 95 16 86 6 15 31 8 69 53
94 97 24 78 52 26 19 8 19 48 31 6 44 82 100 33 38 87 9 92 68 96 71 12 37 96 53 97 40 31 35 7 90 100 78 32
6 98 84 89 3 18 68 16 42 51 88 73 56 90 9 75 80 67 67 37 92 27 62 88 36 100 7 44 67 2 87 51 62 27 21 24
67 77 74 39 62 26 50 20 62 60 64 10 42 43 94 63 93 100 99 45 79 95 69 39 29 15 62 48 96 64 53 59 92 61 37 12
26 27 14 17 16 14 58 41 45 3 38 89 69 97 1 16 21 12 57 5 22 55 57 98 50 48 61 46 44 2 76 90 21 58 91 85
91 62 11 3 77 10 5 56 19 36 43 100 47 31 26 65 8 34 90 62 58 33 46 83 30 36 52 90 24 39 51 80 66 18 43 21
54 74 88 47 23 99 3 94 100 12 89 48 90 96 54 31 51 86 58 3 39 27 25 52 46 6 44 37 1 93 13 10 21 90 99 83
78 36 27 81 17 63 74 89 16 53 73 47 86 59 1 80 65 7 63 35 19 43 11 61 5 94 82 79 82 98 2 60 83 94 65 70
32 44 65 33 51 13 79 10 50 52 37 34 54 5 33 64 43 15 43 99 57 67 18 23 71 90 16 81 54 17 3 61 8 64 62 31
30 53 71 50 23 81 8 21 26 83 73 14 43 72 54 39 53 51 53 31 82 6 46 59 19 85 97 73 98 9 56 8 6 11 18 48
81 42 47 36 79 71 89 54 6 43 10 79 65 54 91 46 74 2 16 41 83 42 41 90 88 20 89 28 5 29 60 10 29 83 38 19
59 27 94 75 12 77 29 85 46 16 76 73 95 82 6 88 61 64 98 82 25 86 55 66 1 77 73 36 30 1 85 15 54 45 36 62
74 68 81 33 23 5 15 72 94 67 44 99 14 27 31 42 13 41 35 67 45 29 69 46 80 6 80 44 94 15 31 55 27 62 58 76
5 29 89 90 10 91 82 79 49 71 77 25 25 39 32 86 2 52 64 19 32 91 30 33 29 63 98 49 71 17 74 38 75 20 18 4
80 75 23 11 82 4 8 4 20 15 68 16 79 49 41 91 69 1 37 15 79 76 62 100 3 43 91 50 97 51 86 77 98 52 92 80
9 30 31 50 26 16 81 28 92 54 57 91 4 58 15 97 78 77 84 22 74 99 95 17 79 84 48 34 26 36 97 50 3 90 60 49
95 12 69 31 42 2 36 67 7 72 32 64 40 20 25 80 4 57 88 86 74 88 2 18 16 29 70 88 83 82 73 85 8 50 10 73
36 57 38 62 80 97 82 3 88 92 52 5 5 41 95 10 81 96 6 34 82 42 26 71 77 80 23 95 8 58 36 13 26 51 30 41
86 7 40 11 59 9 100 11 82 55 91 16 8 70 29 42 2 38 35 82 62 50 98 43 100 52 5 48 12 48 78 27 14 89 65 92
32 91 76 74 6 87 10 41 8 8 70 61 79 31 51 46 57 26 22 48 15 92 87 17 71 44 84 33 51 10 10 57 99 54 89 59
38 5 98 93 16 37 39 32 46 48 19 26 90 6 87 55 13 54 44 65 22 99 25 62 73 92 43 91 96 14 83 22 1 29 60 19
72 20 7 22 30 65 67 63 74 92 24 95 82 34 54 11 34 9 77 11 25 2 52 53 72 84 74 42 51 27 52 11 100 15 89 52
19 74 75 69 92 11 34 97 75 4 50 84 81 99 51 96 42 56 12 76 18 78 46 23 32 79 50 34 33 49 30 5 97 15 46 63
12 27 85 9 67 25 83 84 21 27 33 28 88 18 53 99 74 41 22 59 21 53 50 24 15 14 50 50 77 48 69 73 42 67 85 2
99 67 95 86 86 18 41 72 55 40 21 39 21 86 91 35 89 30 99 93 68 98 36 50 98 41 84 33 39 61 42 8 37 87 76 38
