793
66 99
78 67 9 75 28 19 45 15 25 41 21 97 88 70 31 4 1 42 12 41 42 23 55 52 4 84 96 70 100 26 15 9 60 12 70 69 97 1 72 66 85 75 59 98 35 85 9 36 34 18 57 76 64 28 88 62 29 42 94 73 30 30 4 21 86 17 5 5 82 24 60 24 51 75 60 82 22 40 15 13 75 74 51 78 95 82 18 82 75 54 47 93 32 16 49 70 72 26 80
75 32 4 46 37 72 49 51 87 72 49 96 20 100 77 77 47 63 21 61 58 71 40 22 53 96 70 61 88 18 66 67 19 27 64 57 14 46 24 73 20 9 29 57 31 97 85 31 89 63 53 22 98 89 71 60 85 79 10 73 31 4 18 83 18 12 61 46 58 90 86 1 74 57 35 94 57 6 36 14 62 25 18 1 64 18 72 45 70 74 25 8 24 26 18 79 67 93 91
88 2 65 33 24 48 72 93 58 63 48 91 2 97 8 95 49 58 60 91 32 95 67 75 47 46 32 86 88 2 52 82 48 36 49 90 2 86 42 61 25 47 61 33 43 7 37 69 47 68 5 56 18 64 48 88 29 74 83 62 10 76 91 70 18 18 40 97 34 48 55 4 64 32 62 28 60 78 2 56 94 44 87 55 74 22 100 63 15 46 21 41 56 48 56 90 77 96 12
49 92 67 95 22 31 2 88 30 49 80 60 80 19 36 24 92 77 92 10 2 93 64 7 36 11 26 50 51 97 80 91 60 29 26 82 19 73 74 21 12 51 57 67 33 69 84 83 22 46 46 64 11 6 20 82 15 30 94 45 62 7 44 20 32 65 13 1 34 99 55 63 2 74 100 11 6 21 58 48 58 74 29 77 63 86 4 4 30 14 81 45 69 27 87 87 50 63 33
98 77 36 49 60 80 73 77 45 69 39 56 46 64 29 100 65 2 95 66 11 89 3 94 53 20 33 6 100 58 60 65 58 94 37 53 10 78 4 68 55 52 42 69 63 56 82 95 44 11 78 54 26 16 8 54 71 37 91 24 78 80 100 6 94 2 82 94 59 47 73 30 27 60 46 54 58 6 82 30 26 40 78 38 20 58 49 88 35 42 60 57 27 31 2 54 53 85 70
92 37 96 82 66 7 69 53 26 43 1 84 66 91 43 20 56 11 80 23 40 75 92 22 53 35 76 22 95 78 98 26 64 55 49 47 24 17 54 56 93 14 86 85 38 83 77 63 3 70 2 30 62 24 83 49 53 100 36 97 88 83 3 1 52 37 18 25 28 68 29 74 95 79 25 52 31 14 2 49 4 81 28 13 19 82 15 71 92 7 17 63 6 11 58 100 31 27 3
44 51 8 12 49 65 99 66 98 3 93 13 46 46 76 85 21 54 9 56 73 3 56 11 3 64 69 96 54 66 49 19 75 73 16 20 77 98 44 77 7 96 94 80 48 9 71 83 45 56 38 41 70 8 63 64 38 22 67 85 52 19 43 76 94 20 38 13 51 50 39 49 2 26 58 69 4 1 30 88 82 87 59 47 59 97 93 42 95 89 44 29 37 13 65 28 18 66 85
46 83 6 57 56 83 87 26 89 88 95 1 17 4 93 70 18 3 50 56 62 79 47 72 35 46 100 87 20 75 58 33 85 44 45 84 60 23 85 68 80 64 22 80 74 90 98 93 2 16 77 18 64 97 95 91 16 39 25 62 15 97 25 58 28 95 39 26 10 2 8 58 22 88 75 44 82 24 64 22 15 38 84 21 40 2 2 37 17 31 95 24 35 55 5 100 76 23 25
33 73 7 82 63 30 71 40 87 55 36 73 79 44 66 35 59 34 50 22 79 56 99 15 94 78 97 84 32 69 69 34 7 39 99 17 86 90 49 71 86 87 91 80 90 47 24 24 43 41 40 86 19 85 38 11 5 5 44 22 28 15 100 22 99 14 82 97 61 56 83 44 98 63 32 86 6 82 55 9 60 83 77 66 58 62 41 13 71 24 92 94 89 57 41 10 72 91 63
20 23 85 25 97 97 19 5 38 51 46 96 73 88 62 8 19 61 13 83 5 94 67 8 16 56 12 40 45 12 54 26 28 4 40 14 32 73 11 34 24 9 6 38 61 82 35 54 40 94 99 37 1 52 14 68 20 63 97 68 71 46 67 96 8 100 19 83 13 65 82 84 17 100 64 2 12 78 45 6 5 54 56 63 79 43 68 58 47 44 65 22 25 54 18 69 25 43 56
55 58 92 29 23 59 40 26 59 62 32 90 69 35 6 84 12 42 10 54 68 48 33 7 85 5 64 46 84 53 29 53 43 25 92 100 62 44 13 33 10 40 80 52 51 29 77 55 93 91 17 80 94 55 64 86 6 5 88 13 54 83 18 52 50 89 84 63 21 44 35 33 43 36 6 36 99 31 62 44 37 85 72 6 77 77 100 29 48 49 86 97 30 80 6 29 73 95 68
10 58 38 54 38 5 72 78 30 5 94 87 64 37 80 67 84 28 100 72 37 72 84 31 62 9 54 18 98 96 78 28 13 6 86 83 36 65 28 12 10 67 53 11 64 36 93 10 13 37 91 10 46 93 22 49 98 91 28 80 42 94 34 96 67 40 24 32 78 18 11 41 72 54 52 26 25 43 34 57 83 93 59 77 64 52 35 45 76 15 2 13 12 68 23 52 21 6 37
82 57 49 25 79 63 81 47 88 38 17 45 48 100 66 58 65 99 77 60 76 19 65 21 78 33 41 66 28 43 24 16 42 69 33 70 56 88 30 39 53 26 43 94 39 93 32 55 2 62 23 92 44 40 31 8 93 97 94 78 69 21 59 69 54 42 71 71 82 67 97 7 9 84 1 8 98 41 7 95 12 39 3 19 39 39 42 31 48 100 98 3 37 95 47 45 96 12 19
83 55 8 47 8 44 73 54 47 78 82 45 32 19 80 16 30 27 100 37 3 62 5 50 78 41 24 63 71 71 46 24 54 49 7 24 77 10 97 95 27 81 98 45 69 15 6 91 36 62 58 25 83 54 49 1 70 42 25 60 55 86 22 90 64 58 43 7 94 59 24 71 65 24 34 45 15 89 8 75 45 75 75 93 71 74 5 64 8 46 63 93 14 15 14 15 18 57 53
85 51 8 93 55 68 8 14 22 96 59 52 45 62 49 93 67 15 41 11 71 78 79 23 95 10 93 67 16 84 1 22 89 17 7 50 10 4 11 18 63 79 14 64 65 50 50 9 79 8 3 79 81 34 47 48 74 18 24 33 4 20 64 91 56 7 70 5 89 42 67 14 24 76 7 81 90 69 25 7 71 53 40 27 75 19 4 29 73 23 76 63 45 20 1 55 61 13 79
75 36 73 55 85 11 48 20 7 65 39 2 58 56 99 100 1 60 10 57 45 48 23 17 14 31 67 16 93 25 72 80 44 18 49 3 72 26 30 7 50 93 77 61 84 24 37 63 91 33 38 21 29 60 25 47 11 43 42 93 4 39 67 51 3 95 22 54 67 53 34 15 85 35 26 94 95 35 39 73 19 14 3 2 33 77 81 30 16 89 83 4 41 69 90 38 10 85 69
70 50 81 21 59 94 42 91 45 56 29 53 74 13 46 94 83 29 74 60 67 25 96 65 98 12 88 82 16 27 89 61 26 85 37 93 21 59 23 70 75 47 12 44 43 3 33 98 96 8 36 33 84 44 52 45 73 9 10 90 28 51 42 99 46 23 95 1 80 1 77 61 54 3 39 79 54 55 100 95 93 52 18 25 46 75 3 53 14 43 91 10 16 50 30 78 70 38 28
70 80 8 93 52 7 50 32 78 80 39 31 29 2 87 17 66 14 60 15 8 50 48 91 14 87 95 65 86 54 52 90 38 65 7 51 94 7 94 92 70 98 93 65 37 40 34 41 66 46 9 80 58 95 42 12 87 45 96 84 43 3 10 5 88 79 28 22 99 72 32 90 26 42 62 35 82 33 97 33 17 72 70 83 48 10 62 1 92 62 95 11 62 3 43 5 81 98 69
35 75 76 76 7 98 18 21 60 60 26 31 45 81 46 93 95 13 8 100 4 34 42 5 65 82 91 69 64 24 62 99 41 91 69 98 30 51 65 56 53 92 47 18 7 40 94 33 49 21 16 35 13 99 90 46 19 39 84 90 29 65 11 90 49 41 53 49 88 56 14 49 86 93 73 84 48 50 39 45 65 33 73 33 30 86 36 34 4 66 16 100 54 68 18 50 94 88 10
39 80 1 3 57 82 44 26 14 15 9 69 58 22 4 41 40 88 32 85 29 77 50 5 4 100 6 85 90 33 81 74 94 19 15 63 4 61 79 84 12 86 99 3 32 57 50 59 65 6 27 2 54 49 15 13 69 38 30 85 92 14 2 28 95 21 41 62 86 65 4 65 66 85 75 63 35 61 51 15 96 65 66 17 42 93 42 90 10 40 4 87 74 40 62 32 10 41 99
64 31 91 10 79 87 41 10 100 2 19 48 49 77 64 61 64 89 1 38 30 62 28 37 57 89 76 98 2 58 11 53 65 42 62 58 77 4 26 46 98 7 7 40 13 71 69 97 37 99 24 43 47 82 24 12 97 61 41 41 98 13 5 48 61 88 91 31 31 66 83 46 73 56 88 60 79 96 20 41 66 12 38 22 100 47 24 61 5 85 80 19 64 1 64 3 80 77 17
9 56 74 64 75 42 30 18 95 63 86 38 1 77 67 8 70 1 82 69 29 15 90 24 52 60 35 79 19 18 21 66 1 90 19 63 19 51 44 78 1 33 66 43 1 100 77 26 7 74 6 38 99 22 77 2 93 94 15 76 38 100 96 90 73 48 8 9 1 81 48 4 22 73 44 66 6 90 90 72 85 95 85 85 71 22 16 94 17 59 93 87 18 16 21 67 28 62 68
13 25 13 32 23 3 48 15 12 96 7 26 80 81 84 9 67 21 79 11 7 33 25 40 89 59 59 82 94 87 49 16 21 76 53 86 56 47 72 97 92 57 75 37 17 70 17 84 90 6 85 40 37 39 49 49 30 3 18 1 29 40 3 52 53 13 82 72 43 50 74 24 59 27 82 14 65 85 14 39 26 89 100 50 73 33 36 1 33 76 47 71 88 34 37 64 74 8 9
51 82 9 35 17 41 81 84 19 37 89 12 53 59 51 84 20 59 39 4 89 95 46 68 87 7 13 79 60 52 10 41 94 100 43 81 84 37 79 33 82 96 38 29 64 11 79 93 71 30 7 91 36 19 59 36 15 49 82 42 99 30 82 85 3 75 68 90 20 87 90 49 36 2 20 34 54 81 41 51 91 79 51 48 45 18 5 66 89 66 8 48 62 93 64 15 16 80 29
21 75 40 57 84 16 37 16 80 1 3 81 14 3 58 14 6 71 43 20 12 82 71 51 6 18 64 5 2 14 10 65 82 47 88 9 23 100 38 65 29 62 26 92 3 73 38 33 83 95 87 18 57 34 96 68 77 16 44 36 50 73 18 8 60 57 22 80 80 94 36 71 31 52 33 5 4 95 51 3 78 13 50 93 17 25 32 42 64 99 36 97 95 77 11 55 33 81 83
84 5 12 17 67 84 70 16 36 70 38 86 52 3 9 71 44 72 67 96 85 22 58 89 40 73 13 94 96 52 11 46 49 12 68 57 11 34 67 45 10 86 74 91 1 54 87 67 24 2 79 59 38 89 40 23 30 84 35 22 82 57 26 64 9 47 50 61 26 44 52 26 62 3 75 65 96 43 2 25 55 55 46 18 36 20 78 65 6 28 69 44 26 32 95 29 82 88 12
17 25 22 50 39 4 68 53 5 84 98 31 74 79 7 28 28 75 15 56 16 25 37 12 100 70 13 3 40 96 49 80 44 54 64 70 9 65 31 19 94 2 95 70 49 76 70 17 66 48 58 46 87 13 43 60 17 81 84 56 70 85 37 84 47 52 78 47 95 80 7 26 73 84 58 3 31 41 21 77 36 5 49 7 27 52 42 48 20 91 78 46 66 3 96 18 89 84 20
31 71 65 40 58 10 57 64 66 99 78 66 7 93 97 72 85 91 26 63 50 48 93 77 87 85 9 97 87 27 13 66 96 10 12 41 7 60 77 99 78 82 39 15 9 90 97 23 10 12 34 68 4 74 6 78 77 18 76 86 26 5 95 4 96 66 94 56 97 35 97 4 85 12 53 38 25 66 43 50 67 62 88 83 23 53 47 62 33 38 23 98 13 90 82 38 12 31 26
96 91 8 28 68 13 60 91 9 28 86 66 49 60 52 8 34 87 70 22 23 64 52 10 73 54 10 19 88 7 69 5 1 22 7 10 25 79 39 73 98 97 5 94 96 80 34 62 79 79 33 5 75 91 45 45 80 66 83 13 59 99 54 34 12 59 83 80 29 14 72 60 43 82 68 16 88 5 70 63 77 21 69 95 8 61 77 81 57 65 14 68 1 90 33 97 3 39 13
33 47 44 52 95 78 69 78 47 31 97 57 99 47 35 2 53 100 4 75 13 69 39 38 13 79 6 60 22 11 5 97 61 62 7 83 62 37 11 96 31 87 73 42 36 15 82 77 34 42 38 16 50 20 7 72 7 14 88 31 86 44 68 58 85 76 65 4 93 23 100 6 9 26 37 35 56 32 58 30 90 74 33 75 78 75 35 35 70 100 67 48 4 3 75 44 52 68 63
67 61 32 64 47 48 6 13 28 82 18 95 21 98 52 14 9 95 64 13 93 51 19 26 52 40 90 11 96 38 2 72 97 89 96 35 88 8 65 8 50 83 93 96 100 65 48 56 77 77 89 10 74 25 2 68 62 3 75 64 6 79 58 43 90 74 47 12 16 82 93 87 72 6 73 35 42 91 82 25 48 78 8 62 63 96 93 14 67 44 24 26 97 76 64 15 85 59 45
32 80 53 57 31 72 43 42 18 45 8 90 35 98 28 19 72 36 65 19 9 34 95 3 20 78 56 96 50 95 32 54 71 48 69 9 9 67 62 16 26 97 41 56 91 42 74 17 86 24 23 58 78 33 97 43 80 84 40 50 94 39 57 67 5 15 71 17 44 84 80 7 7 48 41 84 49 36 69 61 78 52 62 1 40 44 73 75 4 72 10 66 43 78 15 42 46 33 93
33 43 88 88 32 44 31 21 54 17 46 80 9 65 99 30 56 61 20 51 29 29 94 81 1 55 12 25 72 77 79 70 53 69 54 58 1 27 77 91 66 91 41 83 88 99 70 72 47 31 89 43 100 95 53 54 29 65 16 55 82 19 85 91 93 35 96 39 92 46 67 89 69 54 36 71 86 100 61 63 46 56 18 70 16 77 13 35 39 100 38 18 26 28 74 78 49 77 34
90 15 30 80 79 89 39 13 43 27 91 23 36 74 97 84 67 69 89 64 83 68 37 71 37 62 28 63 46 1 83 97 51 80 75 14 19 76 38 100 43 31 1 32 53 69 69 66 75 51 45 47 58 70 8 75 44 8 83 55 71 78 25 25 7 29 17 93 99 20 23 66 63 86 95 57 40 48 74 57 53 86 98 69 9 47 33 22 88 54 25 11 94 22 66 89 49 68 23
30 3 35 58 83 72 44 70 54 49 48 98 53 65 99 36 51 19 49 15 22 60 15 21 55 78 26 83 10 53 4 34 65 5 12 86 66 17 58 65 70 27 19 47 25 91 44 19 80 60 46 12 30 60 78 44 26 51 99 81 79 36 40 62 25 47 58 80 71 54 10 19 14 14 27 14 17 56 42 6 62 4 85 34 36 5 93 34 92 38 63 41 93 93 82 19 31 28 99
25 96 88 85 43 14 82 86 14 83 59 82 63 61 48 30 46 40 50 75 71 47 22 28 74 59 32 33 21 90 45 38 26 43 66 64 14 21 27 62 46 80 48 14 24 34 51 97 64 83 35 72 66 4 47 45 71 90 37 61 20 39 85 99 14 56 12 93 16 15 78 65 29 11 48 24 94 25 2 14 59 81 40 32 41 38 22 53 11 74 9 34 71 33 68 18 100 20 67
54 69 97 55 61 36 13 94 94 44 37 16 25 21 53 58 99 46 43 82 74 59 70 19 84 35 89 6 15 51 94 78 25 93 59 72 25 92 73 34 42 56 99 1 26 60 64 60 53 6 75 55 7 3 15 56 12 40 47 76 58 20 43 37 16 15 48 43 17 42 41 93 83 72 94 97 93 37 81 31 71 81 43 33 4 79 84 15 12 50 34 77 99 79 43 85 6 28 41
3 13 53 49 42 96 46 99 5 50 4 17 61 27 35 19 37 65 14 94 76 85 68 7 10 3 56 5 37 35 32 65 89 37 76 34 29 95 28 10 20 5 28 88 92 98 67 58 46 6 86 32 23 23 64 73 98 84 94 18 53 10 95 77 60 29 82 72 15 91 42 18 63 83 67 53 8 93 46 12 37 23 25 67 57 23 80 37 93 43 95 77 42 9 21 20 40 45 28
14 2 96 14 3 84 86 27 77 67 14 80 23 13 100 84 35 89 11 93 22 47 57 41 19 18 67 49 31 13 57 94 53 9 18 74 71 65 4 37 67 79 71 9 52 74 29 99 47 39 81 51 45 1 24 5 20 47 57 93 70 28 18 76 20 29 33 20 79 46 7 81 67 96 98 81 90 44 23 29 23 8 56 38 82 94 86 47 95 1 49 99 52 88 62 57 56 36 49
22 18 61 13 91 35 44 33 44 47 48 76 16 25 75 59 41 60 90 5 42 4 99 80 48 54 65 10 10 9 13 6 17 93 8 24 90 29 65 11 81 27 33 29 26 50 28 48 81 35 53 23 56 12 69 50 64 39 88 95 24 30 20 45 12 7 11 90 52 53 14 67 81 91 11 43 40 77 3 78 23 21 36 31 7 91 55 27 34 96 16 99 9 83 34 32 89 50 56
10 3 16 20 35 4 55 55 56 30 51 45 69 24 83 59 69 64 52 42 12 51 4 69 56 61 38 70 8 94 34 93 32 92 34 90 46 78 62 32 94 84 31 77 40 87 52 64 92 87 84 61 35 48 36 96 76 30 68 60 74 44 1 29 88 19 98 12 32 30 9 70 92 45 11 4 77 15 10 93 42 84 15 56 94 87 16 72 25 86 92 45 64 27 12 69 54 3 72
19 57 66 87 94 5 78 27 5 100 79 97 13 2 18 12 12 19 4 63 1 82 51 99 44 80 67 53 80 62 86 62 85 49 20 41 23 71 96 29 36 87 20 14 21 44 7 83 96 72 73 86 84 39 67 24 21 21 92 36 86 20 26 45 100 4 65 42 1 41 68 62 37 23 54 81 75 21 53 45 84 80 1 84 79 8 62 1 85 50 97 61 43 56 36 44 28 51 81
19 4 83 85 57 21 56 25 13 94 63 13 54 33 70 67 46 77 13 54 46 23 1 83 18 4 78 16 17 48 12 11 24 69 13 54 75 47 66 21 78 91 55 63 9 6 36 20 87 27 62 42 44 99 1 54 26 76 10 86 64 48 80 9 64 59 31 2 63 88 98 61 74 76 97 98 79 51 33 76 12 7 11 49 91 58 78 14 23 35 25 17 62 28 48 57 40 35 17
46 63 22 30 38 83 20 2 100 11 88 21 58 48 92 68 48 86 54 28 75 6 14 45 34 27 33 70 80 43 48 35 18 31 15 40 12 13 51 32 71 90 86 20 56 48 15 85 35 38 54 43 48 62 8 76 50 46 54 4 70 54 82 98 42 64 35 2 15 33 34 69 100 75 24 18 64 56 38 2 90 30 67 15 14 3 9 68 62 84 91 100 23 76 45 32 90 98 100
26 79 98 20 71 95 35 59 71 79 3 87 36 48 51 19 68 61 99 70 27 57 44 93 48 2 6 78 50 89 8 72 50 75 89 25 84 83 10 26 63 1 82 14 21 94 65 73 26 77 40 2 35 38 39 47 67 13 31 12 77 88 79 90 16 77 46 62 98 46 15 37 47 34 8 65 42 5 43 77 45 86 78 13 94 28 52 25 4 90 61 75 87 52 2 71 95 27 28
2 23 86 39 52 5 86 18 82 100 71 97 20 46 84 54 76 51 40 12 39 81 10 29 24 6 66 10 46 91 6 56 13 82 88 77 8 22 96 43 69 41 72 13 5 47 34 64 86 74 70 83 82 45 17 93 42 72 41 74 55 72 29 73 55 15 28 2 84 79 13 36 56 31 10 48 44 70 37 31 35 7 70 40 57 76 26 69 9 7 100 43 83 42 50 12 53 42 98
89 72 90 53 9 5 49 3 73 62 65 33 67 79 14 8 32 13 22 87 64 30 82 22 1 60 1 23 33 58 67 13 23 45 69 68 93 36 55 25 57 62 82 26 77 35 7 75 10 9 63 54 7 76 16 8 11 28 49 41 15 51 78 70 32 18 26 45 85 63 28 98 19 56 71 95 53 42 46 48 75 17 75 84 18 7 47 74 74 75 86 100 66 71 75 26 79 83 7
78 96 100 30 70 13 73 14 54 47 77 7 55 26 17 39 37 76 83 22 96 65 64 40 64 47 54 42 51 73 13 23 61 2 82 100 39 67 80 90 85 66 3 50 48 8 74 61 76 49 57 45 29 69 71 44 69 14 32 47 5 25 22 14 27 1 78 30 92 86 61 47 41 10 16 47 27 72 23 50 3 62 44 28 19 9 84 92 86 10 30 71 66 60 9 56 8 11 50
60 64 14 9 29 14 68 72 91 15 43 16 15 52 67 17 71 32 14 36 45 88 4 67 44 68 69 43 89 44 12 53 46 48 34 95 80 59 88 56 84 54 53 82 94 96 35 83 54 17 24 70 32 87 20 59 47 29 25 10 85 42 41 40 61 88 39 35 44 10 73 79 15 6 9 92 93 43 99 70 6 46 18 74 43 99 8 51 77 87 35 5 48 12 90 89 55 48 28
89 29 29 20 49 21 20 56 34 82 41 46 42 5 10 80 17 72 4 43 78 77 66 52 69 50 36 42 7 33 79 6 66 43 53 44 35 89 95 49 1 67 37 57 52 44 19 39 42 42 25 55 40 38 12 32 52 27 95 38 30 80 50 57 13 58 54 58 100 50 89 17 36 47 85 100 83 100 71 95 5 40 52 97 66 6 23 6 20 79 44 77 91 62 22 64 94 14 40
93 68 58 40 27 91 57 3 34 79 31 15 56 75 24 11 84 43 72 49 15 13 42 73 80 45 29 1 91 50 84 22 74 27 76 78 56 63 99 84 11 81 11 55 36 30 81 31 49 23 7 28 38 18 81 8 94 12 79 83 8 96 34 49 49 58 88 81 20 59 4 23 41 88 62 47 26 29 63 11 87 19 37 17 60 31 62 78 56 77 26 54 88 33 69 38 57 5 21
17 10 35 4 86 85 64 90 66 88 73 22 57 15 33 65 91 44 96 15 83 94 47 100 16 86 31 58 43 58 34 25 40 91 55 27 3 38 30 50 9 26 8 42 71 40 72 11 84 23 34 2 59 23 58 47 91 87 12 100 20 10 15 59 24 66 28 5 16 42 41 10 61 86 61 39 30 95 29 79 42 9 76 89 78 87 47 94 53 94 7 94 99 18 7 36 95 16 9
66 27 69 73 21 19 17 68 97 46 68 30 21 38 81 98 99 79 20 36 17 66 9 57 38 42 53 98 78 31 60 99 3 17 80 70 21 10 13 42 97 35 74 26 38 92 63 24 95 12 75 20 8 12 12 49 31 82 73 5 98 33 91 72 42 29 95 69 25 73 6 78 17 13 14 65 44 48 21 19 35 87 3 76 43 26 24 15 100 23 26 39 84 52 45 18 8 17 89
65 65 35 72 81 70 3 51 56 72 2 24 62 10 92 6 86 10 95 73 100 43 37 85 41 45 62 29 73 26 63 26 51 21 81 90 29 37 63 2 70 38 1 19 74 12 13 80 57 49 60 58 23 19 68 82 9 67 21 91 79 18 92 68 50 26 43 80 20 56 19 42 72 71 82 91 58 61 9 10 21 48 85 56 84 20 59 36 9 23 6 56 62 6 96 24 74 90 77
39 90 41 3 72 52 49 33 67 58 45 39 72 75 12 14 14 27 74 96 60 29 66 85 20 22 44 71 37 67 42 55 39 57 30 49 16 68 34 62 45 98 20 68 1 78 91 50 57 77 38 29 21 55 31 74 18 37 54 48 33 2 59 72 19 83 33 60 21 35 69 65 70 47 38 96 21 15 54 78 49 33 34 47 12 1 69 44 99 33 87 28 64 78 67 42 32 40 89
75 55 98 13 53 21 52 16 59 46 64 86 75 25 40 51 73 84 43 82 21 79 13 58 20 11 55 7 31 69 46 34 7 51 28 8 63 54 38 40 64 82 3 17 31 65 20 45 73 78 47 85 15 17 22 89 62 38 58 4 91 95 63 7 32 61 25 45 84 99 71 23 89 25 68 33 26 23 11 1 73 58 47 41 55 13 55 91 30 4 2 97 32 49 66 78 70 93 86
28 85 25 37 18 44 28 89 28 62 88 25 73 78 11 2 32 61 8 12 48 10 58 35 41 45 12 8 82 36 49 34 13 97 79 60 35 78 70 60 16 89 31 52 11 24 85 33 21 100 18 78 40 16 39 62 74 41 4 83 19 23 20 53 36 99 11 42 56 47 17 36 92 49 89 30 33 51 50 55 20 66 62 43 79 38 44 18 83 89 52 2 58 88 20 23 85 22 77
69 60 2 62 98 68 32 13 39 21 71 31 44 89 97 37 13 9 62 60 99 68 5 25 50 61 93 21 53 28 55 14 65 22 5 87 25 36 50 89 37 58 63 47 40 37 26 46 4 43 52 32 65 81 29 98 93 93 2 57 42 81 70 26 68 88 50 100 21 72 37 81 62 55 76 40 76 90 69 34 43 55 70 28 69 22 84 88 38 86 53 9 59 12 27 28 96 1 34
29 87 100 44 94 61 62 66 42 79 89 93 17 2 54 15 7 22 7 52 18 9 69 80 60 58 70 69 41 76 33 93 64 17 60 74 36 63 54 21 10 73 22 24 86 65 81 58 86 37 68 63 53 3 68 29 75 29 17 98 60 49 92 99 16 69 8 20 26 71 11 33 56 43 30 100 41 29 42 36 4 48 49 66 65 31 44 6 81 52 34 64 54 30 50 23 87 59 16
26 89 69 41 65 51 100 67 18 88 97 43 61 62 90 14 1 65 49 58 28 92 5 18 40 35 83 79 10 69 2 36 24 56 17 20 82 92 84 35 26 40 21 86 77 11 20 43 91 5 90 33 78 84 58 11 50 50 48 83 76 16 70 73 61 36 88 56 88 62 100 88 60 52 34 45 99 32 96 61 14 46 97 24 10 86 11 75 6 91 10 30 37 65 99 9 78 9 65
22 87 38 75 60 72 50 39 19 80 61 97 10 32 56 62 25 46 22 90 53 71 91 100 24 13 83 86 13 64 94 45 56 87 19 1 34 5 38 92 76 9 25 71 16 98 42 86 55 15 67 21 100 30 22 58 30 60 23 58 34 29 87 66 31 99 98 99 10 52 25 53 83 39 40 55 53 80 21 80 2 77 26 51 26 55 95 37 82 69 36 99 70 1 58 82 16 41 55
84 67 29 26 35 6 5 83 52 11 34 13 68 86 68 26 93 18 2 67 36 45 73 20 26 3 66 48 89 13 59 29 96 39 68 35 89 44 66 86 22 60 3 17 54 91 55 16 54 16 47 30 32 84 36 39 82 28 58 76 93 24 10 81 7 37 88 45 48 93 25 36 90 90 16 33 51 69 80 3 2 40 21 51 7 93 62 10 35 57 67 63 48 15 18 98 18 89 31
98 87 81 19 14 6 36 58 10 50 68 81 88 33 26 42 74 99 70 87 41 53 17 35 44 86 88 10 25 20 7 23 6 94 73 56 60 85 50 63 64 88 40 39 27 72 26 12 80 47 42 22 99 97 86 90 21 13 5 16 29 2 84 77 21 1 59 44 97 68 100 51 54 11 29 2 63 38 40 52 29 44 69 76 41 22 23 82 42 51 32 34 35 15 26 25 70 53 100
31 81 57 2 32 13 49 52 21 37 44 53 6 48 53 74 1 78 45 100 14 60 99 64 37 58 3 26 87 21 73 88 32 85 51 88 68 49 70 19 86 40 1 27 69 10 18 19 45 51 9 77 37 35 34 29 29 39 38 56 34 15 93 48 69 77 75 74 8 9 25 75 19 25 9 79 59 26 32 59 32 88 90 90 60 2 75 23 21 42 89 73 91 68 26 34 96 80 15
56 84 13 6 65 49 67 36 38 42 49 25 50 49 40 88 64 47 70 90 38 91 18 19 79 7 3 95 36 6 43 22 46 52 58 17 63 40 67 75 82 7 6 80 80 94 15 32 65 42 54 55 98 21 16 16 64 76 17 100 8 94 69 69 41 52 80 78 11 91 13 13 9 62 30 50 69 29 18 13 14 80 11 63 63 32 67 1 26 18 81 22 4 94 55 66 15 11 22
50 84 76 88 66 57 2 29 41 70 87 37 83 80 50 37 77 21 76 68 85 87 71 4 52 43 4 21 8 29 79 69 5 85 97 28 46 24 9 50 96 69 71 19 23 13 57 71 78 29 81 98 80 46 25 41 58 41 33 42 59 24 18 44 93 56 35 63 90 13 49 18 75 47 23 73 76 79 95 89 88 41 38 2 19 50 57 49 89 49 21 87 40 58 16 48 44 100 66
