643
98 2
26 82
59 74
64 54
2 6
8 97
11 93
10 68
75 51
1 100
33 23
96 98
88 26
43 55
23 5
14 33
90 57
5 94
72 8
40 26
98 31
27 26
63 11
48 9
16 25
23 16
14 54
35 10
94 54
39 18
44 43
12 27
35 28
49 35
96 28
70 67
9 89
74 95
100 100
95 15
87 62
63 57
26 96
8 24
19 19
47 80
98 84
58 50
18 50
75 59
42 23
80 36
63 52
53 44
89 51
11 30
20 63
10 80
49 63
77 29
53 42
64 42
9 87
94 95
14 23
80 96
31 27
89 20
81 56
20 69
39 60
56 97
98 91
34 66
38 42
60 17
9 70
68 60
4 24
30 59
56 72
6 71
55 51
21 14
39 98
11 50
97 7
54 70
38 70
57 76
58 37
47 52
62 16
88 73
51 80
76 45
36 20
51 92
49 88
