475
29 7
43 82 82 36 87 78 95
79 56 7 3 25 51 36
55 37 77 71 34 63 32
32 29 49 25 44 55 17
72 47 51 89 88 22 56
20 25 59 78 100 91 98
18 32 77 41 94 100 82
78 18 47 27 84 74 100
29 19 41 72 8 23 45
79 60 31 72 1 51 78
82 83 63 11 36 14 29
14 17 31 10 3 15 4
21 37 64 70 46 17 46
83 78 72 91 34 42 53
57 84 8 24 36 70 11
20 65 36 38 88 96 12
81 68 73 87 55 52 4
35 71 6 13 6 28 80
53 21 63 64 10 29 40
31 20 70 19 95 53 18
33 69 86 60 61 35 76
36 36 10 86 46 13 94
91 60 32 52 46 81 25
37 68 23 80 21 6 74
84 6 12 6 100 54 69
69 96 26 75 46 28 2
22 59 22 13 64 54 94
5 43 26 14 78 35 7
59 61 78 7 13 88 29
