620
20 37
74 87 87 52 6 93 55 39 78 72 94 25 96 57 84 48 44 77 29 49 71 38 60 27 88 11 88 33 21 3 62 8 56 83 60 55 10
81 28 25 39 32 80 24 16 26 8 91 18 5 13 55 28 53 92 46 18 84 94 48 2 43 83 61 27 53 4 94 85 25 54 18 9 45
36 49 33 76 48 4 33 15 24 56 87 60 86 8 92 34 14 52 25 21 96 84 25 21 69 79 87 85 50 96 78 94 42 78 54 36 47
48 35 36 36 64 73 78 38 19 62 65 33 13 52 77 75 77 32 88 83 24 7 76 27 86 27 36 91 29 29 89 9 65 18 3 97 24
46 52 74 58 100 84 81 27 47 74 90 60 21 94 16 36 42 3 21 28 19 31 54 49 40 44 3 48 98 61 34 10 70 18 12 29 29
8 72 91 80 65 5 29 88 18 86 59 88 65 100 50 8 82 79 82 40 32 88 69 13 94 87 31 76 67 35 12 63 93 90 99 21 93
11 37 8 17 20 33 49 15 61 88 96 2 58 76 85 46 89 21 50 93 72 96 1 15 84 39 64 70 2 48 80 63 96 78 83 18 91
97 93 33 91 34 76 74 64 6 34 30 88 74 52 90 18 75 85 72 61 90 53 11 84 99 31 98 40 33 63 90 82 61 63 54 11 25
60 23 80 50 53 55 99 49 80 59 64 42 4 31 68 62 66 61 92 74 90 15 88 99 53 45 57 61 69 70 63 15 44 48 67 84 36
18 30 51 82 45 30 67 2 19 97 97 94 8 26 35 75 53 11 18 13 30 56 99 25 98 25 5 79 90 96 46 88 34 47 31 62 71
77 88 62 78 35 24 15 43 31 37 73 78 41 52 18 37 96 80 80 82 97 16 3 28 19 45 13 16 16 56 71 30 80 40 38 44 34
20 23 67 31 3 39 43 7 76 70 99 76 4 90 49 78 78 38 51 96 53 87 96 61 12 87 57 91 22 80 46 70 7 39 55 92 23
34 62 95 82 83 88 37 39 42 92 24 44 61 19 4 75 21 65 100 30 68 30 6 4 17 68 16 95 63 56 60 48 54 35 60 9 62
83 97 86 29 55 23 11 35 3 58 45 29 35 51 26 95 29 70 17 9 49 6 38 87 93 94 34 99 25 75 47 31 5 54 75 84 41
55 94 78 44 90 68 97 15 53 27 36 16 2 25 19 90 71 10 18 27 95 97 4 13 18 35 2 14 20 4 37 78 65 20 24 25 73
45 10 33 47 83 10 84 99 92 49 46 64 30 22 98 42 57 43 75 56 93 34 45 45 35 56 83 25 3 99 39 94 10 27 40 64 53
59 39 72 82 37 98 39 2 77 49 95 62 90 42 18 57 48 74 63 66 15 68 97 70 73 49 49 61 42 17 28 17 41 29 41 87 88
49 43 77 56 65 58 28 90 70 95 79 45 82 85 56 88 28 11 65 79 96 83 65 17 95 31 100 69 74 6 4 14 60 49 25 78 5
44 4 58 40 39 59 15 61 32 32 21 56 54 80 64 56 47 50 22 67 22 76 43 97 44 23 26 51 96 93 21 2 12 100 16 88 98
82 66 74 3 20 28 63 79 55 98 52 73 47 55 49 12 70 14 2 78 37 10 29 44 49 43 95 34 65 14 41 81 10 96 26 10 11
