432
54 29
59 63 29 20 89 76 99 21 81 80 44 12 69 10 33 90 20 12 68 100 58 32 46 26 82 57 90 94 15
37 92 43 40 61 42 8 71 19 98 17 39 63 40 84 76 93 13 59 52 5 24 9 60 20 16 14 72 3
14 41 99 62 56 93 68 71 46 33 38 87 44 27 31 63 21 62 18 50 62 96 15 19 62 80 90 70 4
37 88 92 22 26 61 59 81 63 21 94 36 7 73 16 21 4 1 10 54 72 76 32 65 9 15 5 14 40
49 98 56 85 14 91 34 10 87 35 99 53 25 69 81 79 2 36 2 10 44 76 83 37 99 73 64 22 70
91 25 85 13 75 12 31 21 46 86 82 59 26 34 75 62 77 63 23 47 96 26 62 10 72 96 49 46 37
2 39 57 79 13 75 21 65 70 64 71 34 23 32 70 54 43 29 66 5 12 85 1 75 90 89 65 19 30
28 4 9 12 85 36 42 49 38 23 58 97 22 74 13 100 50 44 1 5 91 25 19 64 39 96 3 52 69
66 41 28 98 36 33 24 58 55 31 74 98 65 95 46 59 95 47 53 54 9 71 33 25 13 84 69 63 100
36 2 64 89 73 83 79 71 8 61 15 13 36 78 79 100 15 38 41 85 39 95 34 32 93 61 8 24 46
57 60 16 23 92 16 25 23 62 55 9 27 75 88 100 53 28 5 16 7 18 90 50 2 17 73 14 86 59
30 40 21 99 5 49 4 60 87 92 73 45 15 22 1 83 98 54 87 36 65 5 58 98 37 12 88 19 90
28 95 55 69 91 68 48 4 11 70 84 84 56 76 56 5 49 39 56 7 36 82 59 13 62 74 76 65 85
88 17 35 48 88 67 79 34 52 99 92 82 78 95 95 38 99 100 10 32 68 66 65 58 25 100 2 53 51
86 72 30 34 36 23 82 20 85 70 4 13 92 41 10 67 22 95 78 75 24 79 85 77 78 71 87 41 3
21 76 14 87 5 66 3 47 70 16 44 17 29 99 62 48 51 15 42 88 38 4 51 52 58 89 42 51 68
9 97 61 16 4 7 68 28 96 75 31 88 32 95 5 91 61 87 93 90 20 91 45 95 95 77 57 29 64
98 73 86 30 34 9 9 76 1 8 85 75 5 47 57 84 6 51 46 91 49 73 58 82 29 73 18 85 77
86 3 65 37 61 4 43 67 27 46 70 21 19 36 49 22 99 89 94 29 50 61 41 52 40 87 97 96 13
44 60 20 67 23 86 9 21 14 92 17 76 77 100 54 73 25 12 61 3 29 90 10 95 20 83 35 25 9
65 89 100 55 25 46 73 67 53 51 32 92 76 16 59 17 84 73 3 77 12 35 56 83 38 84 37 91 9
83 4 53 85 28 99 52 8 66 50 78 31 98 55 62 81 63 24 42 4 78 4 66 23 28 93 28 100 9
92 54 62 20 97 49 31 24 68 15 52 5 29 96 56 68 88 96 77 38 32 100 20 92 64 81 64 95 66
73 82 2 68 9 43 8 37 23 9 78 93 45 27 54 15 61 63 5 86 86 57 27 85 67 90 96 4 63
10 4 72 20 54 38 70 36 68 54 3 37 64 49 26 52 79 86 26 13 98 14 33 100 97 51 70 19 76
25 99 98 90 29 14 47 61 46 29 63 41 68 47 17 44 54 5 34 85 9 89 24 99 55 78 62 29 13
44 100 80 75 26 56 20 47 12 52 14 49 6 3 54 39 38 53 97 33 72 33 33 6 49 62 51 43 60
5 36 51 81 50 100 32 19 55 68 49 63 9 95 92 19 14 50 58 55 3 46 49 59 11 2 1 52 31
2 18 48 15 56 45 100 41 77 6 8 33 53 92 6 53 22 79 90 41 26 26 18 90 80 91 92 10 26
95 32 67 72 82 4 26 79 16 93 81 18 29 84 37 85 15 93 84 52 69 59 41 34 18 95 1 92 2
29 88 51 60 97 71 85 21 90 52 82 60 37 39 69 58 36 34 58 60 25 69 41 78 100 88 74 83 35
26 79 54 17 52 50 7 98 73 68 15 58 95 93 12 47 53 44 76 43 38 17 7 72 74 17 84 15 72
6 76 94 16 40 41 5 90 15 57 67 6 14 1 86 65 31 49 56 93 60 21 81 48 66 17 25 30 80
84 32 32 69 94 6 23 78 45 64 10 54 37 80 3 59 38 56 28 30 86 70 57 73 54 55 76 88 54
81 1 93 1 73 87 61 9 53 31 64 74 62 96 30 16 58 58 71 48 35 63 80 48 7 83 71 97 63
82 93 21 82 83 97 48 92 75 32 96 26 24 75 93 64 52 28 2 31 1 22 36 56 62 90 66 34 33
18 26 100 78 71 99 83 5 32 96 100 15 15 8 61 50 23 26 92 30 53 78 46 27 19 36 82 68 88
81 92 41 73 9 19 24 71 8 84 25 6 39 74 7 1 4 39 26 24 84 100 98 23 69 88 60 43 4
65 75 57 37 68 38 73 36 38 61 57 38 62 72 35 29 17 67 64 85 55 94 94 72 36 4 82 2 59
27 6 88 58 90 99 53 26 84 86 26 68 47 16 28 72 2 66 76 57 95 66 54 46 3 20 49 7 49
60 18 2 54 96 90 71 38 100 57 79 10 20 49 49 55 54 84 83 8 21 45 54 39 89 96 58 98 63
36 17 11 39 28 42 96 65 9 10 89 37 19 78 10 83 70 82 74 61 55 37 44 54 94 97 95 99 30
21 53 83 40 98 23 89 17 78 9 4 95 79 64 2 44 59 43 86 76 30 74 50 96 92 100 26 71 33
75 84 53 7 14 44 62 11 62 96 12 22 49 75 24 5 35 79 51 30 2 14 79 81 77 21 71 84 30
96 80 7 44 86 1 98 19 46 57 75 23 68 14 66 68 8 98 12 86 99 94 16 9 51 81 56 17 90
54 23 88 34 84 21 8 31 17 56 78 60 75 42 81 3 63 43 55 68 38 20 22 84 5 84 89 53 8
34 12 60 19 3 25 70 35 77 29 1 50 88 30 92 17 53 98 11 42 36 24 94 31 42 57 40 53 78
98 44 76 91 96 93 18 91 93 13 78 71 13 62 27 11 79 52 81 82 81 30 72 34 96 92 10 21 25
28 86 23 56 20 26 96 19 63 80 68 7 71 13 21 86 99 13 88 29 53 19 32 53 46 84 7 51 4
74 25 40 28 87 86 84 44 90 48 44 3 69 93 85 52 31 81 54 87 80 59 15 10 74 60 20 32 47
69 74 12 77 55 100 71 49 80 100 85 23 71 19 61 60 70 74 40 81 62 71 52 75 77 75 13 47 92
5 15 4 16 43 62 27 34 52 79 7 31 90 47 69 85 8 8 33 11 54 18 2 5 76 72 82 4 76
80 30 47 76 9 76 46 40 6 29 18 91 22 34 73 4 70 2 43 87 2 46 13 5 39 59 45 52 80
34 19 19 4 70 70 21 48 87 13 76 70 39 55 27 93 45 90 24 65 11 52 84 17 56 79 72 95 3
