382
27 98
100 59 9 1 21 86 53 41 20 42 75 65 3 38 91 39 86 35 97 89 4 37 42 51 82 14 9 35 80 9 69 36 86 20 41 48 74 92 3 18 79 29 13 58 39 80 64 42 64 51 99 77 7 97 25 2 42 2 74 60 11 89 55 51 86 11 2 97 72 11 44 21 37 28 18 100 47 57 6 26 7 88 31 48 11 44 58 76 37 3 31 72 95 12 51 66 51 34
91 87 21 82 72 19 7 25 28 37 40 92 34 100 16 71 97 16 27 80 39 44 44 18 8 12 96 6 91 43 26 12 49 79 33 29 47 20 60 99 94 6 70 90 30 74 43 94 81 86 1 81 94 84 94 6 48 76 21 13 5 12 78 69 37 86 28 16 65 68 57 59 84 95 28 65 7 96 71 76 84 14 26 1 17 70 12 23 77 11 14 55 92 39 100 22 95 37
33 88 51 75 50 8 14 47 15 76 45 20 100 29 56 8 97 74 99 87 9 54 2 55 96 63 48 26 40 82 83 23 16 68 31 92 82 74 16 56 3 28 93 100 96 66 30 64 87 79 100 19 26 41 79 94 63 14 33 13 5 22 6 15 50 88 26 37 18 53 6 4 7 3 25 26 72 86 19 65 39 37 76 86 90 94 17 37 78 63 75 46 23 8 86 36 19 61
97 68 49 98 80 92 15 60 87 60 75 89 85 44 74 83 15 79 86 45 34 44 54 42 2 99 52 38 60 99 46 10 63 42 56 56 18 8 88 7 53 67 67 4 9 93 51 29 73 60 58 25 67 63 38 95 38 26 33 36 85 36 60 35 11 22 78 40 13 23 66 25 33 10 40 82 52 84 71 99 2 59 73 22 36 61 87 79 7 9 5 84 60 99 32 85 31 74
44 84 43 3 88 45 33 31 75 39 57 13 42 94 58 41 88 24 78 60 65 61 33 37 57 32 36 91 7 83 37 32 5 58 1 90 7 3 59 68 44 56 15 27 11 29 89 45 50 12 7 98 75 54 72 69 8 88 15 37 36 29 51 69 6 22 96 21 46 19 18 30 74 4 36 27 35 60 16 77 68 93 57 36 29 12 45 67 32 86 12 50 80 8 20 25 15 30
83 80 6 22 78 97 18 47 11 1 77 92 85 79 1 3 10 54 80 6 70 61 93 60 59 24 39 75 96 12 23 36 69 42 90 19 11 53 87 18 44 89 38 72 14 32 38 43 96 51 88 81 69 52 80 1 67 43 84 34 59 46 79 84 44 65 47 63 49 17 14 4 23 19 65 92 49 84 91 36 30 81 84 95 92 12 5 98 70 45 99 33 21 74 86 80 11 63
97 17 96 11 91 25 20 3 75 57 4 55 91 38 3 14 45 50 57 81 71 98 43 20 38 1 30 85 45 94 89 33 67 89 84 93 65 25 87 8 28 14 89 33 98 97 97 79 19 29 78 71 7 45 15 46 62 41 30 3 8 89 48 63 26 99 45 60 8 81 60 87 87 91 50 9 30 26 3 20 25 89 5 25 29 11 28 49 78 2 66 56 86 22 39 57 81 12
43 76 53 28 55 12 28 61 98 13 56 28 97 100 95 100 85 96 43 65 75 14 92 10 80 72 15 80 94 75 85 71 43 8 84 63 72 11 65 71 73 43 11 72 3 41 98 14 98 36 20 98 28 8 24 39 45 50 52 75 97 92 25 28 39 98 12 44 28 27 83 17 50 99 81 85 61 45 78 53 19 69 46 34 11 57 99 73 6 63 17 19 44 41 34 52 60 16
42 25 85 94 49 72 71 87 10 55 95 5 86 91 30 87 70 26 65 99 81 6 65 48 13 49 83 42 83 86 99 75 61 90 24 30 61 86 7 14 67 70 41 65 15 43 6 85 27 17 8 99 77 44 64 46 41 96 43 63 86 51 82 23 90 45 42 8 63 90 30 23 48 7 20 89 96 6 88 96 45 15 46 37 68 75 73 72 88 52 2 96 24 13 67 75 33 32
81 84 40 89 77 63 100 41 34 60 2 14 18 56 14 57 61 81 73 57 94 73 99 74 53 84 95 18 45 21 21 47 35 69 16 1 50 50 32 9 36 52 49 89 1 37 72 38 59 86 21 68 30 68 46 45 41 92 99 89 71 83 43 52 15 65 22 25 18 36 75 37 59 83 88 59 77 79 87 50 87 94 79 91 48 46 52 42 88 36 75 27 67 86 10 37 8 18
31 1 81 80 86 55 85 34 83 63 18 30 16 14 45 31 60 27 50 31 37 71 4 20 40 11 88 62 59 17 60 69 54 82 40 40 8 15 80 33 35 85 61 33 42 9 12 78 44 47 67 51 43 66 75 100 18 65 54 43 81 73 90 6 48 99 25 46 14 95 91 63 88 57 72 9 3 79 90 35 22 7 31 69 67 22 43 83 36 57 81 64 97 44 70 73 4 28
2 63 63 77 81 62 57 52 89 46 60 60 22 89 27 72 38 55 32 64 27 3 98 36 89 99 78 30 88 1 59 58 33 95 9 60 28 16 35 89 10 100 67 53 4 14 62 16 52 11 51 43 30 6 17 25 94 22 57 95 80 40 88 84 80 45 57 81 95 70 86 100 37 30 36 17 12 36 40 29 65 78 31 71 6 61 77 97 44 46 58 32 30 92 73 86 38 59
41 31 90 84 81 93 33 70 99 41 7 68 80 11 42 100 62 93 54 24 37 63 88 19 92 92 6 14 3 85 98 11 85 66 5 41 100 57 30 50 15 76 31 42 11 5 5 89 32 40 90 70 98 83 4 92 64 88 93 81 44 80 22 18 69 70 48 11 96 56 87 75 100 30 73 78 32 99 15 96 51 80 82 61 32 29 5 55 33 30 21 23 100 83 1 64 31 88
11 12 97 64 38 17 27 79 73 47 52 93 29 38 48 37 10 11 85 18 4 30 20 21 3 54 82 82 23 5 98 59 30 21 70 7 6 51 28 56 56 10 87 100 1 75 17 100 71 21 16 41 43 46 64 26 72 44 11 14 12 28 92 52 61 98 24 80 87 59 86 56 24 43 92 11 89 63 38 16 43 79 83 70 32 67 34 7 38 15 11 22 56 98 86 62 8 91
42 32 37 87 50 39 31 46 32 58 79 66 83 61 55 60 59 58 45 60 85 15 63 8 85 31 43 43 15 13 24 67 13 81 16 88 87 54 79 71 42 22 93 48 47 8 51 90 51 64 56 95 67 34 89 82 37 76 89 31 3 25 43 48 1 97 81 86 90 16 86 54 3 62 82 12 50 24 24 15 12 28 72 46 81 76 78 23 21 37 51 66 100 79 15 72 9 92
18 37 42 33 19 86 99 10 61 95 1 2 80 4 65 2 96 22 25 46 37 61 86 38 7 20 75 14 6 100 17 21 84 68 84 42 94 12 21 50 52 73 36 32 13 77 43 15 34 3 51 12 54 85 35 16 78 68 95 2 66 12 10 88 64 80 48 5 74 96 37 39 66 90 78 64 93 38 17 7 89 73 34 100 5 35 65 86 77 91 42 8 25 7 80 37 12 74
21 85 9 22 88 80 55 25 44 77 10 82 36 64 29 83 11 36 41 39 59 72 50 5 96 91 29 71 62 61 46 84 83 67 26 26 22 90 95 100 73 12 35 54 20 16 54 91 38 3 36 76 31 47 47 30 58 39 73 78 97 95 48 86 72 1 73 99 58 28 70 65 94 4 20 86 60 38 64 19 30 82 10 47 9 58 78 86 20 100 1 85 65 87 68 26 45 30
74 82 29 30 20 45 94 81 100 98 29 82 60 32 59 47 61 37 58 65 21 32 97 19 40 72 21 62 57 46 57 59 73 7 2 12 94 100 86 4 61 62 66 49 4 26 22 1 42 19 18 9 87 97 98 35 100 2 29 90 90 67 14 54 63 22 22 71 30 93 38 23 70 2 56 14 93 4 7 73 85 20 36 36 16 13 50 81 4 65 58 90 85 73 80 45 18 31
5 78 73 26 41 89 7 97 54 30 23 72 57 57 74 51 69 77 84 80 78 20 92 27 20 83 53 56 48 20 59 53 78 81 96 65 80 7 5 44 93 95 23 36 73 72 6 11 8 69 30 70 90 72 89 49 30 43 2 72 98 97 27 34 37 45 37 51 94 83 42 95 76 23 51 73 83 66 59 53 26 98 96 90 57 57 61 75 17 53 44 52 65 23 8 32 91 41
38 60 48 16 83 22 84 34 69 99 34 84 31 49 31 59 18 18 39 88 33 37 44 42 87 30 46 3 8 32 20 53 33 4 29 98 72 49 1 94 100 62 34 29 64 55 6 93 66 68 86 4 5 82 52 12 71 4 92 6 77 33 44 14 96 98 18 86 2 83 22 49 67 85 80 1 88 51 11 50 77 89 3 9 98 84 21 18 4 83 12 97 17 25 89 63 58 28
50 27 15 25 80 54 96 89 28 61 42 100 75 96 19 100 92 100 42 97 38 85 27 6 41 68 11 14 26 84 90 48 86 1 4 91 82 46 38 70 21 32 85 88 6 71 92 95 73 36 23 34 31 55 6 87 68 69 58 61 97 78 58 83 10 13 78 49 45 68 17 88 64 62 27 17 15 62 65 64 94 1 3 23 37 47 14 4 77 50 8 14 86 16 93 29 97 30
56 91 25 80 17 79 48 31 19 80 91 65 32 37 22 12 32 79 100 21 88 10 3 54 56 73 82 54 95 13 44 48 45 93 17 15 58 43 58 48 37 84 25 56 95 12 21 12 73 76 67 22 94 93 42 18 50 58 17 56 60 41 42 24 67 82 25 87 56 19 69 44 65 95 22 24 80 93 40 37 69 64 63 1 34 77 84 41 50 76 62 67 84 79 36 9 89 75
62 91 63 84 46 84 75 95 90 68 85 18 55 56 50 56 88 54 39 54 70 15 100 52 98 6 95 4 66 51 99 8 44 92 59 50 77 59 83 53 76 96 37 29 65 92 91 80 13 26 40 23 3 96 60 35 76 6 54 24 91 91 97 37 98 40 60 65 77 21 25 61 5 96 95 40 95 37 84 83 82 36 3 81 5 69 7 22 25 45 87 86 63 63 99 1 57 62
78 13 47 50 49 27 8 5 85 29 56 39 5 3 84 48 91 68 60 77 95 100 77 77 19 8 91 34 37 66 60 62 94 17 50 91 56 79 22 98 66 81 21 11 42 58 79 74 64 88 9 60 33 8 75 38 7 8 43 61 27 42 24 21 50 66 71 11 92 100 26 32 94 19 18 60 3 25 34 67 18 85 48 19 10 37 100 38 41 75 42 66 33 66 1 34 92 56
17 42 87 91 5 74 25 33 66 19 40 64 58 62 77 2 96 49 28 32 43 35 43 69 1 64 31 26 54 73 94 83 89 13 87 76 86 36 47 17 73 18 94 91 34 68 1 92 34 43 77 93 32 29 67 86 27 31 85 61 20 55 66 83 11 43 86 95 38 74 48 68 76 16 79 69 19 76 82 71 61 15 23 36 41 66 67 57 81 40 72 1 74 39 46 91 62 48
94 8 33 93 12 86 31 62 100 24 9 50 8 95 6 83 52 100 12 72 94 84 83 22 50 24 69 1 76 48 14 41 37 98 86 72 92 75 85 6 74 26 7 6 36 56 84 54 63 11 97 14 67 5 44 5 29 63 60 58 59 31 97 93 90 66 54 68 6 74 11 55 31 68 93 65 20 81 36 97 7 11 89 41 68 29 28 14 31 6 48 4 67 17 96 4 77 32
32 51 67 61 73 45 57 66 52 62 13 36 94 11 14 97 56 12 48 68 65 64 98 93 4 50 36 25 54 3 69 36 25 35 28 14 22 76 47 83 12 77 68 55 13 20 99 52 37 27 19 33 32 35 48 15 9 77 34 74 5 12 56 6 8 80 67 82 70 73 12 41 4 3 3 75 38 13 58 50 80 71 65 78 40 100 23 85 51 19 29 19 73 86 41 90 2 56
