38
75 53
9 93 80 5 54 91 91 71 4 91 72 30 22 8 82 71 63 56 33 8 77 47 9 67 42 81 78 32 64 84 98 19 13 42 3 50 58 23 5 75 79 56 78 52 40 56 57 83 46 61 3 25 21
41 40 86 60 34 33 3 38 47 6 55 8 90 51 81 83 98 47 18 11 68 56 50 8 69 20 77 23 49 27 72 57 19 22 64 12 99 72 46 90 56 43 20 6 83 77 67 75 24 92 1 84 64
50 85 10 23 69 60 8 74 33 26 93 87 99 70 61 8 99 74 76 2 57 63 88 19 85 51 69 37 47 52 79 32 92 88 74 26 2 25 73 74 69 31 13 15 15 55 3 37 37 7 29 8 96
23 89 72 35 18 2 9 29 54 35 40 65 100 5 86 88 91 20 99 71 42 81 41 54 68 59 83 32 36 28 68 15 65 9 72 71 24 92 76 22 80 88 9 75 32 86 43 99 35 47 87 59 20
70 67 99 9 12 52 46 98 93 69 40 45 9 94 56 68 38 39 10 29 3 37 76 9 81 37 11 89 78 85 40 33 68 28 71 73 38 70 64 64 29 98 93 74 12 29 43 55 80 32 84 90 3
74 13 23 95 5 99 11 67 93 43 92 69 56 98 44 46 11 54 19 46 13 39 21 34 83 68 32 71 20 6 74 76 18 81 77 15 49 80 16 60 26 48 45 51 83 72 64 67 65 8 19 3 65
45 45 19 47 55 20 42 72 34 22 71 51 98 80 70 6 38 42 68 82 23 17 33 41 24 30 97 2 33 59 33 6 13 99 44 25 48 78 69 14 5 58 63 36 66 83 66 45 93 18 96 40 52
72 80 62 24 33 29 12 27 75 86 20 81 55 8 5 43 75 73 80 51 33 24 16 75 11 57 65 5 31 7 60 78 49 34 6 38 19 78 98 4 80 85 23 26 80 76 55 91 87 53 29 47 23
51 21 99 59 42 33 98 26 29 22 58 93 86 69 11 92 60 76 1 26 34 99 92 62 3 95 61 29 85 56 67 29 7 26 35 36 94 47 3 34 50 50 8 23 65 11 51 13 48 50 5 4 14
61 63 14 9 25 9 57 58 23 57 39 12 23 30 86 36 70 53 16 55 89 92 36 17 60 38 1 76 68 94 15 84 55 55 8 74 62 11 5 71 53 30 1 18 88 54 28 64 66 52 88 87 25
30 96 29 73 87 98 47 30 26 98 17 94 23 35 43 36 62 6 36 6 6 85 2 77 93 91 55 94 40 21 86 35 93 46 37 40 87 37 50 16 18 2 91 23 60 84 51 96 80 11 41 38 4
22 39 62 24 42 32 52 25 47 21 40 75 34 18 19 26 77 39 90 38 15 4 52 90 95 62 7 63 34 23 37 50 94 62 32 7 58 27 99 54 51 19 10 86 18 63 96 96 95 29 32 6 96
28 91 81 67 5 11 36 3 25 59 70 46 65 89 22 18 16 59 8 81 4 67 59 59 72 29 93 34 64 2 98 85 9 46 65 56 99 6 7 87 72 92 29 45 10 86 4 15 92 57 40 4 29
77 77 64 26 1 17 52 49 13 37 24 13 27 45 79 28 98 35 58 99 20 27 15 13 60 75 76 18 15 71 81 41 62 46 74 48 99 67 37 51 87 41 62 44 5 95 40 69 85 70 99 86 95
100 38 89 57 5 42 43 90 28 60 48 53 24 12 74 9 16 34 62 70 8 94 52 52 25 66 61 70 78 99 57 70 56 20 78 14 23 57 21 2 38 48 87 65 20 100 52 78 40 43 75 16 91
50 3 3 16 10 4 45 48 53 17 91 2 21 52 44 8 72 22 40 64 45 21 32 34 6 39 58 15 87 37 99 97 34 68 32 47 83 94 49 20 66 77 75 19 30 75 46 94 48 58 54 43 4
42 33 14 72 75 29 56 83 28 74 52 27 100 6 8 18 56 72 86 13 33 71 91 58 72 31 99 52 87 98 11 41 7 64 64 43 70 71 81 2 57 44 2 85 29 25 53 74 6 17 61 83 54
89 34 38 35 29 97 89 47 18 8 55 62 37 75 9 22 96 76 77 91 99 80 67 66 22 7 64 22 68 79 31 55 43 40 30 74 83 46 42 50 68 45 75 53 12 88 66 98 84 66 59 58 38
38 41 60 63 34 64 82 98 90 59 96 44 64 17 3 21 91 68 54 95 4 20 84 65 36 18 50 43 43 61 18 45 48 85 45 13 30 33 53 85 3 4 18 36 3 4 93 51 31 27 65 10 99
63 22 25 64 39 39 86 38 51 24 88 33 12 96 100 99 60 99 34 9 16 68 58 89 22 13 97 52 90 30 63 51 4 95 94 11 16 68 19 85 88 23 83 75 49 1 57 76 56 81 57 22 15
74 88 90 92 54 99 24 2 78 97 16 66 91 97 32 39 89 83 18 89 24 26 36 58 93 74 70 22 82 87 72 64 44 65 10 94 76 81 72 78 44 24 53 61 63 43 2 41 63 51 10 61 98
33 69 11 15 81 94 17 54 70 45 64 27 61 56 95 95 79 8 79 12 52 60 62 90 14 82 93 65 29 5 33 77 64 10 53 55 68 93 58 6 68 47 59 86 48 6 55 24 81 28 36 10 57
67 97 44 84 56 12 11 87 15 96 53 32 82 72 14 29 18 85 41 91 2 32 30 30 6 92 38 24 51 58 43 15 43 49 62 3 56 49 98 96 87 27 15 63 99 59 71 86 24 61 59 1 88
75 73 44 41 79 5 90 79 88 30 31 60 31 7 9 5 33 1 23 75 97 14 34 23 83 14 97 98 74 57 40 4 86 50 56 62 83 90 49 38 83 32 11 94 7 71 49 76 99 4 38 65 32
58 2 3 51 44 49 37 70 86 66 33 70 98 67 63 89 16 15 1 39 55 92 88 36 7 54 98 56 72 40 50 17 24 9 43 12 76 30 1 18 66 18 12 42 7 77 66 80 71 54 67 55 85
79 92 30 61 10 85 56 80 61 58 58 75 45 67 21 30 92 26 13 42 20 65 19 72 19 5 58 4 80 86 76 18 6 88 30 12 12 1 54 16 33 52 23 43 13 50 43 78 87 43 36 21 44
4 64 69 55 74 83 90 23 60 85 28 43 65 64 29 40 4 14 8 20 34 67 17 68 90 14 33 67 29 98 3 42 56 11 55 51 45 8 33 94 79 39 69 88 46 87 10 54 96 78 37 82 74
3 48 80 33 45 86 48 25 61 52 86 74 36 93 66 24 9 66 21 17 37 5 43 61 40 18 66 75 87 22 51 45 35 16 68 16 89 42 78 9 49 25 92 59 88 59 63 85 81 84 48 3 84
10 71 36 26 6 68 51 64 28 51 59 58 97 100 94 69 79 5 61 8 9 28 68 91 9 68 74 85 7 98 52 60 38 3 41 70 24 37 89 35 33 11 27 88 28 92 77 54 59 10 3 75 17
78 76 40 44 40 37 32 19 49 34 16 56 69 78 20 18 95 76 68 27 21 67 38 36 8 91 83 86 71 21 13 91 7 14 76 8 71 27 95 33 89 3 81 73 64 51 83 60 83 86 36 10 70
65 40 18 32 86 37 75 33 73 35 37 29 61 42 55 49 31 2 88 56 100 90 76 48 6 55 85 58 9 91 92 19 10 17 25 60 28 4 54 73 53 56 83 74 22 59 55 98 75 72 53 7 53
16 33 81 21 26 21 54 90 20 31 86 94 50 5 37 5 47 59 33 26 6 91 20 17 19 19 74 85 45 54 10 10 10 20 23 78 37 92 93 61 20 63 93 81 10 70 25 59 34 10 55 23 73
15 97 22 89 40 29 58 26 85 53 70 29 94 30 63 27 51 77 42 30 30 27 34 94 25 33 16 43 100 14 18 42 7 79 97 9 48 15 94 3 98 37 23 68 54 26 97 85 76 92 68 59 94
7 23 54 1 90 26 23 37 13 49 49 5 28 57 96 61 52 97 59 39 12 39 32 49 100 71 98 46 36 65 94 23 83 86 1 94 34 51 69 3 94 61 21 55 83 72 38 35 25 6 99 50 44
47 1 97 6 15 72 26 27 43 28 63 6 64 67 93 59 80 75 96 24 98 15 52 35 24 98 40 80 67 19 35 47 26 58 4 97 27 71 50 28 67 61 72 92 1 14 49 35 52 49 23 43 44
2 61 58 58 81 59 34 22 6 24 55 42 64 82 94 72 84 77 55 53 64 89 21 80 19 6 20 29 72 69 83 18 87 5 71 65 94 81 36 88 36 79 11 49 18 21 47 58 91 28 68 4 54
95 9 82 93 73 49 53 96 97 80 10 94 68 14 95 26 11 97 85 78 20 78 53 29 91 74 89 27 50 79 78 86 48 32 32 30 17 9 25 16 15 66 10 2 30 71 10 1 66 96 68 92 93
34 44 44 8 90 77 53 23 84 85 21 55 38 16 18 2 70 65 100 11 41 83 19 32 78 67 18 38 79 63 57 80 6 3 52 94 42 1 20 15 91 86 30 97 35 31 66 52 15 45 26 50 70
25 74 9 20 70 50 33 21 64 18 84 34 93 49 23 80 46 37 63 60 33 90 68 68 36 14 20 44 20 39 7 47 71 55 94 27 79 44 1 65 36 34 6 78 68 6 74 15 64 36 26 64 26
84 7 43 69 49 21 73 40 34 2 37 27 5 77 84 6 89 1 85 15 62 40 78 98 64 8 27 79 40 61 25 88 5 98 69 96 23 96 34 31 5 4 1 67 93 12 88 82 12 42 88 69 14
77 54 76 78 64 92 83 61 86 84 28 85 70 87 90 46 84 71 82 60 20 97 68 10 15 85 28 18 7 14 9 57 66 47 78 37 90 86 71 41 79 62 74 63 62 99 63 11 81 85 29 8 6
19 78 41 29 36 48 82 24 67 76 51 89 75 68 40 14 53 8 69 16 93 42 20 26 79 23 9 83 14 27 5 63 25 80 58 89 22 34 21 1 83 87 49 53 75 97 96 9 33 66 68 95 99
100 7 91 62 89 18 11 91 58 74 70 41 96 92 66 34 62 59 91 35 55 23 58 32 71 48 58 98 81 44 50 47 36 89 64 15 10 74 80 89 48 52 47 86 48 64 49 47 99 95 21 53 3
4 37 12 44 21 26 56 29 33 72 52 89 34 65 76 43 6 2 66 50 46 31 83 29 21 32 23 94 2 36 74 54 49 81 32 61 43 15 44 22 92 46 16 88 17 90 44 46 62 50 64 32 5
1 54 71 95 63 65 19 91 86 99 67 37 10 25 49 13 47 96 71 68 55 86 13 86 16 51 11 85 23 5 86 16 13 18 70 52 52 97 98 51 37 22 71 5 5 2 62 44 18 86 65 35 39
26 32 2 30 61 72 72 53 95 51 12 3 59 65 38 9 91 39 41 65 44 66 13 9 94 66 83 66 44 56 86 71 48 65 61 29 38 95 82 61 21 61 97 52 97 26 61 1 67 42 30 88 62
20 12 94 15 19 23 81 8 68 75 81 80 51 34 56 78 18 92 66 19 94 78 51 12 31 54 25 61 54 26 76 35 73 79 25 56 63 95 27 40 60 14 100 34 51 2 99 77 47 41 80 8 55
44 37 57 89 73 35 25 80 80 69 26 32 45 28 29 91 4 42 42 66 3 45 2 77 16 90 27 58 90 47 22 99 18 25 74 84 65 89 59 8 80 89 61 10 67 94 58 54 30 84 41 16 32
70 60 29 37 42 89 1 91 68 12 100 69 7 48 67 31 31 15 82 92 70 67 23 92 72 19 86 92 16 69 47 52 50 65 59 1 74 21 23 19 74 10 88 68 19 55 92 34 4 90 29 85 23
100 19 25 8 68 9 51 83 54 99 37 93 23 38 47 22 12 43 7 26 96 9 64 14 76 85 59 44 98 67 74 5 84 22 93 73 9 64 42 72 56 15 48 32 23 28 91 31 55 86 46 43 3
33 45 15 85 39 81 83 36 62 9 83 75 56 17 3 66 79 6 15 35 9 40 98 38 71 58 24 36 76 85 5 73 44 6 30 60 18 65 50 49 71 82 1 61 80 73 95 75 2 58 24 83 59
25 79 18 100 76 1 77 77 59 92 35 88 83 8 40 89 70 96 99 2 30 51 30 91 92 72 89 32 23 56 92 54 73 64 1 66 48 43 65 52 33 73 1 87 54 44 100 90 9 5 64 82 93
34 34 57 3 19 42 91 64 42 50 82 74 96 38 75 55 73 83 70 27 83 64 59 68 78 14 27 54 90 67 93 18 65 57 82 49 50 52 85 86 63 13 67 12 51 28 49 49 95 85 72 48 82
30 2 52 26 53 77 32 85 83 69 93 100 52 5 39 75 49 75 65 42 38 4 96 66 21 33 53 22 86 95 32 27 25 69 35 21 21 20 64 97 38 31 52 76 33 36 68 62 19 72 56 47 43
58 90 40 16 59 67 13 70 54 4 33 88 99 92 66 86 72 93 15 3 51 29 76 50 53 57 77 56 78 84 90 13 98 81 29 25 75 68 4 17 96 80 48 38 54 1 50 52 85 52 33 66 93
100 56 49 41 82 46 42 11 48 32 69 58 49 57 12 21 68 43 7 36 31 45 17 44 82 68 19 14 1 2 99 32 86 89 12 84 78 56 4 45 57 72 58 14 32 5 89 84 90 91 88 63 22
59 76 70 33 96 87 52 19 67 86 6 78 22 81 37 38 24 54 38 58 26 31 44 55 16 48 41 95 19 36 1 73 86 51 84 51 18 20 95 78 3 63 33 41 83 38 26 9 93 84 35 8 86
2 94 5 63 33 57 54 76 95 10 95 50 57 58 83 3 86 75 11 46 82 18 51 77 22 13 100 3 69 67 35 57 54 13 20 12 36 77 44 88 10 86 56 72 64 15 42 90 77 91 70 60 8
21 19 87 44 63 6 19 3 88 42 19 30 89 68 58 66 8 49 29 87 28 81 99 20 69 19 68 94 85 66 70 23 53 2 41 46 44 84 3 58 36 42 98 44 78 6 90 77 5 60 83 67 42
90 8 55 18 12 3 27 27 100 63 92 15 59 44 35 91 9 45 88 100 82 68 39 72 46 26 42 7 10 8 91 30 86 34 50 11 25 5 6 98 100 55 28 92 63 14 47 50 86 65 66 60 91
44 59 34 59 45 50 11 70 82 97 37 70 77 1 88 39 30 53 78 45 55 25 22 54 82 58 27 75 6 12 12 32 19 44 30 74 87 35 65 88 89 55 74 61 29 20 72 38 76 98 83 11 34
65 62 83 53 68 71 91 44 94 7 14 67 39 26 42 21 19 5 54 55 4 91 40 79 100 41 49 57 28 68 27 92 2 91 42 45 82 34 43 47 33 83 48 38 46 31 8 78 1 18 26 58 43
38 75 78 15 57 73 28 66 54 17 90 18 75 28 89 66 100 62 12 27 30 23 28 6 84 35 82 64 78 72 50 42 4 93 34 27 5 17 90 2 37 24 83 100 96 81 61 89 93 37 66 94 57
35 44 23 99 16 53 10 47 37 25 100 49 47 24 74 21 66 90 55 13 53 87 24 59 48 78 52 72 47 25 96 27 19 70 70 54 67 72 86 70 37 61 17 65 8 79 14 61 71 84 45 14 27
50 78 20 14 7 17 34 29 42 51 58 16 2 45 70 23 82 88 82 95 77 57 84 44 27 49 68 33 9 92 44 67 77 65 91 75 88 50 79 11 24 86 84 45 49 18 99 48 88 96 37 43 6
84 73 45 61 5 40 88 43 44 38 44 3 43 67 98 10 13 75 76 7 12 31 63 30 23 65 64 53 6 42 19 22 94 37 89 63 13 23 79 80 21 9 27 93 48 65 23 4 36 94 100 27 59
37 33 41 26 96 12 73 26 88 36 84 47 48 80 84 29 86 91 56 35 1 68 34 62 58 71 82 45 43 85 9 70 67 96 26 26 55 95 68 52 56 13 85 39 18 47 61 85 20 51 18 2 30
50 82 86 96 62 97 70 71 16 76 69 100 64 6 50 75 3 23 24 46 44 7 95 59 74 32 65 99 92 58 71 80 74 49 72 59 59 84 66 22 44 45 32 42 24 13 32 60 84 81 66 9 29
5 41 86 72 28 1 17 53 16 84 70 35 44 84 9 3 19 61 84 39 59 15 11 1 53 31 50 15 51 87 51 77 43 66 89 5 74 9 92 83 41 87 61 86 38 71 28 37 58 75 77 61 94
22 16 66 52 43 53 24 63 73 98 72 70 95 22 67 24 17 54 70 24 90 81 34 63 27 49 82 38 100 24 31 82 78 17 92 41 92 48 30 83 30 95 33 41 14 10 67 61 5 59 41 5 3
58 12 12 66 64 29 34 56 87 93 88 17 98 94 97 6 84 14 35 44 6 93 56 81 48 48 94 1 49 100 69 100 96 80 72 14 13 79 7 31 96 78 35 60 22 65 10 73 49 43 1 17 51
55 96 79 38 4 29 50 50 24 43 55 94 81 59 85 24 8 24 9 84 79 76 40 47 32 15 54 95 78 31 99 33 64 52 95 78 55 97 10 76 65 99 75 29 87 18 34 76 95 97 78 22 75
89 75 11 36 21 99 82 34 65 28 10 71 92 47 9 10 26 23 61 11 90 63 78 64 88 4 7 65 18 87 16 7 52 98 7 53 54 33 37 20 73 15 92 37 64 86 71 37 41 79 90 96 42
25 50 93 69 53 35 13 24 86 76 38 1 58 14 34 49 77 26 32 53 28 12 94 93 92 76 27 25 52 70 59 66 96 32 21 58 52 69 8 30 89 15 53 98 18 34 76 50 13 83 61 32 79
18 17 50 49 4 97 22 97 63 46 79 12 75 13 42 89 100 29 60 78 81 64 73 57 53 74 18 95 45 84 95 32 81 19 16 1 6 18 41 49 11 45 79 41 34 28 41 36 78 61 87 67 94
