354
56 4
91 62 81 19
54 15 77 71
79 2 42 60
80 76 31 51
100 76 100 17
58 24 90 80
65 67 83 90
30 31 62 30
47 99 7 54
78 71 78 62
13 78 18 22
78 32 52 16
66 92 32 30
90 56 67 79
38 12 33 95
29 43 30 79
93 72 7 32
11 85 42 14
70 13 70 30
93 51 43 91
49 41 50 63
31 94 51 17
90 95 80 62
93 88 25 7
84 42 5 77
67 52 64 22
50 95 29 78
23 26 22 72
21 98 89 40
67 13 42 49
53 41 50 35
80 80 58 80
39 33 76 82
33 57 85 62
90 80 84 28
54 97 54 68
19 41 38 79
61 74 15 4
94 6 28 52
64 24 7 12
16 9 25 31
85 4 16 19
52 59 14 32
48 64 38 62
81 84 45 30
29 25 54 24
47 18 89 15
68 43 96 94
66 2 43 98
78 17 14 92
5 97 24 4
55 75 50 50
9 80 49 68
67 98 84 28
75 9 98 52
95 47 90 27
