17 56
5 36 76 84 39 78 73 68 5 4 2 6 37 30 25 35 83 37 21 51 66 16 96 96 93 40 39 37 77 3 71 27 58 30 22 32 95 42 64 100 30 44 75 62 51 31 93 77 99 51 71 34 8 16 13 59
19 81 21 100 35 45 20 77 68 98 3 13 18 60 97 97 31 24 53 16 50 14 23 34 93 95 16 14 17 51 2 80 9 18 100 94 69 13 29 87 20 16 82 58 64 17 55 44 52 43 87 96 65 17 99 50
21 21 23 46 50 36 6 58 27 78 83 59 92 61 65 31 78 11 64 47 25 29 8 20 81 91 73 83 58 44 24 1 24 68 69 98 97 25 25 18 21 42 83 73 81 15 41 15 91 68 28 100 25 52 84 29
58 42 45 28 56 73 98 52 56 61 66 15 16 40 49 46 55 46 87 34 46 33 4 35 21 88 59 54 52 9 36 7 71 89 44 99 19 15 75 66 23 12 73 20 93 6 59 92 42 10 28 46 97 80 16 85
82 57 17 20 30 94 8 51 56 15 53 40 71 21 64 35 43 21 19 13 86 86 94 100 8 42 38 91 76 91 69 87 32 20 37 55 43 5 31 84 34 86 62 8 5 40 36 76 54 72 7 75 77 46 48 41
98 1 96 99 89 36 76 57 17 36 91 62 79 75 66 58 39 24 67 34 43 64 16 36 6 1 50 97 56 20 9 47 73 36 19 42 43 21 45 37 95 87 96 85 22 39 24 54 20 34 73 67 6 48 23 91
65 35 100 15 38 13 86 78 39 47 98 70 42 23 67 1 76 7 40 52 24 7 14 15 78 76 60 93 18 90 27 9 82 15 16 41 75 1 47 27 54 86 98 49 89 22 31 84 47 17 86 64 34 53 63 41
95 66 43 18 32 52 96 23 21 41 62 68 47 60 83 77 24 61 91 82 90 34 12 79 84 57 39 68 66 90 92 1 1 100 19 86 98 3 83 25 62 29 15 68 70 74 11 4 71 96 92 26 12 10 11 45
39 55 75 92 2 34 13 18 43 33 51 87 70 47 36 69 69 83 23 19 24 90 34 84 66 38 53 40 23 76 19 98 52 22 45 73 88 5 25 80 81 70 16 59 30 92 22 69 18 26 73 51 21 97 85 18
28 20 35 68 55 54 85 19 39 27 41 58 70 91 20 4 94 3 61 18 28 46 38 72 5 67 94 99 41 19 15 69 27 26 42 62 9 41 49 14 4 23 64 75 91 83 15 1 76 12 75 18 79 92 99 46
6 70 89 79 60 16 5 98 46 64 81 55 47 1 38 53 99 47 54 29 62 11 18 75 2 61 54 65 30 11 82 28 45 83 3 88 54 52 55 20 85 89 69 22 66 69 41 36 20 94 22 3 25 73 25 26
28 69 1 42 27 91 19 77 98 10 52 61 100 58 24 51 28 83 29 51 31 19 1 18 20 75 93 25 55 1 54 51 30 74 92 42 49 88 65 50 54 6 95 19 68 71 29 67 71 8 26 75 32 89 55 55
61 57 94 67 92 69 88 37 28 34 49 36 40 94 100 97 83 81 64 20 36 32 77 73 63 49 32 69 66 24 26 59 89 57 26 14 76 52 61 5 63 26 25 72 44 72 98 64 11 93 64 6 38 14 33 32
30 10 58 89 26 72 99 11 66 47 68 29 43 57 66 97 85 81 23 46 33 55 84 27 36 95 11 28 48 32 84 73 85 50 57 4 35 16 14 78 6 19 70 85 97 1 18 91 99 85 81 63 19 43 45 52
80 50 24 83 68 33 43 82 88 11 88 89 16 78 66 96 99 85 21 1 10 32 93 23 22 72 47 42 39 44 54 37 77 52 32 10 100 68 46 9 84 91 20 36 95 80 79 90 23 8 87 5 15 38 25 20
88 35 74 76 99 98 50 42 77 3 3 29 79 94 20 34 27 7 60 46 91 15 31 50 1 74 8 73 46 42 32 41 15 82 26 39 4 17 19 49 47 68 80 5 5 35 49 27 63 63 25 62 92 47 23 95
8 85 95 26 68 38 62 41 65 77 2 17 59 80 77 76 67 91 11 77 78 19 74 90 42 79 2 12 18 8 18 34 66 98 5 27 50 20 52 1 88 4 15 74 30 8 29 30 100 76 89 69 94 9 95 19
