56 29
13 55 22 56 31 9 3 89 55 94 34 40 34 94 45 6 93 40 70 33 34 31 99 74 25 56 77 88 36
25 88 25 69 68 96 93 3 67 63 73 8 74 85 66 46 70 84 6 53 53 25 36 3 57 94 55 41 57
34 23 22 94 30 96 65 14 70 94 96 91 55 58 94 50 98 89 40 38 61 82 20 6 16 2 85 93 22
49 47 30 53 72 42 47 96 33 61 10 56 51 93 29 97 87 6 65 1 54 13 34 21 56 50 66 79 20
80 60 15 52 15 82 2 20 61 44 29 94 72 67 78 8 83 74 35 74 63 24 70 21 100 78 40 89 20
22 66 94 31 21 6 96 40 17 34 72 55 25 40 41 71 89 80 65 94 97 51 69 74 61 97 10 78 95
62 76 66 28 41 47 55 52 21 49 78 31 79 23 67 39 3 39 21 76 54 5 97 78 92 25 2 71 23
53 67 24 64 87 79 31 56 29 8 41 57 50 39 85 86 84 22 82 61 88 79 57 4 2 100 78 34 66
72 7 38 41 22 81 16 20 43 8 7 66 20 21 43 4 25 30 87 86 79 24 54 28 21 23 86 46 93
67 57 15 64 91 47 16 75 31 28 52 32 61 42 79 98 35 73 59 60 82 95 50 75 83 54 30 50 91
40 14 61 96 1 38 49 34 39 72 36 45 2 23 43 57 89 4 20 39 5 27 61 18 72 12 22 90 65
7 26 40 86 37 75 26 78 33 88 8 16 58 82 7 44 13 99 53 28 32 39 66 97 92 35 41 64 32
67 17 59 8 66 10 93 1 73 63 60 33 32 50 96 41 68 82 24 69 78 75 84 9 46 27 7 73 47
87 62 22 2 85 36 78 78 37 11 8 35 90 55 46 94 91 50 11 87 9 12 44 16 2 67 97 78 78
90 64 17 13 9 77 92 53 69 8 93 86 41 15 82 35 36 80 69 87 25 42 78 40 7 95 6 14 35
45 42 55 70 87 24 78 31 83 45 34 20 53 32 48 68 66 10 7 37 78 18 58 55 59 47 8 77 44
68 84 62 25 19 3 31 75 5 30 35 10 4 10 26 72 11 43 54 57 86 57 99 89 89 21 23 46 78
19 86 51 73 11 38 24 32 13 28 91 51 81 41 83 90 47 16 62 28 20 81 72 55 13 23 65 85 83
89 35 28 64 34 18 22 23 1 56 46 54 79 41 47 40 57 77 98 57 56 23 50 54 80 78 100 52 75
58 3 49 69 46 97 36 17 75 38 81 73 79 29 5 3 95 37 74 35 58 29 22 76 23 91 49 95 32
10 57 25 28 30 18 91 18 88 13 31 96 34 99 89 10 60 26 49 30 48 12 79 8 27 44 2 34 28
5 85 78 84 28 72 67 43 82 63 80 46 18 72 51 45 28 69 53 24 85 31 58 4 45 73 28 71 67
32 63 92 83 96 76 95 74 79 38 41 65 81 77 27 15 32 52 36 37 13 96 12 99 98 59 54 25 85
78 54 77 57 59 40 70 87 42 23 14 44 10 85 16 85 74 21 17 71 81 91 68 37 47 93 59 62 53
98 68 31 30 71 44 69 34 87 19 30 11 19 48 98 83 22 46 68 58 31 43 82 85 17 48 41 33 38
70 72 27 99 15 43 16 95 75 27 40 70 73 17 5 43 17 1 33 62 96 100 68 99 30 87 83 15 38
73 71 96 46 70 38 42 69 38 83 37 63 21 97 16 72 20 30 1 43 81 100 30 32 38 95 6 20 12
100 76 56 29 61 54 17 66 50 3 62 74 100 50 39 74 64 14 84 60 83 62 29 98 31 16 84 87 52
75 71 75 60 81 21 21 23 10 87 70 91 12 55 1 23 93 51 6 3 72 38 7 43 13 80 44 76 32
76 33 3 70 19 34 27 1 74 46 33 29 38 24 29 96 35 77 60 35 55 74 8 89 93 14 44 8 90
75 85 13 58 46 68 29 74 39 64 33 53 46 50 25 100 34 67 33 18 16 71 16 20 92 80 58 65 50
8 11 58 51 14 52 12 9 14 62 30 12 8 61 93 14 55 82 12 6 47 64 49 73 71 15 93 49 91
58 71 97 40 27 96 24 89 33 13 89 71 21 86 36 64 96 18 59 16 55 59 47 43 80 99 91 61 25
99 61 12 30 18 89 68 68 61 19 5 95 98 4 45 99 59 27 37 6 89 3 17 45 36 93 36 38 68
60 29 41 72 13 21 37 42 40 72 85 20 18 57 2 62 49 69 96 40 1 10 16 53 88 66 24 83 80
41 45 21 55 15 32 62 83 28 64 76 48 84 39 22 11 82 11 1 40 58 19 65 6 94 74 90 1 23
71 89 76 48 70 44 60 47 9 61 21 86 23 79 59 23 29 89 80 84 34 68 73 86 16 82 90 40 19
72 13 99 6 12 17 7 36 92 83 37 25 39 5 10 81 71 71 30 96 91 11 3 42 9 92 39 9 52
65 1 16 4 10 95 26 98 35 48 60 42 40 84 72 46 17 26 31 69 91 29 87 43 18 82 60 39 57
31 27 46 75 37 17 82 63 27 31 67 62 96 46 4 35 77 81 41 32 25 56 16 47 100 27 70 51 3
7 27 80 20 73 13 32 40 1 28 52 71 64 14 30 86 25 45 52 20 92 29 93 66 61 52 15 7 76
43 89 80 24 7 17 59 89 79 44 6 36 96 81 14 74 51 68 85 50 97 56 73 87 61 78 82 9 41
19 1 5 42 12 70 11 74 44 47 95 19 56 34 15 1 98 6 84 98 6 64 64 53 97 47 87 97 26
9 57 16 99 24 90 64 32 25 23 16 50 10 48 46 70 62 54 52 99 41 27 20 37 65 4 64 72 44
87 10 45 50 16 96 11 62 85 76 92 40 8 86 41 22 48 26 64 96 60 51 32 72 7 28 90 30 29
15 94 46 89 19 7 47 87 34 59 64 11 30 71 13 35 95 71 44 66 30 40 77 98 32 61 3 67 78
23 75 20 12 93 94 37 84 84 42 66 8 64 57 39 18 42 38 36 83 42 24 83 10 4 84 55 23 95
25 64 3 94 50 85 61 79 44 48 45 12 84 100 29 28 95 71 17 46 20 26 55 76 66 86 94 90 67
44 75 96 48 21 14 62 10 55 98 78 75 46 91 95 57 98 62 36 80 55 6 91 31 82 6 71 89 4
59 4 44 69 40 5 2 7 67 46 10 50 45 68 85 62 49 34 13 91 73 89 69 80 17 81 79 72 92
81 35 72 89 13 36 89 62 83 72 29 31 4 43 83 28 40 92 68 27 63 8 36 85 69 38 74 23 57
75 19 70 1 30 99 82 81 35 89 82 1 94 72 84 23 41 58 98 66 65 46 46 15 69 76 54 42 19
4 7 85 1 71 19 15 23 69 12 76 69 8 31 50 24 87 85 23 68 99 64 1 96 82 69 55 93 52
93 54 28 83 2 2 39 65 15 87 46 37 66 30 34 14 5 36 37 75 67 20 59 24 1 87 61 68 40
13 12 88 44 3 64 90 78 45 14 1 62 61 54 36 77 3 33 29 96 78 30 4 80 34 23 76 45 43
91 41 12 55 94 3 82 100 20 54 25 12 45 94 93 1 53 37 88 95 35 67 89 79 19 85 79 81 33
