48 14
96 77 78 98 1 25 91 6 62 81 100 57 31 44
100 49 88 23 94 89 79 64 76 86 74 94 29 22
70 68 4 1 47 5 29 64 31 11 67 84 37 67
54 57 5 36 84 74 33 87 71 42 45 47 16 43
27 100 90 6 49 46 36 7 40 63 89 38 14 64
14 2 38 72 52 38 31 25 15 45 62 16 77 26
56 63 87 40 100 30 39 14 72 55 41 31 97 89
63 39 83 50 27 97 43 63 74 20 65 1 47 67
57 38 92 26 21 58 21 6 63 22 51 20 55 12
91 17 16 64 74 84 19 86 43 88 87 18 87 91
47 9 36 91 25 80 21 53 61 90 57 48 26 85
91 19 58 21 65 53 87 68 39 15 16 45 37 3
78 11 51 28 61 44 18 42 74 75 60 15 78 76
8 82 23 98 78 7 29 41 47 39 36 16 66 70
52 84 94 50 85 59 84 74 80 28 27 95 81 60
60 49 58 83 29 73 92 11 61 5 93 82 99 88
54 98 18 48 53 50 38 14 78 10 59 29 18 27
82 98 84 4 30 82 36 33 13 28 67 74 39 28
92 74 54 56 28 68 83 78 97 5 32 90 90 84
11 26 44 35 1 15 88 18 70 74 95 100 32 31
18 76 77 88 52 66 23 9 48 87 6 47 7 35
85 23 89 72 57 88 43 25 80 19 65 45 71 78
1 78 25 14 44 9 55 26 47 98 84 61 69 19
91 7 91 42 8 95 44 68 80 35 9 96 89 61
52 100 81 41 37 48 76 86 45 1 16 73 67 90
93 3 43 96 30 71 37 19 22 40 49 98 82 16
60 63 69 37 51 68 5 7 63 77 10 34 17 48
93 93 82 85 83 36 54 53 73 42 17 73 86 34
6 31 23 74 23 29 71 24 32 69 7 12 63 52
91 55 92 85 41 75 14 80 21 75 22 64 31 92
19 38 37 95 41 35 56 13 78 51 84 73 25 27
70 89 61 12 90 60 98 17 73 6 34 24 21 76
27 71 98 13 11 28 83 57 20 81 57 66 84 38
11 80 100 69 75 65 5 51 88 1 63 16 93 98
58 18 100 11 21 51 66 34 13 80 39 31 34 79
89 60 87 15 18 90 52 61 53 29 51 15 36 14
84 26 96 92 22 53 17 61 16 88 81 6 25 82
97 70 42 7 45 15 10 1 21 22 12 33 65 63
43 36 63 40 51 27 34 90 10 36 5 85 61 65
12 42 63 46 19 9 74 46 36 51 29 30 73 8
46 22 27 14 38 68 69 70 21 2 48 27 86 94
71 87 66 4 90 16 27 100 78 24 85 48 35 77
68 92 34 24 45 36 42 51 10 82 61 4 23 4
74 24 98 44 97 16 45 63 28 2 30 91 85 40
99 1 70 36 31 25 39 59 5 82 42 12 12 37
55 87 75 57 99 3 10 86 35 67 4 3 73 64
2 56 58 56 72 60 92 93 7 58 29 12 54 42
17 24 85 78 8 74 35 17 40 47 34 8 50 44
