64 4
29 39 20 17
37 27 32 46
94 53 34 86
26 64 60 72
33 14 8 7
73 8 9 18
61 20 53 84
93 81 23 19
55 23 55 72
37 56 8 42
62 59 14 36
34 38 40 49
34 37 23 100
55 29 35 89
33 74 34 96
51 88 31 12
90 3 96 73
11 98 27 70
100 66 45 38
49 12 4 39
75 80 31 87
98 10 24 15
60 25 73 49
81 46 98 34
48 31 37 60
97 17 55 20
89 95 18 36
59 12 28 71
93 91 83 81
26 68 49 88
60 38 34 43
70 15 64 26
90 51 15 82
41 13 80 82
55 90 70 54
84 67 79 36
38 1 100 100
63 23 81 61
39 64 55 56
5 26 58 94
93 54 73 2
14 57 19 72
76 78 73 29
77 13 14 50
47 35 14 15
34 27 13 13
12 77 46 14
4 17 99 4
83 22 96 92
56 23 76 32
11 73 42 72
56 18 16 98
5 30 96 3
25 8 28 52
46 99 59 52
86 90 64 52
1 53 7 69
38 53 78 36
67 9 66 44
38 90 22 19
10 48 54 54
93 26 100 82
91 7 87 51
67 22 21 24
