75 20
24 95 53 23 71 27 72 87 49 95 95 49 24 90 79 73 83 66 72 97
38 10 23 30 96 9 22 26 54 21 68 14 49 23 11 93 76 59 80 88
79 7 18 91 88 97 2 92 84 40 69 91 83 18 14 6 36 67 81 61
14 81 64 13 24 53 89 100 48 81 52 24 93 82 51 86 67 40 23 60
14 71 93 62 55 32 5 36 74 73 77 21 18 25 29 4 7 96 42 38
69 65 96 27 14 41 49 48 6 15 15 82 84 20 97 12 12 25 60 22
35 75 19 12 2 34 45 9 27 89 18 46 12 25 33 98 33 31 68 43
69 91 29 60 7 67 28 52 39 17 88 95 46 48 38 24 90 64 35 47
51 91 66 80 33 47 26 67 47 89 89 17 3 44 29 63 4 15 62 50
100 63 76 55 41 93 30 64 58 46 100 70 17 87 57 12 8 59 52 68
56 11 87 68 14 89 24 96 24 29 3 82 82 28 89 30 50 29 20 15
1 48 23 62 95 85 59 62 68 30 97 27 96 44 66 75 88 87 97 22
30 28 84 44 27 83 2 84 15 73 59 51 36 83 92 39 94 48 36 66
31 99 95 10 71 33 95 98 2 2 48 40 13 89 32 48 93 41 71 45
6 92 27 23 31 3 79 85 94 100 45 44 31 19 53 8 24 9 65 12
52 69 86 84 68 79 68 18 61 21 28 6 99 83 64 31 42 67 65 13
75 54 73 28 25 78 64 48 32 97 64 11 53 4 30 85 32 59 42 98
95 52 50 61 12 98 75 27 76 40 77 69 57 14 33 2 57 7 23 92
79 76 12 70 39 60 12 3 5 8 100 45 15 33 60 67 24 12 55 7
31 29 83 34 27 7 67 99 86 79 78 95 13 51 18 77 100 97 8 1
63 35 14 97 60 73 58 49 22 58 33 87 85 15 36 85 42 18 45 65
29 69 50 81 58 17 57 41 41 50 75 41 46 68 51 11 55 88 89 97
63 59 28 31 7 22 27 64 98 90 67 97 91 98 5 6 38 59 30 12
26 60 44 82 1 30 7 92 80 65 44 33 39 64 88 83 53 9 96 17
59 88 91 76 90 94 94 26 44 89 31 31 3 10 28 16 10 98 74 58
31 5 55 43 78 44 89 8 94 13 60 82 57 36 39 92 35 88 2 93
9 38 86 14 35 89 14 68 59 7 69 47 96 75 71 81 79 28 4 12
60 45 78 1 63 81 95 59 53 88 99 59 33 31 47 66 80 29 2 60
68 50 38 10 43 88 15 34 79 3 100 24 29 53 58 81 19 96 1 68
62 11 100 13 20 83 60 1 76 33 40 13 99 10 92 10 31 95 55 85
15 79 69 85 2 99 53 26 99 8 63 27 60 45 61 1 41 67 35 21
52 13 49 51 43 96 32 1 37 89 8 84 93 21 36 86 67 45 22 71
84 2 16 59 68 53 87 8 74 78 76 72 52 54 32 27 99 72 24 46
93 38 28 14 93 23 84 98 96 99 41 90 89 57 89 6 94 72 57 83
65 69 77 20 75 16 69 91 36 25 59 93 15 81 90 23 97 1 25 11
80 6 62 50 36 6 37 19 30 46 99 40 63 20 36 76 43 66 17 65
58 36 94 2 39 67 39 23 87 26 100 96 68 54 82 51 43 72 12 38
91 58 82 57 20 30 5 3 94 13 79 95 37 40 40 21 56 83 37 30
52 95 76 4 24 70 8 94 8 40 26 15 10 36 21 49 91 23 66 47
21 69 3 67 84 66 77 42 75 58 19 53 81 96 85 73 68 22 29 77
21 14 56 18 40 45 44 23 70 85 97 99 68 57 14 96 49 29 77 9
60 63 70 2 67 72 15 54 4 88 7 29 82 89 69 99 87 25 24 61
83 53 69 67 34 5 15 25 10 74 5 46 27 7 16 54 9 59 23 11
24 82 21 18 93 54 30 91 75 91 8 34 63 94 51 11 5 86 22 72
24 97 24 30 44 10 63 85 37 50 20 28 7 28 56 69 60 52 97 40
54 96 24 18 10 26 1 3 19 8 95 80 47 57 23 15 34 27 63 36
57 61 51 37 18 91 46 12 89 52 25 79 18 35 80 21 63 61 14 67
33 90 39 25 70 30 84 6 39 58 74 77 7 99 51 50 73 42 66 41
58 13 95 89 56 45 93 47 96 36 3 39 91 57 69 19 23 25 57 92
21 76 6 50 28 29 20 64 12 94 40 46 47 84 49 96 4 69 58 36
19 11 18 40 93 8 14 70 72 2 14 43 61 29 43 57 99 38 82 89
91 99 1 21 74 72 26 14 22 24 84 56 13 1 30 40 86 16 13 18
86 44 21 45 26 36 79 36 6 39 30 18 53 16 60 88 94 75 58 2
86 2 86 79 94 83 75 88 44 29 82 72 69 64 12 65 74 26 24 22
95 36 43 64 63 14 41 5 62 46 73 35 95 66 64 5 18 20 86 89
89 34 17 34 97 94 10 86 11 35 29 83 59 20 33 49 5 100 76 59
71 99 28 39 35 89 90 35 73 1 18 21 30 91 59 45 13 89 36 42
62 70 59 50 54 43 73 15 47 23 14 38 17 2 39 53 40 50 53 3
50 37 27 86 99 37 59 74 35 33 37 80 79 15 89 93 8 15 98 16
81 7 10 94 36 82 84 33 35 38 48 38 14 69 26 95 43 16 13 23
77 31 21 64 58 95 71 7 53 65 68 94 83 79 69 47 59 56 37 19
63 12 19 41 65 89 26 47 68 43 30 94 28 11 61 42 55 74 5 24
20 52 76 100 12 43 34 13 64 100 65 63 90 73 87 38 71 80 31 52
60 43 61 53 79 28 87 6 9 23 100 72 50 86 5 37 21 80 33 76
89 77 33 69 30 33 51 95 4 18 74 5 96 48 38 34 24 23 30 68
14 23 11 80 15 39 35 27 78 6 34 84 47 11 63 21 88 71 19 71
39 5 45 50 72 61 70 67 93 99 7 20 48 57 71 74 59 40 42 69
3 12 54 53 85 47 78 87 84 12 16 26 21 94 39 11 35 30 44 18
52 49 4 6 11 22 23 47 94 41 27 79 7 67 16 96 25 89 87 83
30 19 5 51 66 100 1 64 23 8 24 82 39 53 64 83 57 18 55 59
71 49 89 89 84 10 60 23 85 32 36 9 54 65 66 40 90 29 13 97
54 23 55 55 90 50 95 89 57 52 35 67 76 64 21 15 16 90 67 15
59 61 60 78 71 93 55 16 17 41 46 50 37 74 23 29 51 72 98 13
2 72 76 25 31 12 74 54 36 59 32 81 5 84 91 20 50 24 5 99
34 21 100 11 68 38 63 32 1 72 100 28 5 72 33 91 97 6 32 84
