62 100
75 24 17 10 18 59 42 42 32 24 33 33 25 38 48 38 85 81 45 52 94 63 49 46 56 29 46 8 7 82 41 17 70 92 56 46 35 14 8 62 23 18 46 30 39 80 43 59 75 47 76 6 54 75 7 19 82 38 16 1 42 78 7 13 81 91 38 13 97 21 1 67 83 97 64 9 97 69 53 43 73 60 83 95 64 91 22 25 7 5 19 16 8 81 74 67 64 9 51 75
12 88 30 92 66 21 95 66 65 55 32 6 60 77 84 13 78 7 92 56 26 4 83 96 5 53 79 96 20 6 18 85 48 36 23 46 39 50 18 20 41 12 61 3 23 84 76 37 79 71 5 39 75 13 72 6 58 76 42 95 60 66 1 87 34 67 60 76 47 76 50 52 81 58 72 99 98 39 18 42 76 43 3 42 7 6 54 38 90 76 7 65 9 45 30 12 61 34 76 7
44 23 43 97 35 99 49 97 98 25 44 54 7 100 44 10 49 57 32 3 17 63 34 46 2 95 38 85 82 74 25 2 33 16 17 80 21 49 63 74 14 29 88 61 39 68 78 27 5 73 11 9 48 96 2 53 51 68 96 89 43 33 45 66 91 9 100 84 11 10 40 17 14 69 55 72 32 57 71 85 64 57 72 50 90 82 49 75 48 49 10 61 86 48 33 43 76 55 83 18
7 65 22 19 78 28 21 23 11 21 8 46 84 15 56 11 11 15 93 75 98 84 90 64 15 100 64 52 55 11 68 78 43 78 6 12 67 22 62 37 59 70 28 53 44 50 82 71 4 30 43 90 80 59 49 19 60 52 76 54 8 59 85 55 10 29 12 3 84 99 94 63 20 23 61 52 25 62 37 27 60 19 90 63 86 52 35 70 15 83 51 48 60 21 75 26 29 82 7 41
42 7 100 40 35 51 17 27 25 19 8 6 31 82 16 47 89 45 68 52 35 91 31 7 46 11 78 94 83 81 17 81 36 22 1 33 6 8 29 44 87 89 88 90 97 75 87 34 36 48 4 21 69 51 74 14 82 79 69 88 48 86 16 84 70 92 53 61 64 29 49 32 63 4 5 51 31 98 24 23 87 7 66 62 92 23 25 90 93 7 98 91 28 9 1 53 92 93 52 37
66 66 49 5 86 61 59 51 36 3 31 87 47 97 52 15 12 51 83 67 81 9 79 80 92 6 56 33 31 70 26 61 98 51 88 11 63 22 50 11 76 22 36 41 34 62 24 44 61 91 66 44 97 32 33 50 67 53 49 75 58 93 74 92 7 32 44 42 51 84 49 10 44 72 83 38 75 41 18 35 68 83 12 2 98 52 16 94 9 39 35 36 57 8 1 15 70 77 47 25
12 76 65 81 59 47 71 73 75 76 72 67 56 51 46 56 58 49 19 92 71 2 91 16 25 85 12 69 89 62 50 100 60 24 42 83 38 65 53 51 88 6 61 10 10 31 80 67 92 31 8 47 28 32 77 54 65 30 48 51 98 19 57 80 15 86 28 34 87 84 33 79 5 3 60 57 9 11 10 98 29 74 13 88 24 63 9 63 97 81 24 84 57 93 91 17 11 88 39 38
48 18 3 10 71 36 50 91 93 28 19 58 39 86 71 66 60 49 55 98 86 8 87 13 53 42 98 38 26 88 62 28 85 57 75 100 68 75 83 84 98 32 81 26 9 39 18 26 99 56 71 20 35 78 56 42 70 43 72 44 84 41 55 24 92 15 12 80 26 89 79 6 89 57 50 23 32 74 98 31 33 38 28 96 100 94 84 30 84 57 98 42 51 3 44 73 27 47 99 59
57 10 25 74 57 85 71 45 82 93 54 42 15 58 55 39 10 90 99 93 4 86 80 49 41 26 58 76 37 92 40 12 76 39 51 39 54 50 71 59 78 1 35 39 60 64 68 29 40 29 61 76 61 24 74 84 9 29 96 60 3 76 59 96 83 74 83 67 97 30 36 10 48 35 26 25 76 20 31 57 78 79 34 75 51 74 55 48 28 2 96 10 32 70 32 70 86 81 22 86
61 23 68 81 69 93 80 33 67 74 100 88 88 68 17 81 66 23 21 9 40 24 28 66 56 58 91 3 74 54 4 49 50 8 57 61 92 45 88 14 2 18 46 61 79 92 83 39 23 77 18 10 8 16 69 27 7 80 51 71 78 23 100 64 96 45 9 49 81 90 77 45 4 32 30 21 74 47 72 21 70 19 51 40 65 56 31 13 10 52 81 89 74 15 20 30 96 78 89 86
13 91 10 61 30 40 32 87 6 94 60 54 13 17 7 54 29 61 30 41 48 43 5 13 18 89 74 4 69 30 76 48 7 46 20 87 95 18 16 88 49 23 95 90 90 87 64 21 55 43 82 79 38 35 67 8 11 7 11 65 100 11 8 90 95 86 79 70 47 58 38 24 61 95 92 6 96 29 12 80 51 83 42 22 86 93 26 46 97 92 83 54 68 13 39 73 21 71 59 87
54 65 33 2 10 67 36 66 60 91 37 80 98 23 3 55 98 66 100 71 30 100 10 63 77 70 10 96 6 97 68 66 89 29 63 38 6 93 87 29 100 69 5 41 23 9 57 53 6 48 23 1 12 87 83 11 95 7 81 4 49 88 53 94 11 19 38 89 71 99 1 76 66 75 36 58 98 15 4 49 100 21 84 67 90 9 63 42 55 60 68 76 63 4 96 16 44 92 23 19
77 3 74 78 34 74 72 35 40 83 76 67 70 11 91 31 52 18 14 58 44 81 70 37 67 69 83 67 41 47 69 63 66 59 6 64 43 4 39 81 44 87 76 54 100 96 71 70 35 2 36 12 82 39 9 50 65 7 35 76 49 35 82 2 32 86 96 54 25 63 87 16 82 33 46 15 32 66 42 31 18 46 33 90 50 84 91 88 33 6 43 22 8 26 52 52 42 67 85 23
8 89 46 27 7 60 28 77 72 99 34 70 62 32 77 96 23 50 9 27 64 55 37 82 22 67 56 8 45 88 13 8 49 40 37 83 46 4 35 60 88 50 36 85 65 77 11 26 37 15 10 86 57 40 47 88 24 22 94 34 64 64 92 32 31 90 67 56 7 69 50 10 42 91 56 77 45 30 48 67 25 49 28 26 60 47 74 59 38 6 14 71 71 75 69 44 66 61 62 57
42 23 59 25 56 46 54 25 94 37 72 95 78 27 13 46 30 26 22 76 50 49 52 3 15 69 30 83 94 56 100 74 16 2 84 97 49 83 41 47 14 48 67 47 52 44 7 87 70 63 67 74 46 30 67 49 18 58 93 14 52 94 82 36 36 2 87 7 34 22 87 67 23 37 89 79 28 14 100 64 28 72 84 82 33 74 1 38 90 54 15 88 36 45 92 11 23 59 58 27
85 99 10 54 13 86 97 10 85 96 73 98 29 35 87 83 51 91 84 41 11 2 92 86 68 60 70 74 7 69 65 88 72 98 83 12 22 70 84 77 59 98 89 21 76 35 26 54 33 74 96 35 8 8 52 8 38 7 7 74 98 29 10 11 59 51 98 56 68 97 18 11 86 44 2 100 85 48 54 90 74 95 43 4 53 17 94 13 57 98 49 71 52 33 95 71 37 43 34 7
78 75 31 69 27 74 82 80 16 54 95 52 31 15 80 71 98 2 23 17 2 1 58 92 32 78 66 73 94 100 25 60 93 11 63 27 5 12 86 80 74 96 40 84 18 68 14 4 4 69 43 98 11 60 55 77 82 25 29 72 78 39 21 84 60 79 85 20 5 95 94 89 74 20 19 25 85 43 42 9 10 92 66 13 14 40 8 71 58 96 100 21 98 89 27 91 79 83 79 76
5 77 2 42 45 34 98 68 4 45 44 31 68 5 68 57 7 51 44 62 60 53 97 23 93 24 3 28 86 93 55 44 47 59 61 44 26 76 78 100 77 93 56 25 75 14 64 40 77 54 5 73 33 19 7 48 95 42 24 55 70 78 30 68 67 62 9 10 33 87 31 30 34 18 65 52 38 86 76 62 72 58 21 9 1 81 17 77 33 50 92 69 26 6 60 75 60 16 68 93
62 7 1 58 35 74 13 83 41 56 90 88 72 53 77 41 62 29 24 60 93 40 21 78 63 13 64 58 54 74 83 89 54 9 63 75 30 92 26 24 16 26 63 66 82 17 77 86 66 18 56 33 30 83 16 25 99 64 39 61 33 33 81 33 60 59 67 93 69 88 53 27 40 59 91 71 36 68 41 99 100 100 13 19 85 73 1 99 100 57 14 87 45 40 48 2 76 94 95 21
95 89 26 82 64 55 5 68 97 48 80 45 69 59 62 39 100 77 20 28 42 90 87 96 3 58 86 11 11 51 4 87 77 45 100 18 21 10 39 48 54 44 24 60 52 15 13 33 42 19 36 11 43 93 26 9 43 33 17 85 16 28 49 10 82 83 81 77 54 20 63 56 93 92 87 55 73 16 72 32 76 99 98 24 5 28 5 66 95 60 83 23 23 59 92 35 2 47 95 3
83 81 50 63 61 75 74 15 36 78 84 92 25 5 79 52 35 90 98 66 57 47 13 30 41 75 63 61 61 30 23 16 40 86 80 98 31 31 36 31 90 50 64 26 9 1 97 83 26 2 51 34 48 86 22 18 57 40 28 81 8 6 29 75 38 93 28 45 74 75 87 72 94 42 66 38 40 8 64 48 73 62 46 81 53 53 80 74 67 49 57 79 86 100 100 16 32 27 16 79
54 39 17 77 84 3 76 23 95 20 10 20 56 57 32 80 15 4 73 90 51 100 22 58 71 52 42 80 54 49 26 69 95 39 44 59 77 10 20 98 77 86 81 74 32 79 32 26 10 11 10 72 30 84 69 82 28 19 45 15 17 13 15 70 54 4 34 10 68 5 56 7 86 71 46 31 99 84 36 4 70 62 19 57 35 29 73 8 88 35 90 12 12 41 43 31 10 12 7 21
93 34 85 81 47 85 97 18 72 92 6 58 60 29 80 64 79 27 85 12 7 90 41 100 71 19 6 55 8 60 41 96 37 35 70 76 47 58 38 36 40 91 3 87 3 29 60 47 49 3 58 97 70 18 82 50 43 37 67 39 86 56 26 12 95 50 53 41 70 33 33 57 73 33 31 84 51 64 81 70 81 79 12 88 92 5 52 7 83 78 96 3 10 29 12 89 39 86 36 48
29 33 61 32 82 71 58 28 85 20 49 6 19 76 38 37 13 82 9 90 95 93 99 90 8 17 29 14 54 79 32 24 59 68 92 14 27 55 55 60 80 59 57 99 20 18 34 15 38 1 95 56 60 68 49 100 2 82 66 88 3 68 53 90 28 97 44 34 45 34 4 7 4 67 84 100 87 58 94 22 30 57 75 9 69 50 90 58 10 59 62 51 58 55 83 21 100 56 94 29
47 57 79 58 26 38 100 70 64 46 23 47 49 68 1 52 58 87 5 48 44 71 11 14 7 43 5 86 64 1 65 10 29 38 65 89 69 54 87 8 44 36 89 34 47 93 8 1 43 59 44 74 78 24 91 97 79 32 77 40 71 36 7 94 60 91 46 3 21 42 19 23 62 10 68 54 9 12 86 46 17 46 93 66 46 69 67 97 49 90 25 68 34 81 18 9 23 26 13 57
99 14 22 94 66 86 68 68 78 85 13 80 51 60 77 79 79 10 27 82 38 14 42 74 28 4 51 50 10 89 24 34 46 62 9 78 49 43 4 59 91 89 50 42 62 78 24 91 2 94 7 59 77 2 96 21 89 21 14 93 94 91 73 7 34 29 75 39 14 96 93 36 51 82 13 74 8 42 61 2 34 27 35 13 6 19 18 30 13 68 99 20 90 72 93 7 31 73 42 44
9 59 87 99 82 5 74 60 31 93 90 5 55 20 86 100 49 58 50 12 93 25 50 16 94 40 84 55 30 34 80 5 27 43 10 35 76 14 84 25 79 8 45 52 41 6 93 50 39 49 98 68 16 57 34 12 78 3 50 62 90 34 14 8 74 92 22 60 18 82 56 37 14 57 35 82 97 31 8 38 83 85 39 57 30 10 68 10 95 1 66 97 60 10 88 74 33 82 82 43
51 63 83 99 78 14 100 92 86 92 35 38 5 91 89 28 12 14 60 50 4 70 77 56 54 18 66 74 29 89 59 48 51 27 46 60 87 81 88 38 5 65 30 39 6 94 95 89 33 11 66 53 14 14 96 18 78 58 99 78 4 53 22 58 87 92 48 39 71 64 10 30 72 79 4 68 29 49 15 3 93 31 30 43 76 37 73 28 4 83 25 66 9 15 72 18 54 28 44 65
4 30 56 7 5 76 54 90 98 46 3 26 85 81 19 83 54 39 28 81 58 27 66 27 36 13 56 92 12 18 73 5 73 46 12 95 16 82 32 48 13 8 20 36 32 52 14 46 56 56 51 34 2 40 99 89 62 52 49 7 46 25 64 4 7 82 3 11 75 35 6 91 55 87 94 34 18 86 56 79 35 21 68 34 88 84 88 87 2 36 66 7 38 35 97 78 49 1 88 30
52 61 32 74 79 3 61 83 88 38 98 35 54 96 8 82 98 9 48 98 56 34 92 1 31 75 72 50 51 35 69 17 75 62 21 94 90 76 20 64 48 80 55 41 25 15 39 42 74 78 17 5 29 80 47 17 94 25 77 85 46 48 44 63 66 28 35 55 67 22 13 88 1 32 54 66 33 72 61 29 88 2 81 65 76 8 23 6 29 49 51 54 76 68 51 45 79 94 56 100
34 25 46 17 8 98 78 85 77 65 82 19 38 75 53 77 25 17 11 49 59 87 87 38 31 59 96 70 25 80 53 82 95 1 100 8 95 94 64 48 1 21 73 46 86 8 25 78 21 6 45 77 77 35 65 88 75 46 24 31 81 86 81 92 99 62 23 8 81 56 36 44 94 31 83 63 19 93 48 84 15 5 55 51 61 2 17 65 19 23 14 80 50 28 18 99 37 24 66 85
78 1 2 71 55 57 93 89 90 70 56 46 75 77 46 19 93 10 31 36 51 47 16 60 60 6 54 74 14 32 51 37 99 59 57 33 28 22 52 26 73 63 3 56 42 50 90 52 13 32 42 11 39 43 16 35 71 68 75 66 12 96 100 13 43 11 51 9 69 82 51 66 79 12 98 20 38 52 30 82 51 25 80 3 96 1 3 67 72 10 79 62 93 62 78 56 79 90 86 84
47 29 45 66 73 38 1 75 98 43 80 99 42 59 87 70 9 43 37 66 10 12 54 92 61 36 13 32 97 38 83 54 41 15 61 2 53 75 28 40 63 15 86 76 71 56 28 76 82 55 46 4 30 34 10 57 98 96 73 97 19 85 50 82 40 28 32 37 74 12 78 37 91 24 69 52 59 82 22 56 60 59 29 46 2 89 37 3 34 81 61 100 29 5 50 44 47 20 22 32
56 17 73 62 49 62 49 84 87 23 7 91 34 74 55 75 92 67 53 46 76 30 50 45 37 28 29 90 42 12 71 34 80 7 19 88 13 18 54 59 95 14 41 97 40 47 97 36 64 78 20 9 41 49 52 27 49 25 89 73 81 18 82 16 21 12 41 59 44 78 75 47 21 34 34 1 58 100 93 65 36 44 95 61 24 41 79 99 64 88 83 92 69 23 1 73 83 18 55 94
9 63 46 48 95 85 83 3 13 80 55 17 62 7 49 38 65 42 47 36 47 56 19 48 21 8 38 26 63 88 92 86 52 26 1 51 76 78 39 76 76 67 65 9 54 54 44 87 53 56 8 75 85 83 57 20 93 87 78 19 20 65 74 34 34 17 77 68 53 77 73 36 64 77 41 12 18 56 22 96 14 15 85 40 98 76 44 58 26 74 5 19 42 15 3 79 22 22 13 34
73 94 40 70 32 54 37 59 56 99 52 26 26 87 3 10 30 51 46 22 67 80 42 86 14 13 40 4 64 87 55 78 48 21 18 75 88 10 7 2 31 54 86 45 9 36 58 25 58 45 49 45 76 16 15 2 42 87 97 30 21 30 49 51 82 70 1 86 12 90 47 51 68 69 28 96 26 94 82 50 17 40 94 67 26 60 50 72 37 13 73 53 28 98 81 26 8 66 73 48
33 36 55 45 54 44 70 28 53 26 42 37 72 5 73 67 31 87 80 95 28 79 86 44 33 35 33 39 89 47 4 45 58 21 93 6 1 31 23 65 78 58 44 65 45 20 97 34 22 37 73 93 45 61 74 11 65 21 29 9 13 6 49 100 67 90 3 19 53 58 20 69 34 20 62 67 26 18 100 63 36 18 100 74 43 15 62 8 58 100 31 85 65 80 83 81 25 13 19 23
47 73 45 83 32 70 73 70 63 9 32 91 91 70 3 11 42 77 26 24 67 48 65 38 92 91 67 94 71 96 86 51 82 40 2 81 92 70 25 23 98 59 66 94 50 29 56 96 55 35 34 62 81 41 33 28 99 9 85 16 89 9 15 22 51 68 15 52 15 42 34 66 37 10 94 87 54 67 76 44 21 26 65 92 10 19 1 9 88 52 69 6 76 58 24 85 8 19 27 87
80 80 23 30 12 56 59 62 85 52 79 31 77 32 61 94 1 22 42 23 57 22 42 53 71 42 95 40 71 34 3 23 75 71 45 4 17 39 27 20 9 88 85 55 17 23 8 57 86 90 31 2 97 70 78 64 62 65 17 82 16 74 27 99 68 2 65 31 74 85 48 97 2 40 50 38 3 81 19 77 70 60 46 71 29 59 71 13 46 90 50 95 17 9 35 64 40 63 40 15
2 1 27 40 15 42 1 60 55 4 22 21 4 70 69 45 32 7 2 16 97 19 54 53 40 33 15 41 15 73 41 50 78 75 20 2 12 59 67 90 19 38 100 66 21 54 49 98 50 77 71 30 70 83 93 89 17 81 78 27 59 84 35 86 9 79 71 78 69 88 80 55 5 49 59 95 91 14 10 87 88 13 97 55 94 46 34 58 34 8 54 58 22 12 61 63 95 33 11 37
75 59 44 9 52 48 17 33 36 84 40 70 76 47 22 26 83 68 14 41 45 52 25 45 59 9 28 14 69 41 21 87 60 2 63 57 25 27 51 43 19 30 67 55 9 19 72 92 20 82 9 41 29 64 92 9 10 23 16 95 85 87 74 43 3 76 12 1 51 97 25 66 85 50 54 78 8 25 92 5 41 10 27 20 63 44 10 5 88 35 5 17 65 39 56 62 89 9 4 97
86 52 18 14 17 75 2 29 91 6 50 91 55 13 16 62 14 44 57 2 52 23 15 53 89 13 11 75 88 92 87 25 79 31 68 6 83 1 79 59 1 84 29 85 85 51 91 45 46 28 91 39 75 36 65 30 32 10 69 87 43 51 45 55 76 59 61 2 92 55 61 6 46 68 71 61 32 81 6 34 87 44 98 97 3 51 80 65 98 40 44 77 11 9 66 18 83 74 6 72
99 99 88 67 59 15 98 4 38 25 83 51 22 88 8 99 98 10 56 1 51 36 6 62 91 22 41 64 36 29 63 89 4 28 39 29 3 91 59 33 97 73 15 48 34 8 9 6 100 23 57 3 52 43 9 37 31 78 64 37 30 64 48 72 15 99 31 72 34 54 50 80 9 43 29 93 68 33 11 54 55 32 15 30 88 56 93 35 51 97 65 39 21 63 92 7 93 34 16 98
73 70 55 83 84 93 27 49 58 69 40 86 29 79 1 96 75 82 56 64 24 32 77 91 97 63 53 26 33 26 82 65 31 25 81 20 16 38 7 36 6 78 10 87 93 67 89 70 26 51 44 39 61 1 71 44 3 78 1 34 51 63 21 89 52 85 18 7 8 30 78 31 76 2 87 48 32 36 21 82 43 2 59 49 87 89 21 67 82 10 97 75 36 33 29 79 37 100 8 73
5 84 44 2 18 31 24 34 41 22 46 52 97 58 19 89 4 76 69 59 38 5 21 68 23 57 1 67 85 69 52 18 66 54 53 72 54 3 28 85 28 96 43 55 81 93 1 32 62 15 61 6 68 97 72 6 93 85 6 72 88 4 30 13 95 51 85 58 27 76 93 80 78 60 34 28 85 30 96 53 53 84 47 84 31 29 72 56 100 3 48 42 66 69 81 74 40 55 23 99
14 53 29 71 21 81 41 59 28 69 54 37 79 97 43 62 83 64 23 59 50 61 3 15 4 8 63 23 62 14 88 24 46 53 37 23 100 60 89 63 23 66 5 44 90 65 43 100 72 48 86 94 23 77 78 80 9 49 82 89 96 5 4 88 55 78 69 68 68 59 6 80 77 89 2 73 14 99 1 45 75 40 41 54 77 98 23 60 22 100 71 43 95 38 31 36 66 47 97 17
55 47 92 7 26 87 21 96 53 77 15 6 99 80 83 99 18 36 20 93 41 89 78 59 50 90 65 68 30 92 13 19 4 16 15 32 34 62 18 63 93 42 15 10 77 28 34 32 25 6 22 79 96 89 71 57 1 69 41 11 95 97 60 29 3 67 78 30 26 27 41 59 93 66 2 82 36 56 64 97 27 86 85 75 43 54 73 94 64 84 93 82 5 58 71 48 85 90 90 38
57 14 53 47 62 57 47 98 100 88 30 80 95 87 100 61 65 93 61 70 36 5 95 20 97 55 98 12 61 15 63 80 75 4 75 97 83 87 60 93 53 29 44 38 77 85 1 40 74 27 96 24 88 6 56 58 34 53 77 100 83 32 9 39 89 91 43 85 16 96 15 95 8 29 38 38 1 88 50 9 46 22 23 1 40 57 87 15 44 94 100 65 88 67 80 23 70 53 85 60
37 52 61 21 40 61 27 18 40 72 16 51 14 68 49 24 21 96 38 4 84 39 42 34 19 10 95 61 18 85 77 82 31 91 82 11 18 41 17 94 45 42 39 43 77 32 25 54 37 58 27 96 1 65 36 40 32 19 12 77 62 94 82 14 61 17 30 64 4 38 30 51 45 72 59 20 91 61 26 26 43 43 75 84 40 62 30 58 64 81 57 14 89 6 53 96 35 31 96 69
24 98 43 21 46 31 55 3 44 25 13 49 100 18 74 52 7 40 96 5 58 16 27 9 83 28 95 42 6 95 6 38 66 91 52 35 66 24 40 76 17 71 66 7 86 49 20 7 36 85 90 68 38 44 53 21 56 48 29 70 73 78 54 74 8 28 8 6 69 85 3 10 53 95 53 55 20 35 9 50 22 39 19 44 8 85 73 35 81 38 34 8 77 9 9 5 64 72 13 49
61 52 26 33 89 9 62 94 35 4 8 68 58 21 49 5 81 87 57 58 61 54 41 25 4 19 39 48 1 69 89 89 64 23 1 67 56 77 96 27 38 88 54 42 59 67 26 26 48 70 50 23 93 96 29 28 56 3 15 15 56 46 45 57 74 64 58 53 50 75 16 67 17 48 23 44 73 96 87 28 14 46 96 18 64 84 71 2 40 87 15 1 52 47 45 26 33 74 91 62
23 63 38 33 40 42 91 33 9 10 55 34 57 31 11 90 30 50 23 3 81 34 13 99 45 96 68 40 63 48 1 16 28 49 58 54 16 99 70 93 2 24 4 81 39 74 11 8 71 14 61 62 10 67 94 20 87 69 84 54 59 20 24 99 76 26 96 61 36 75 43 37 48 38 28 4 32 49 19 67 28 73 12 16 39 12 42 5 23 22 15 28 2 81 100 84 72 96 91 99
64 31 63 29 75 100 45 56 82 5 92 20 72 73 26 76 57 92 45 46 24 27 34 64 11 27 5 67 82 52 37 48 81 85 55 60 4 7 85 20 51 83 59 74 35 11 73 63 30 63 58 98 27 40 37 35 18 18 18 3 72 31 76 31 10 63 8 79 14 37 72 29 11 93 49 30 10 36 6 69 73 81 78 1 59 29 4 92 3 78 21 69 66 83 41 13 83 51 21 21
85 19 12 51 44 45 97 44 52 38 1 29 75 30 2 92 80 83 2 25 87 31 100 68 78 82 15 29 17 3 57 51 86 29 67 29 80 10 74 63 9 63 86 15 38 99 27 27 6 68 53 62 37 69 44 93 26 43 40 92 99 38 19 21 52 28 83 80 59 95 51 91 26 70 40 44 77 38 60 53 54 2 95 76 66 81 8 27 49 65 70 53 33 72 76 74 43 22 94 95
63 6 5 26 10 98 100 72 80 32 40 11 63 83 89 79 96 85 26 11 20 66 51 73 68 88 40 78 48 5 53 75 90 46 52 85 25 41 86 94 52 30 42 29 37 61 15 22 65 38 24 9 66 45 13 84 26 72 87 27 86 47 31 24 79 51 72 47 36 2 6 47 8 46 47 61 9 66 40 66 17 57 39 44 15 14 72 93 46 3 96 30 33 70 58 89 51 57 84 9
65 37 84 43 40 29 3 18 70 44 82 42 42 60 7 93 56 69 34 81 9 61 89 34 66 13 44 22 1 64 45 98 31 50 3 65 85 60 62 66 76 58 47 59 78 65 4 27 67 22 53 71 41 26 16 28 52 28 22 20 5 40 48 96 11 61 61 73 58 82 48 34 7 52 28 32 41 55 37 75 63 33 75 24 81 43 2 7 19 51 44 51 15 49 87 40 15 70 12 32
19 6 52 1 44 17 37 82 85 77 24 84 13 14 26 43 9 22 7 9 28 65 50 22 64 24 26 29 46 29 29 50 9 10 67 8 22 99 5 73 84 13 79 67 51 21 58 73 22 72 27 6 61 4 64 18 27 59 3 47 100 39 4 74 75 37 61 86 78 53 86 8 85 74 55 19 72 63 73 98 91 70 97 24 5 51 97 62 92 51 52 8 70 46 16 57 45 59 34 24
71 88 82 63 17 40 8 65 64 62 26 9 1 22 18 76 97 39 14 19 92 29 19 45 43 15 31 30 59 52 58 97 25 90 86 24 15 87 66 85 80 23 92 70 10 33 30 40 43 10 67 93 70 51 78 85 100 27 99 26 2 20 4 10 24 64 74 48 63 27 56 50 99 3 100 90 28 44 9 12 42 29 60 95 14 11 10 10 83 76 61 24 1 35 54 23 81 66 46 2
21 100 11 21 93 36 66 81 7 26 67 80 54 8 17 46 25 67 66 92 66 76 41 73 33 1 18 51 71 64 17 92 98 14 67 17 99 76 90 30 73 46 52 55 32 40 49 73 14 9 100 64 13 17 50 33 81 54 81 3 94 43 61 98 41 9 96 47 80 57 59 66 68 42 51 9 95 67 17 8 37 28 2 46 86 77 86 99 41 62 31 42 51 69 96 9 15 58 6 78
60 29 51 25 47 49 49 35 19 83 9 61 31 44 65 85 7 47 99 44 21 94 55 93 97 28 3 85 90 31 40 35 28 91 24 14 71 99 74 49 45 26 25 46 71 44 53 82 59 99 94 83 10 80 15 67 52 14 78 29 20 65 16 98 63 59 91 17 51 23 54 94 4 54 89 87 17 82 98 64 55 25 95 1 3 54 73 1 1 77 68 18 69 65 16 6 73 29 56 91
71 55 16 35 28 69 76 45 37 77 67 48 2 60 46 93 44 46 94 23 83 80 79 67 75 61 61 88 98 13 2 36 31 58 66 27 6 97 84 60 80 45 38 10 100 94 42 60 54 86 81 16 70 66 65 1 60 91 75 63 71 7 71 55 8 61 70 51 89 37 27 7 1 38 81 13 45 62 69 78 96 68 40 57 63 33 35 51 88 85 85 44 15 23 89 61 21 58 5 10
57 9 42 38 73 37 77 13 30 17 93 62 82 22 14 45 21 88 85 90 33 9 89 62 23 85 69 73 71 78 79 33 87 81 17 15 74 88 74 91 74 57 39 37 1 75 78 69 32 91 62 30 17 94 53 78 42 69 11 52 69 45 39 72 45 69 59 68 67 40 23 51 90 35 82 98 52 82 49 76 48 82 72 58 71 36 46 39 84 99 98 66 3 20 3 2 98 5 65 5
