69 95
5 94 100 98 64 17 37 87 54 40 3 64 67 3 68 56 34 69 94 39 80 27 31 85 97 66 3 90 49 61 10 2 78 23 74 88 96 95 25 88 45 98 79 33 27 23 23 19 14 48 72 97 38 23 42 38 44 37 52 50 96 44 32 31 87 4 89 85 26 64 20 81 75 62 67 100 55 46 74 4 55 51 71 31 54 49 67 100 7 64 97 6 11 10 34
10 34 67 22 13 66 50 98 86 72 41 2 80 2 41 6 15 41 91 47 96 44 42 55 50 13 89 69 88 70 24 89 84 82 6 40 96 9 66 79 3 97 43 17 46 38 95 46 33 53 15 49 12 8 24 30 41 21 58 57 83 65 1 9 72 63 91 68 51 61 76 58 45 40 15 60 1 46 22 27 85 37 45 45 59 99 71 55 8 93 17 8 8 4 43
13 38 4 56 58 21 15 35 67 99 62 43 74 9 90 44 88 39 38 99 30 14 79 45 3 59 16 19 95 42 43 36 61 62 3 41 45 46 43 49 83 97 20 77 60 30 86 47 10 80 37 71 21 80 97 96 85 19 50 51 45 57 22 57 91 29 87 56 29 95 70 40 22 88 4 6 73 17 99 29 17 35 40 51 30 21 50 93 54 22 15 71 11 21 29
66 40 74 48 48 63 63 62 57 71 59 68 58 62 85 71 78 68 40 25 8 20 98 48 56 1 47 35 5 69 31 100 11 95 6 46 96 59 6 77 96 95 78 66 61 66 79 99 4 99 16 34 5 83 98 89 93 95 83 62 18 86 78 56 59 10 16 70 53 52 45 81 9 97 26 88 78 46 1 59 65 55 54 73 48 32 5 48 68 44 68 16 10 87 46
31 64 81 4 78 43 35 91 60 67 22 94 49 15 90 21 12 43 88 62 49 43 39 96 48 60 95 45 50 53 19 84 7 32 81 14 59 89 92 20 81 28 57 82 68 74 73 31 64 36 53 25 34 99 99 42 3 71 5 42 78 82 55 99 86 24 22 71 65 21 62 69 92 2 59 7 95 64 95 21 9 65 83 38 63 32 65 11 32 19 69 28 85 79 90
95 82 19 55 10 21 1 77 69 24 22 64 92 13 97 49 41 50 37 86 41 74 22 12 99 75 81 92 82 20 86 45 69 25 19 73 43 9 66 94 12 27 68 43 9 70 84 19 71 42 78 5 54 70 88 77 63 88 16 49 32 29 20 64 16 29 6 43 63 15 52 57 18 96 79 44 70 46 47 41 17 59 66 28 74 83 56 15 86 75 38 61 15 94 1
82 56 57 90 38 37 21 99 1 72 7 13 57 4 53 36 45 81 84 2 52 8 81 48 43 49 20 45 52 46 57 16 24 38 17 93 41 13 45 87 91 81 56 44 43 82 3 44 22 26 21 70 9 45 97 93 33 59 95 58 21 85 32 59 5 5 37 96 73 52 2 59 6 54 88 69 41 53 41 31 78 45 53 10 10 80 25 23 80 20 80 85 8 37 62
56 66 97 92 30 66 89 71 100 59 54 89 72 25 75 41 24 85 21 82 14 36 25 66 41 5 60 11 82 63 85 87 8 70 14 8 49 19 40 66 30 46 77 72 53 47 58 80 61 36 38 23 57 47 32 13 17 87 40 36 97 3 25 51 47 38 17 25 87 44 98 66 73 58 79 57 35 32 50 31 40 11 36 73 40 37 2 28 93 27 79 20 93 59 93
26 13 17 97 97 37 95 33 47 53 75 45 85 95 12 45 100 70 53 20 78 47 13 10 4 78 48 93 73 91 33 78 52 45 40 71 29 79 93 32 53 33 34 86 42 94 26 85 93 59 59 89 35 82 21 80 2 88 3 91 29 63 69 39 65 20 3 85 41 41 41 84 92 46 63 78 66 45 23 22 80 19 17 36 56 37 78 45 45 6 32 12 94 65 48
17 5 55 53 13 37 42 9 99 72 61 49 22 7 19 54 82 99 33 73 15 34 87 79 16 24 54 30 88 98 9 98 31 72 64 67 59 2 84 45 92 34 15 33 13 3 3 48 75 53 19 62 44 11 29 25 81 29 86 85 80 16 94 82 45 70 99 8 17 34 93 38 91 48 51 83 79 1 36 8 20 5 31 46 67 81 15 23 44 47 31 79 43 71 69
73 31 31 22 65 81 51 10 48 73 19 80 22 5 68 15 75 14 61 62 42 54 14 49 22 50 34 17 77 61 73 75 50 78 24 87 85 39 51 99 10 53 51 17 98 37 54 20 69 32 16 71 57 43 4 51 45 90 74 44 10 15 77 97 66 17 11 59 5 1 16 43 37 95 49 79 16 22 54 83 9 62 70 92 24 62 85 32 21 65 55 47 91 7 87
50 16 88 58 38 85 81 73 80 8 8 43 86 8 93 80 60 64 1 87 91 98 65 15 22 54 22 25 68 31 76 23 29 1 48 27 60 76 83 1 96 16 11 71 98 89 52 96 54 1 91 27 38 60 6 61 35 23 53 36 13 60 83 89 49 64 60 16 29 54 37 98 100 92 32 96 6 40 58 78 62 37 54 54 7 81 32 11 8 45 62 68 95 35 86
37 15 55 36 16 52 85 5 3 24 9 84 17 76 60 32 18 28 23 58 61 75 54 84 97 28 79 30 37 62 35 72 67 83 27 97 54 10 58 42 76 47 79 18 32 6 42 92 61 52 52 46 74 21 99 97 3 73 58 48 23 65 96 53 96 29 82 10 92 20 88 33 25 39 89 66 36 33 2 48 29 54 91 38 18 31 91 3 61 69 89 57 39 94 48
6 22 80 88 51 85 27 45 20 74 86 31 73 25 97 11 76 27 37 86 70 18 87 30 26 87 66 21 3 27 39 40 66 26 22 24 44 57 90 57 14 27 65 43 25 27 5 33 6 80 63 14 87 96 82 74 23 9 62 73 80 33 61 83 2 5 53 11 58 32 100 45 44 41 36 62 25 66 75 90 37 90 74 33 44 74 72 69 73 75 13 43 96 99 24
43 36 5 30 73 36 62 48 17 44 18 47 43 78 70 17 59 58 79 71 7 9 74 89 87 89 77 93 32 97 99 28 8 58 52 93 13 71 71 67 40 69 43 65 4 46 63 52 11 54 81 69 7 31 14 96 57 5 96 64 50 81 8 76 27 84 24 5 35 30 75 89 7 39 20 44 77 92 33 36 35 6 82 10 10 65 81 62 66 91 54 4 49 87 97
77 72 92 15 48 25 25 95 86 97 67 98 90 35 96 37 93 18 90 49 48 36 47 58 60 23 75 29 15 20 32 40 7 38 20 96 88 36 16 13 29 83 28 43 96 54 83 29 50 98 72 29 97 8 25 31 96 64 75 75 82 60 79 40 78 10 35 95 78 31 40 78 64 60 26 5 78 53 20 30 41 75 54 56 50 62 24 47 14 12 81 2 12 77 36
33 74 31 34 79 94 47 76 75 33 85 94 79 99 93 19 93 32 2 27 9 94 71 15 22 32 16 69 97 31 50 20 87 79 70 72 42 96 63 84 82 21 98 55 12 81 5 73 32 60 27 12 84 100 83 11 68 32 83 77 95 53 99 29 70 84 51 33 51 95 29 69 81 48 70 65 34 94 66 17 69 32 85 24 93 55 53 7 65 100 42 11 86 75 85
5 82 46 89 33 94 61 37 78 15 33 57 73 88 31 55 99 18 94 5 39 64 37 10 39 57 62 81 98 37 17 44 36 23 29 88 77 40 44 20 39 63 70 77 89 34 40 29 12 93 24 2 65 5 76 57 23 57 42 10 31 32 51 51 17 21 65 45 36 3 85 86 57 35 21 35 20 80 16 84 91 9 8 53 99 77 52 71 88 39 6 32 29 71 69
55 92 77 85 84 39 52 44 46 14 74 83 30 31 86 13 23 52 46 96 58 72 18 71 36 5 12 52 73 72 38 82 16 81 17 99 44 12 35 64 25 73 52 92 80 52 56 1 54 56 48 12 36 36 53 88 11 58 17 18 82 36 29 87 60 85 3 77 30 9 17 47 14 71 45 83 33 38 82 73 99 5 59 50 4 80 87 10 60 44 60 74 66 58 92
4 30 79 93 32 33 46 44 75 86 62 25 34 58 41 32 5 47 86 23 36 65 47 74 66 25 66 47 65 22 5 55 37 68 87 17 12 2 97 78 89 49 73 96 87 47 74 62 29 33 56 48 40 47 46 52 4 83 76 80 2 73 70 31 10 95 42 97 33 13 36 97 13 86 45 62 55 83 76 9 28 27 57 42 28 4 43 3 60 25 7 65 67 32 39
78 98 70 87 59 82 61 95 27 58 89 28 59 90 74 20 87 8 77 72 77 5 42 4 33 21 8 30 69 78 67 30 73 66 62 46 90 16 67 32 78 90 23 20 55 44 86 64 34 23 72 29 61 46 97 52 57 29 71 97 28 24 5 55 77 98 78 87 13 96 78 73 76 91 28 65 87 9 73 70 64 18 40 69 31 65 58 8 6 10 88 41 73 97 30
84 92 98 99 91 14 83 62 33 92 66 47 46 17 8 15 26 75 21 16 43 89 40 40 19 30 13 43 68 6 25 84 19 80 54 16 46 48 12 81 25 50 39 37 95 78 38 17 10 49 51 9 48 73 24 85 29 60 70 93 1 90 4 32 24 76 77 58 54 67 50 49 56 22 54 57 88 3 67 70 100 48 42 2 90 81 37 82 7 72 100 70 69 89 1
65 53 99 29 29 97 19 4 10 26 28 6 76 78 18 63 28 67 51 84 88 91 51 3 57 19 98 81 77 50 31 89 92 60 91 24 40 66 24 15 61 32 4 80 70 31 89 98 64 44 86 86 30 14 45 50 18 28 14 35 95 99 81 40 56 24 99 67 76 97 94 31 26 64 34 45 86 26 75 79 12 58 28 44 1 36 65 73 33 19 12 43 44 12 29
66 47 86 27 77 28 39 14 64 48 44 54 91 17 48 36 19 28 29 39 5 13 8 6 73 92 42 69 73 82 70 36 11 53 49 23 100 65 51 26 2 68 84 80 26 90 31 31 34 28 10 90 39 53 62 64 86 46 44 7 40 12 60 94 26 48 77 87 94 58 38 47 96 77 27 77 80 14 54 18 40 78 11 6 32 81 11 34 20 1 97 35 86 40 83
28 65 65 62 67 9 24 14 86 39 96 9 59 35 96 74 88 93 13 38 93 61 99 74 78 51 54 34 6 69 51 17 24 82 30 61 59 11 14 73 85 27 32 94 23 93 25 90 29 16 47 95 4 86 48 51 55 54 92 86 26 34 100 52 8 38 55 85 75 88 61 23 90 88 18 79 14 76 60 14 29 71 24 9 11 55 79 18 58 82 27 9 81 13 15
24 66 92 80 47 80 82 65 42 39 90 45 47 95 24 2 70 76 20 46 4 98 99 78 68 77 87 61 88 73 90 38 43 52 46 32 49 80 87 37 64 10 4 95 18 5 67 59 27 91 32 2 100 70 44 45 32 1 89 20 38 88 4 43 35 49 34 31 93 37 49 62 92 38 4 69 1 42 51 78 32 88 74 43 10 41 92 85 22 54 48 52 67 24 45
50 3 45 61 22 7 57 2 95 11 31 64 65 2 77 46 48 10 20 56 70 77 45 72 74 63 56 24 34 76 67 91 84 60 87 35 73 45 66 31 5 52 93 65 35 56 1 70 100 63 3 52 50 69 96 64 31 22 28 16 30 32 44 39 81 65 25 68 39 93 2 11 28 19 23 90 22 88 88 64 3 5 54 44 1 87 92 99 17 80 88 57 95 59 39
73 12 54 42 40 37 62 23 68 79 33 95 93 27 92 25 23 100 64 83 78 67 54 80 99 99 27 90 19 73 13 80 96 25 75 50 34 74 61 96 80 78 24 40 60 74 51 16 93 12 42 8 6 17 26 87 2 82 33 80 10 70 75 79 98 10 57 29 39 79 89 76 80 18 35 59 20 46 46 81 40 63 21 72 54 75 51 27 65 17 46 12 5 11 88
28 89 28 35 24 79 71 10 65 88 71 15 50 65 47 16 88 85 52 97 50 44 92 42 23 4 57 56 65 86 83 93 7 66 50 94 77 46 31 49 14 8 76 34 78 95 74 65 22 100 19 4 24 74 73 70 19 14 34 69 19 35 24 20 4 77 86 25 65 72 27 25 23 100 50 31 39 46 15 89 13 77 14 96 33 38 49 68 39 49 15 32 21 73 2
99 64 26 52 36 64 20 50 86 8 39 84 94 30 53 13 81 46 96 86 32 85 41 41 31 23 79 44 6 17 88 6 54 73 100 9 43 15 96 17 8 33 26 43 24 77 93 37 96 85 88 2 53 88 18 61 15 27 29 43 30 50 7 84 68 4 8 53 7 56 38 67 28 10 45 63 96 42 10 47 46 43 6 96 74 46 79 44 72 56 11 65 84 64 60
71 85 14 15 59 3 61 23 33 45 72 100 91 66 83 84 90 76 14 54 44 59 99 66 50 15 28 89 13 64 99 45 32 81 69 98 72 15 32 26 70 51 93 15 12 35 26 99 74 57 44 92 63 48 51 28 64 51 48 78 25 43 99 31 82 57 91 28 47 40 7 1 23 35 2 33 21 14 61 42 96 21 60 64 13 94 2 81 58 49 100 52 81 4 69
22 34 44 47 92 13 16 89 30 27 48 8 19 83 91 10 71 12 65 37 33 89 60 56 77 99 71 53 65 38 76 47 62 51 34 20 97 37 98 10 2 11 99 69 89 41 71 96 44 65 8 33 84 31 18 14 75 8 79 85 62 88 65 38 94 94 11 76 72 28 83 5 9 91 94 27 47 44 29 71 58 60 34 23 22 53 25 74 33 65 57 34 39 34 25
15 99 43 92 98 97 38 45 40 11 10 3 36 49 47 57 91 44 56 23 95 36 9 76 1 81 5 87 43 79 53 84 8 98 1 52 82 40 90 39 78 40 65 85 38 38 79 91 72 76 70 16 53 5 91 48 28 84 56 47 75 84 60 16 91 73 32 96 72 85 81 30 19 63 79 65 16 76 80 44 98 88 77 12 53 24 68 95 50 46 71 72 44 44 16
7 94 52 58 55 100 75 82 93 55 17 65 62 10 13 57 43 21 25 74 76 63 8 83 47 94 70 58 63 9 68 48 57 51 61 52 89 74 67 42 16 51 42 63 88 35 50 99 89 89 99 53 31 35 98 17 51 58 2 16 79 82 52 65 72 93 30 53 54 22 77 76 99 33 50 64 20 29 10 29 96 14 58 25 97 37 46 62 60 33 16 34 76 87 75
11 74 83 92 83 67 84 1 49 19 26 85 88 57 7 35 48 26 81 86 27 86 17 96 81 41 10 29 27 38 32 43 73 26 87 51 90 39 53 95 92 31 22 66 44 67 1 51 95 83 64 38 86 43 44 43 79 70 83 25 32 78 73 74 11 41 64 47 83 43 67 62 82 3 14 10 32 6 27 76 19 13 44 39 23 71 96 5 99 40 75 60 45 99 18
77 95 6 42 88 26 45 15 28 67 80 88 42 43 63 82 76 7 46 30 50 77 66 2 48 30 49 42 89 17 6 19 80 30 53 49 21 70 43 70 39 2 85 70 19 90 85 8 71 88 54 64 68 49 25 11 61 64 44 36 73 92 26 80 31 3 26 41 60 28 61 82 92 52 86 78 72 12 84 70 71 34 51 56 60 63 99 81 52 68 14 81 13 3 83
90 97 100 82 78 59 35 81 57 38 88 96 66 32 38 65 44 2 84 35 45 65 66 72 90 17 14 29 62 70 42 97 79 32 85 56 48 71 52 21 10 51 19 38 21 66 20 59 23 10 59 78 38 86 94 89 65 35 55 68 29 51 56 81 69 74 31 57 8 23 62 52 76 85 100 16 91 15 37 62 49 97 14 30 73 68 13 89 45 75 43 23 67 63 18
78 22 52 82 43 12 9 70 47 37 22 88 11 95 19 53 63 44 48 50 21 53 59 72 4 88 57 9 31 61 81 92 56 88 46 57 84 13 27 44 1 24 88 51 45 15 22 30 13 50 2 39 58 82 7 50 31 1 89 22 39 89 50 60 48 65 87 81 92 32 10 3 42 53 3 96 93 66 39 81 56 21 21 60 94 96 63 12 92 4 31 62 39 100 54
5 81 99 97 89 57 51 98 28 23 84 69 4 32 60 88 13 1 60 83 33 92 27 52 85 42 1 62 12 36 75 13 25 39 85 46 54 49 56 31 54 26 97 76 62 24 45 55 87 15 23 53 87 92 11 67 83 22 80 52 96 77 25 47 13 42 35 95 91 84 94 84 10 30 84 70 67 40 66 97 94 94 42 51 58 50 44 66 11 42 73 15 83 90 61
15 84 99 72 88 57 84 48 7 11 4 57 9 22 96 65 10 76 31 36 49 85 31 59 17 100 73 100 96 45 48 61 14 47 81 42 56 12 55 100 14 2 50 40 45 4 85 51 54 69 44 7 39 21 42 18 54 34 43 62 83 29 98 32 72 29 57 68 21 95 80 93 26 46 95 42 48 65 14 69 64 99 84 34 64 21 71 18 15 63 13 69 91 56 4
82 61 87 54 91 17 14 16 75 99 100 63 17 73 60 100 57 41 15 88 18 57 18 51 20 10 16 34 90 86 89 70 87 49 64 28 65 5 91 70 22 93 80 3 38 27 57 37 88 93 91 30 69 2 48 93 82 13 56 91 70 18 97 81 83 11 65 63 95 61 79 58 10 3 53 30 94 7 29 31 3 96 91 41 52 71 90 17 34 73 97 58 71 60 55
32 10 93 82 8 69 17 81 72 15 94 16 48 87 93 56 70 37 94 39 81 11 20 97 60 30 73 47 73 71 36 48 32 4 5 98 2 55 56 3 21 45 70 20 62 3 89 57 12 61 71 78 71 7 60 64 29 64 35 35 4 96 57 100 32 69 68 54 13 74 16 57 20 72 35 42 35 76 14 29 35 77 42 44 30 82 88 55 84 23 81 85 9 24 57
10 60 5 98 81 6 88 19 32 66 5 97 81 23 24 10 40 90 20 64 98 66 94 88 48 58 63 72 40 46 78 50 51 92 49 54 36 72 19 10 24 97 10 67 30 15 46 71 97 74 90 97 92 20 17 96 57 30 3 4 37 98 66 9 66 49 63 30 98 99 93 85 32 67 60 63 1 58 90 10 20 30 18 33 33 59 9 36 70 56 33 77 35 78 76
90 12 94 49 20 36 100 28 27 69 4 92 31 1 60 20 63 30 78 70 35 86 11 72 15 52 8 68 58 87 57 79 37 80 3 1 89 46 86 87 38 82 50 4 96 91 93 80 13 27 14 9 9 74 1 96 99 39 31 60 89 65 71 97 13 7 65 53 8 43 61 45 8 64 91 66 46 58 90 34 38 14 51 32 53 78 12 16 2 10 16 93 76 68 16
33 36 69 43 31 83 72 58 100 78 46 59 76 76 47 42 26 60 72 8 33 44 33 60 52 25 81 68 16 100 52 85 72 40 81 13 97 21 64 36 95 12 33 92 100 16 57 42 80 96 20 18 5 26 36 18 4 92 14 1 75 41 30 61 48 82 100 68 10 1 76 51 86 57 5 48 33 100 81 69 40 42 51 92 76 10 71 88 56 10 7 74 51 18 6
93 42 5 21 3 29 4 87 87 49 51 81 58 7 29 34 35 30 85 1 86 71 14 13 37 40 8 32 92 57 21 75 23 22 39 85 98 80 82 38 89 8 44 21 31 50 11 57 48 23 31 77 32 44 56 31 54 36 3 74 69 3 4 86 21 69 30 3 9 86 22 20 96 35 81 95 90 54 21 46 41 41 38 59 43 88 61 12 29 76 25 84 68 66 64
50 19 77 84 60 37 3 82 90 45 19 54 76 31 47 73 88 77 54 19 41 10 92 85 73 9 4 30 59 25 23 97 100 75 28 19 83 93 51 56 20 62 94 79 83 2 21 49 28 12 16 38 16 65 43 28 17 38 16 60 3 25 81 70 92 79 80 11 5 70 19 41 13 5 81 23 2 24 68 66 69 67 97 79 91 57 92 17 41 21 57 42 23 63 15
89 73 15 79 22 70 34 57 5 26 30 48 40 97 64 8 80 36 53 47 82 76 40 61 90 64 57 49 55 40 11 63 92 16 57 16 66 89 100 86 84 74 80 80 68 41 35 1 51 12 14 100 70 87 21 65 85 31 42 38 100 9 53 32 88 48 79 66 77 87 25 22 50 94 31 75 36 46 59 32 38 6 50 39 20 21 9 56 11 74 29 46 29 63 54
90 93 21 16 87 77 59 79 82 46 17 87 83 24 95 7 87 74 82 62 96 64 9 34 81 76 52 5 79 17 42 85 9 55 81 61 50 71 42 9 80 53 64 12 99 63 49 88 87 59 95 42 15 18 93 63 58 31 14 14 91 90 57 67 89 25 94 73 11 54 47 75 66 87 11 67 70 7 75 64 17 97 90 8 96 85 18 45 98 58 31 97 56 26 64
63 66 61 16 68 74 72 59 82 82 32 93 72 26 62 14 34 60 64 38 78 47 23 74 7 82 79 36 89 57 58 56 81 72 21 32 27 23 59 70 77 78 11 2 9 10 53 13 82 31 68 32 63 32 42 25 53 20 83 81 86 66 38 37 41 39 66 78 56 30 68 79 88 96 50 88 56 82 92 61 64 12 56 91 99 91 3 39 31 89 98 77 13 31 6
46 8 31 96 53 93 43 71 26 19 46 43 88 52 18 78 22 53 18 13 88 55 84 90 59 38 65 87 92 88 88 18 68 25 80 78 42 2 62 28 92 87 71 87 69 98 42 97 31 29 29 91 90 90 19 39 37 77 93 16 87 62 49 21 26 45 15 18 24 74 4 19 65 20 79 86 85 53 94 19 64 86 20 14 55 97 53 5 98 32 43 55 78 40 82
12 85 34 94 90 100 29 31 39 41 24 42 44 12 9 30 69 42 30 5 74 92 90 88 29 74 32 56 9 4 96 99 75 17 70 15 71 61 83 93 77 54 17 68 100 23 82 54 91 57 8 27 98 75 83 50 76 4 84 73 54 98 93 96 50 65 9 100 9 92 45 48 37 15 26 61 32 74 21 54 17 5 49 26 56 100 84 37 23 1 72 61 38 47 91
86 25 49 81 43 87 32 86 10 43 74 27 57 22 84 97 99 30 61 59 79 46 82 27 39 77 88 93 59 72 96 15 59 79 99 68 67 59 79 6 37 75 88 37 92 51 26 46 39 68 5 88 56 8 34 42 22 21 90 54 69 46 17 44 60 41 44 57 27 83 54 34 7 28 24 55 70 74 99 1 44 53 58 32 98 84 88 89 4 66 78 39 58 78 1
90 82 95 31 17 13 84 35 56 43 55 18 86 56 81 92 85 60 30 48 30 77 53 67 86 16 37 61 49 94 93 32 26 63 45 70 27 44 58 26 59 52 61 20 52 84 98 84 18 89 27 78 2 94 94 19 15 74 82 87 22 41 87 88 87 93 47 53 11 76 73 86 84 92 99 79 15 52 54 12 49 41 95 56 76 87 60 17 51 74 69 83 81 30 91
30 1 79 76 41 5 57 64 32 9 66 16 94 55 90 49 36 21 50 4 68 29 90 71 25 99 96 18 9 23 28 70 85 25 40 30 42 22 7 37 40 33 62 75 31 54 64 51 75 70 91 8 36 44 1 51 26 26 68 68 75 58 28 65 63 78 46 23 63 53 42 66 73 53 16 59 30 14 32 100 37 97 28 84 24 53 90 27 65 56 2 80 91 41 59
14 36 4 16 92 56 3 78 32 55 59 80 37 76 47 92 3 56 29 100 28 73 64 20 29 45 45 22 98 9 36 81 94 65 47 18 57 83 19 27 15 31 6 87 65 93 3 3 74 85 86 37 19 63 34 54 91 55 10 72 58 58 56 54 52 2 76 68 61 41 93 6 66 41 71 87 87 76 84 89 59 75 88 10 95 77 59 90 50 47 30 8 44 5 88
3 38 22 22 66 65 5 97 25 43 8 32 13 30 98 37 9 42 28 44 80 10 11 81 55 10 24 77 71 59 23 1 86 70 25 10 24 86 21 80 62 100 21 92 46 12 70 15 21 81 40 29 81 37 34 58 77 82 50 52 15 1 32 5 25 5 37 95 42 90 45 69 95 34 88 83 48 67 13 53 12 31 64 44 70 40 86 53 16 12 82 18 13 76 83
90 42 3 3 57 64 29 6 68 66 41 40 98 64 16 51 31 38 19 76 83 83 31 51 79 64 14 96 63 50 53 9 60 27 92 62 40 19 81 72 62 81 89 1 24 91 67 19 37 20 10 75 72 8 77 15 58 45 9 27 76 29 47 81 57 62 3 44 17 49 73 22 78 18 13 52 45 4 84 89 76 76 4 53 31 78 68 81 25 16 17 36 36 1 32
8 75 69 74 33 87 16 48 5 24 48 54 33 38 62 78 14 59 91 37 92 38 11 74 15 89 31 98 39 83 100 30 77 81 67 7 74 10 58 11 12 48 6 24 3 42 75 18 46 79 49 16 30 35 73 24 98 76 47 11 43 54 9 55 81 92 36 11 35 11 69 78 76 83 2 67 51 57 30 92 48 70 35 51 63 94 78 30 13 21 49 58 12 48 24
33 20 63 60 65 39 5 87 24 37 69 67 67 84 79 3 8 93 82 95 20 12 45 24 91 56 36 23 69 3 57 60 84 33 66 87 15 3 4 2 75 6 88 73 76 71 65 14 90 89 7 79 8 52 14 26 29 25 46 55 49 28 1 47 46 69 49 97 79 66 17 49 77 71 74 20 17 35 66 99 21 23 15 29 99 89 57 75 14 62 86 59 41 22 97
96 5 83 5 70 79 57 11 15 63 93 34 40 47 93 95 46 99 51 56 63 80 76 20 53 7 47 72 89 87 14 20 36 75 36 5 50 37 31 50 70 17 8 20 34 30 17 59 23 10 74 21 20 81 67 17 51 84 37 29 56 1 19 11 41 50 99 66 49 13 33 90 65 79 91 33 64 98 2 94 46 63 32 19 79 60 66 51 77 12 27 59 75 33 82
69 36 79 17 46 7 37 31 20 32 73 91 80 27 51 37 32 51 14 72 29 50 82 36 91 91 77 55 13 92 69 35 54 29 65 37 88 69 44 16 87 87 78 99 50 87 28 97 98 51 42 83 15 40 51 34 63 65 49 62 16 54 65 65 22 13 98 89 5 73 69 73 32 94 91 12 5 5 2 19 11 44 49 92 82 89 35 4 26 87 53 34 6 69 15
88 94 54 84 34 27 61 17 41 26 69 32 70 27 39 53 62 19 43 85 36 81 1 9 49 29 98 33 31 34 49 14 73 13 45 88 46 29 3 64 53 1 73 37 16 4 51 93 7 35 45 87 90 40 84 18 25 18 48 21 17 93 34 93 16 19 87 90 41 59 5 90 28 17 16 30 70 66 31 74 30 94 92 83 39 67 74 74 22 36 42 32 98 89 100
57 36 17 66 58 70 81 1 10 47 31 59 22 94 27 37 15 94 96 14 80 75 15 39 97 41 15 64 40 57 41 19 42 42 34 84 47 62 4 29 41 45 22 79 10 85 10 24 41 19 70 18 48 93 11 16 71 53 24 83 99 80 74 32 91 34 62 24 31 21 80 56 8 84 70 34 10 22 16 80 77 19 71 27 33 2 99 71 88 7 50 45 86 28 98
41 82 3 90 18 72 86 71 50 64 13 48 98 94 51 56 61 52 27 47 19 8 13 100 69 71 22 81 84 65 36 96 83 29 61 96 13 15 41 55 7 76 6 23 93 50 28 22 18 69 74 47 81 97 47 41 79 85 64 34 15 51 48 32 63 49 17 59 43 96 79 51 27 71 31 23 25 53 82 83 5 95 74 41 17 44 31 66 95 30 29 48 97 82 50
15 79 66 99 80 51 66 96 56 74 84 75 73 81 69 53 85 38 1 3 100 15 76 34 64 15 74 34 31 80 80 28 96 33 100 26 61 1 35 63 49 76 52 87 24 65 44 16 55 67 64 58 85 11 47 64 66 33 89 55 80 55 86 82 39 92 15 75 93 1 93 29 14 61 51 3 88 60 83 91 94 73 96 63 22 57 91 4 48 79 82 23 89 66 96
53 89 19 38 49 65 80 21 9 87 25 21 50 9 4 38 4 84 72 45 29 62 21 97 10 67 44 34 63 49 73 93 16 29 80 70 37 95 44 51 100 77 92 78 80 88 44 20 84 52 44 31 28 53 20 8 48 54 56 93 22 41 16 11 29 59 70 15 91 93 18 70 70 7 23 69 70 56 80 22 78 66 2 73 22 4 16 54 19 21 71 75 37 43 51
4 49 23 49 45 14 99 42 16 58 77 72 84 20 6 60 61 28 79 88 96 60 50 26 49 38 57 44 4 4 30 18 49 78 10 81 4 38 47 73 47 80 32 97 9 85 25 81 71 90 50 16 28 53 60 79 31 23 64 69 67 74 70 5 38 92 51 58 3 17 67 13 44 62 63 20 37 14 61 21 36 61 83 24 33 99 24 21 86 34 20 66 62 91 24
16 87 7 91 4 91 96 83 16 35 29 70 63 31 46 90 9 2 77 95 58 79 54 64 14 54 4 49 53 83 88 83 36 95 77 53 11 88 78 45 52 76 24 66 76 57 42 53 89 28 13 49 88 1 35 95 32 1 9 54 51 99 57 68 67 84 69 69 35 82 52 35 71 67 52 42 81 49 90 81 86 25 22 17 56 9 46 98 37 38 96 47 44 45 45
