51 71
47 78 80 64 54 99 63 91 22 20 3 4 48 83 64 54 23 23 57 24 83 25 81 22 83 50 26 93 92 44 96 84 94 81 43 52 60 2 15 83 15 32 19 8 28 11 36 18 27 9 91 33 6 29 74 69 93 23 87 62 90 23 13 60 93 63 83 68 38 26 2
35 17 7 66 57 82 59 88 48 41 82 55 78 92 10 77 5 9 37 15 30 81 20 55 99 90 97 68 97 91 83 71 88 36 86 41 89 29 17 61 82 87 46 32 68 39 100 14 85 17 84 39 71 63 100 17 6 41 50 99 37 44 60 87 78 12 72 72 51 11 89
75 87 51 94 98 25 29 75 86 99 14 42 14 47 86 35 7 11 36 75 63 74 41 53 20 13 89 87 73 42 54 84 24 63 26 78 26 59 99 49 71 34 28 44 24 61 55 72 78 15 33 87 16 38 10 100 24 62 82 11 30 80 7 85 54 74 39 37 19 93 72
45 96 74 91 21 13 5 94 96 97 19 97 55 7 43 35 38 63 27 44 53 82 92 1 50 48 20 56 72 69 30 26 93 26 7 74 87 58 83 79 71 36 17 92 39 43 20 51 90 75 10 27 73 70 26 94 76 7 97 7 38 69 92 87 29 11 17 15 18 90 83
73 28 84 7 22 26 96 12 47 41 14 77 55 58 25 10 57 69 6 1 2 16 70 82 40 67 74 52 24 79 74 73 61 11 40 51 91 89 99 49 67 62 80 94 23 85 71 20 81 73 65 28 43 41 84 20 53 88 20 28 10 58 1 5 12 69 48 11 42 95 79
6 7 19 11 28 61 89 100 52 15 44 52 70 74 10 88 37 82 54 95 61 25 70 23 47 48 26 29 78 52 33 92 75 79 28 65 7 67 27 29 79 91 73 12 55 77 7 48 87 34 97 93 64 52 15 20 15 77 13 82 80 37 18 86 64 54 42 37 62 14 83
33 91 60 28 64 40 35 75 99 33 39 25 86 47 13 59 1 42 65 99 19 40 81 87 42 97 85 89 72 87 38 96 21 29 96 18 44 83 99 79 30 24 43 17 20 24 98 83 5 74 58 31 97 48 40 35 31 14 49 68 57 45 18 62 91 82 25 91 97 74 26
78 31 22 83 61 25 37 36 98 60 77 93 62 82 95 70 15 90 67 71 88 92 60 32 3 41 20 56 38 78 67 8 85 81 8 11 22 5 96 91 70 63 25 90 83 21 1 98 3 45 61 34 32 89 24 62 96 95 65 57 20 55 84 9 39 92 42 2 100 10 7
62 87 33 84 93 63 35 87 21 66 91 82 37 25 69 97 61 44 3 83 44 76 77 11 24 69 69 69 50 74 34 48 87 66 86 28 94 10 30 39 75 61 77 31 35 27 67 100 17 73 15 96 56 51 99 2 26 94 11 47 69 25 53 22 40 43 35 51 8 3 49
74 28 71 17 93 1 45 96 23 22 99 70 66 51 96 25 72 84 91 46 86 24 80 81 68 30 81 83 60 37 67 52 76 19 33 54 66 95 55 42 87 3 31 5 79 71 72 68 73 40 28 63 8 71 4 84 56 37 33 98 46 67 97 76 98 94 78 24 32 65 79
11 13 26 64 51 66 49 43 18 21 70 96 13 87 14 68 33 25 45 74 77 47 7 98 100 18 95 91 60 90 75 74 15 83 57 24 68 7 1 52 82 28 92 44 8 77 80 21 49 7 38 5 6 86 48 77 84 86 75 52 84 83 44 75 44 87 69 52 77 98 62
11 73 10 20 43 89 84 83 15 27 70 71 86 8 67 40 23 65 12 18 60 23 77 81 87 100 39 33 22 92 83 94 10 85 79 43 26 23 27 53 45 11 50 5 96 92 42 13 28 94 78 79 7 54 47 42 29 35 89 63 26 92 58 67 79 21 47 18 45 74 74
11 80 85 76 36 75 68 79 56 55 27 95 52 11 91 53 7 19 35 84 37 16 14 31 82 18 65 90 38 11 67 77 60 27 82 14 60 52 71 31 73 45 73 70 95 41 5 71 8 21 74 39 5 98 24 94 19 40 10 52 66 60 20 68 94 71 45 93 12 83 65
28 92 13 47 81 77 100 97 25 96 72 67 68 21 7 85 24 82 28 63 74 36 17 16 31 23 67 26 9 66 11 43 19 57 79 9 35 30 6 26 55 76 16 7 82 73 97 53 39 58 7 73 30 50 34 96 62 81 48 94 91 60 37 24 4 67 41 67 72 25 35
52 17 41 4 33 57 23 17 45 48 24 77 34 62 82 82 98 9 82 18 24 97 39 20 57 96 7 65 70 32 72 60 23 83 32 61 25 37 97 70 40 72 76 9 56 4 73 26 53 100 98 56 72 89 19 77 84 21 17 27 49 87 45 73 88 5 84 86 79 98 97
84 46 13 94 52 55 98 34 21 89 15 23 46 71 58 16 48 79 93 53 48 77 5 93 57 18 88 44 52 36 48 57 13 64 57 46 25 93 10 51 80 27 47 31 17 32 91 17 96 5 71 95 16 5 58 100 53 85 82 51 7 43 91 14 31 25 39 88 89 12 46
38 7 82 70 20 37 79 82 11 10 59 30 6 30 97 47 86 92 18 52 94 70 65 36 79 70 21 42 59 47 63 73 20 93 66 46 72 13 45 50 26 69 28 96 39 95 61 70 7 31 8 19 85 5 40 85 62 91 37 100 88 8 47 55 21 22 20 45 60 26 45
83 90 74 64 8 62 58 50 96 54 81 43 78 52 45 22 75 77 74 88 60 55 56 35 28 1 72 43 93 3 100 67 1 39 20 44 58 67 40 95 58 60 47 4 76 11 2 39 43 77 90 50 18 28 14 83 20 92 4 63 61 15 30 15 88 73 56 75 14 98 100
72 82 21 89 34 11 33 59 65 23 82 67 27 22 59 47 87 63 61 45 5 68 22 20 2 96 31 25 25 32 83 7 2 70 9 58 37 94 39 5 54 49 48 95 52 32 55 58 60 53 45 5 88 52 41 83 87 9 22 24 58 48 41 5 16 80 28 62 46 52 73
8 70 88 71 15 84 60 77 96 21 18 52 56 56 32 40 35 39 7 26 9 31 14 73 73 58 42 85 3 88 31 63 3 55 35 78 30 80 98 37 44 35 18 58 27 54 76 43 3 72 38 91 27 63 62 3 3 17 15 61 34 51 54 57 38 95 24 6 30 22 22
67 99 48 13 43 33 48 32 22 20 80 18 1 15 3 44 7 92 91 91 36 6 19 61 90 98 57 82 55 63 89 57 87 61 15 96 90 88 4 100 8 94 67 24 11 100 57 25 80 12 27 30 62 53 5 12 83 47 50 73 1 38 18 73 68 69 69 89 53 21 14
28 14 36 48 66 46 67 31 19 72 75 46 51 27 39 80 12 81 16 29 89 84 19 79 27 72 7 56 50 86 91 65 12 76 70 19 90 66 91 89 55 49 31 50 48 54 49 13 79 73 82 26 58 51 57 67 92 41 32 99 65 82 11 73 100 14 57 48 70 35 73
57 14 36 43 50 41 5 59 66 54 10 60 53 72 83 33 6 86 40 8 98 24 4 56 14 85 36 1 56 16 89 37 57 54 5 9 39 16 42 36 65 53 59 7 99 87 68 46 49 79 88 2 1 13 18 84 93 77 1 77 33 34 95 94 73 21 19 37 15 26 34
72 94 81 71 87 31 27 26 25 7 54 91 63 65 50 58 83 77 69 58 38 58 30 63 84 79 74 92 45 60 55 16 49 99 84 23 3 62 16 49 53 24 46 71 7 26 22 61 30 26 38 39 39 44 43 67 68 17 52 26 50 34 23 30 69 58 100 7 67 46 7
64 35 68 37 73 61 30 9 71 93 97 38 64 49 89 77 88 34 86 49 6 87 36 11 50 32 7 39 71 32 21 86 5 39 72 58 61 57 71 95 32 63 73 11 41 3 32 68 41 58 83 68 8 89 50 1 90 23 8 35 11 90 67 7 38 84 27 25 19 4 16
96 24 21 34 12 61 50 94 84 48 38 63 65 92 3 68 75 31 85 23 35 50 76 38 20 100 50 22 30 83 82 50 56 98 74 53 76 38 78 38 93 95 69 10 44 69 79 27 11 28 55 40 30 57 95 40 43 99 43 4 89 76 46 31 23 75 19 65 25 70 46
4 27 75 97 40 57 9 41 74 23 68 57 73 2 28 99 21 58 78 84 17 26 44 93 98 9 11 75 66 94 10 23 80 54 84 94 58 40 30 90 73 54 10 6 100 74 7 39 3 15 19 64 1 53 13 90 64 22 34 55 48 67 61 52 99 70 54 26 67 9 37
66 92 47 16 11 28 58 58 11 60 25 4 21 89 26 67 50 59 74 40 95 64 44 85 82 100 40 53 42 100 33 58 84 16 12 16 67 22 10 68 56 39 4 86 87 40 22 76 57 22 6 96 18 29 41 92 36 39 90 84 24 79 26 36 29 72 56 47 63 45 70
7 14 33 28 21 19 47 63 95 2 1 92 4 41 84 22 80 47 49 49 56 72 27 17 41 32 1 87 44 11 17 94 33 72 81 9 68 33 24 86 31 49 61 38 38 39 32 35 67 18 73 14 81 78 25 23 87 62 54 9 17 78 26 54 59 87 31 55 93 96 53
48 49 40 73 82 38 77 41 40 89 95 67 39 71 25 15 2 15 95 23 62 76 92 85 3 12 90 11 10 90 5 42 51 61 20 21 30 18 74 35 86 40 31 64 86 46 85 68 36 81 14 52 50 34 71 65 43 46 58 62 82 64 11 21 81 71 44 70 84 61 11
71 95 94 52 75 78 57 59 52 47 32 43 58 73 75 52 70 27 31 3 99 75 87 91 92 73 98 73 27 46 50 23 64 13 17 26 56 3 62 31 59 49 66 15 72 36 19 38 97 88 56 44 87 97 99 44 78 42 52 10 44 19 74 72 58 30 91 60 44 16 87
16 14 65 97 2 3 37 57 14 5 40 65 77 29 53 79 63 100 90 91 29 17 67 25 7 62 88 53 71 82 7 61 15 33 67 34 51 33 9 47 95 14 85 22 39 13 77 8 60 5 64 32 46 91 58 63 70 39 41 26 47 62 59 51 55 94 47 97 15 64 53
19 83 37 2 75 38 99 6 39 42 33 60 39 22 18 56 88 93 21 63 88 51 84 60 95 21 3 72 98 54 4 63 6 74 53 86 27 25 32 9 90 70 93 58 67 85 60 57 31 31 65 9 65 87 33 26 95 52 63 68 32 2 39 73 76 17 30 19 35 25 95
53 85 31 47 54 90 74 31 57 65 1 54 78 74 100 96 73 96 81 71 3 84 38 35 73 68 56 37 92 7 34 20 1 54 70 90 24 34 70 50 52 62 3 36 92 51 42 46 85 74 64 49 59 91 8 4 29 92 22 64 17 39 59 15 23 91 86 43 28 44 57
17 2 34 32 51 18 52 4 62 75 81 48 84 73 7 37 32 100 58 72 38 18 47 76 69 78 97 72 24 74 20 61 9 67 93 8 4 40 85 87 72 89 65 34 57 93 76 88 21 10 15 53 4 3 30 10 46 65 76 43 76 54 81 53 81 72 54 40 90 22 77
31 44 8 49 53 10 87 92 66 46 83 15 70 44 96 46 85 88 78 32 40 7 41 1 39 2 39 6 28 38 12 77 14 31 9 58 54 46 100 73 82 100 11 10 19 97 69 33 4 53 80 77 59 50 57 70 36 82 94 37 27 99 42 53 63 24 2 52 80 29 30
52 57 14 50 27 51 64 10 88 40 4 27 22 19 68 40 1 31 43 23 39 86 89 57 25 68 63 97 95 64 56 55 86 50 68 20 91 74 39 55 90 76 86 47 49 69 17 8 58 57 56 16 76 44 84 83 69 2 97 100 55 30 78 69 48 94 86 9 34 25 16
93 9 37 89 65 44 40 18 99 93 49 66 91 12 62 57 65 44 8 89 21 67 25 79 18 1 65 37 69 56 60 47 22 95 19 47 35 96 61 50 95 77 20 64 2 82 28 75 32 63 35 43 31 41 53 36 25 91 42 100 52 61 94 10 27 25 25 72 46 28 47
53 66 68 21 18 32 91 17 30 54 62 42 11 70 51 44 56 65 88 50 67 43 21 32 15 9 23 67 19 22 38 7 32 27 44 45 9 97 47 97 79 25 25 94 90 5 78 15 71 64 10 84 75 24 11 38 66 15 5 66 92 48 88 5 18 42 34 92 64 49 62
94 41 83 60 30 87 10 38 13 77 25 66 81 3 8 80 31 25 8 3 46 3 42 79 28 3 91 22 69 51 32 15 53 92 50 58 31 87 52 82 68 31 72 15 52 80 80 76 87 22 2 100 74 77 58 51 25 7 38 79 56 18 30 60 85 41 65 1 17 21 63
99 40 84 73 71 14 40 50 51 11 8 60 5 59 49 10 76 95 15 27 95 11 26 87 15 84 55 12 87 15 29 48 86 78 17 84 68 95 33 100 29 59 36 57 10 81 67 16 29 35 2 18 80 27 14 15 5 70 98 94 33 94 99 33 65 86 37 37 91 58 86
37 65 14 13 23 27 63 23 59 96 28 73 23 95 75 63 58 90 56 62 29 46 29 28 19 72 27 12 84 80 79 72 72 56 17 11 97 88 33 22 82 55 51 95 66 92 65 31 25 66 10 32 84 52 37 27 2 41 89 6 25 95 4 38 83 34 63 67 39 76 28
12 35 27 67 96 87 39 81 96 58 32 23 23 75 61 41 49 79 42 18 80 77 48 86 48 9 67 41 39 21 33 60 51 61 4 33 32 43 23 16 38 30 25 79 44 98 39 6 60 76 85 12 85 34 70 24 7 58 59 63 86 31 13 12 13 72 10 97 88 40 89
66 20 50 85 20 98 34 68 35 70 23 80 31 5 78 14 84 97 2 17 32 57 78 29 9 45 44 40 62 43 32 98 74 13 88 88 75 17 13 88 78 35 74 39 60 81 71 84 10 17 45 19 72 34 44 44 18 12 85 27 57 69 89 63 17 4 82 78 99 29 44
89 16 21 59 16 2 20 23 40 19 40 59 79 68 88 34 44 44 48 3 75 33 71 97 55 50 22 35 38 6 55 23 49 11 74 64 62 58 18 96 26 3 16 12 46 96 91 33 31 3 8 39 20 35 44 22 61 2 41 82 54 96 10 27 98 31 49 83 36 48 40
32 37 25 76 73 8 51 4 39 30 14 17 31 38 94 12 50 88 8 81 93 12 66 6 78 18 83 47 35 95 51 5 22 62 93 96 76 20 90 22 6 17 5 85 16 40 67 63 80 29 9 4 99 5 64 84 18 14 16 83 40 71 36 65 37 70 85 61 86 11 60
61 60 88 45 95 99 76 38 46 92 100 25 88 100 93 33 43 70 41 54 77 54 64 62 33 71 82 23 2 4 42 30 6 87 59 46 11 82 28 10 69 18 1 75 84 60 75 38 11 5 9 24 2 25 41 14 79 27 45 31 63 92 11 60 32 14 1 55 74 99 17
80 34 2 20 28 57 11 53 34 81 45 48 30 68 73 76 68 74 25 54 14 29 48 22 37 43 20 35 65 3 84 35 67 75 8 60 87 17 13 93 2 68 93 7 53 70 14 43 19 79 1 60 11 67 67 81 34 3 99 37 40 62 71 73 16 87 12 50 65 55 30
40 13 88 1 54 9 41 64 55 91 88 7 64 76 53 8 94 18 77 62 3 19 28 22 64 26 90 6 2 13 32 22 2 28 13 100 45 89 99 3 27 97 84 12 58 94 44 33 11 78 85 33 49 46 19 71 9 90 1 34 16 28 94 82 26 31 16 12 88 62 35
12 45 41 15 30 50 31 3 1 74 29 9 20 74 10 2 45 74 23 99 52 12 41 64 32 62 33 92 100 78 67 53 69 95 18 90 94 35 59 78 36 72 8 95 47 68 71 86 40 68 67 89 1 61 29 42 33 28 99 34 45 64 53 70 19 3 45 80 85 31 89
89 94 56 10 50 86 73 96 61 84 98 15 5 35 21 8 73 74 81 52 97 77 46 72 45 7 95 97 49 33 36 74 5 99 88 20 74 25 14 94 90 69 46 57 77 59 6 33 80 9 49 9 93 9 12 55 50 39 4 43 58 83 75 6 5 39 58 18 32 1 74
