74 78
9 71 91 83 39 34 58 66 57 73 15 15 45 83 20 71 82 87 61 96 35 14 40 40 45 94 74 81 90 35 57 61 80 49 55 95 22 31 63 36 65 59 43 44 98 53 18 82 74 20 66 85 86 34 32 95 36 59 90 98 16 94 50 42 32 99 30 54 84 53 47 46 57 54 46 72 58 26
40 13 76 21 53 79 92 27 15 65 79 34 39 27 78 59 20 98 17 53 39 78 52 2 59 74 92 26 42 79 83 37 43 62 20 52 85 11 53 88 37 30 65 38 92 7 48 70 71 48 49 37 86 8 67 92 81 97 27 8 93 67 29 30 12 95 57 8 12 97 76 17 82 70 79 15 72 100
39 80 39 11 58 45 27 3 5 51 95 99 38 58 13 54 31 66 65 85 4 42 29 8 42 66 94 100 56 6 49 84 39 51 92 74 36 28 34 13 49 81 11 100 60 67 97 14 62 12 52 4 96 36 80 34 6 92 21 77 29 46 10 92 75 61 94 30 100 31 23 68 59 32 11 20 49 80
89 69 5 16 55 31 26 1 61 17 65 34 7 57 18 31 91 76 15 94 13 75 54 60 66 89 68 63 38 18 59 11 49 67 13 71 92 11 45 42 81 22 86 41 96 100 34 86 76 8 69 17 13 73 93 22 11 16 84 47 35 91 91 31 84 74 18 48 6 97 30 57 30 29 50 7 64 70
45 97 96 79 18 2 23 60 74 10 26 41 18 99 12 68 48 73 88 73 23 27 13 39 44 44 17 10 5 38 20 98 44 79 70 35 57 41 73 7 72 86 59 76 59 47 76 18 80 32 1 3 69 69 57 62 12 91 98 84 42 50 38 89 47 73 95 6 44 31 56 55 24 69 75 20 70 100
35 12 67 32 9 89 43 77 82 89 14 48 46 96 61 6 24 83 29 85 16 45 55 15 1 48 53 7 20 58 52 4 93 25 78 89 85 75 38 3 64 54 85 29 47 6 3 78 48 20 87 78 97 88 99 17 67 66 44 77 24 62 16 26 22 100 73 84 17 93 49 7 79 51 58 74 7 30
12 18 52 80 8 12 82 26 32 2 77 29 36 82 29 24 11 3 94 18 35 92 73 90 53 62 67 85 80 85 8 36 11 22 2 79 5 44 100 5 45 49 57 88 94 58 97 56 97 21 9 95 5 45 6 8 61 51 36 60 64 92 88 44 93 99 36 100 50 89 57 19 7 14 62 1 38 30
3 53 37 11 72 19 14 44 14 1 62 2 58 52 42 87 30 29 62 33 21 100 66 91 15 53 25 98 79 94 15 21 6 36 4 81 81 45 19 80 83 46 52 24 38 72 36 88 98 20 25 54 89 3 73 91 44 43 80 47 30 64 94 47 12 73 77 84 69 35 99 37 7 6 98 68 78 1
65 45 7 29 98 72 8 37 45 88 38 13 96 20 2 74 66 88 44 56 45 83 69 15 23 100 4 31 77 63 47 23 31 33 23 24 42 6 74 33 47 78 31 38 36 82 47 66 84 85 74 61 99 54 11 54 87 76 69 23 72 83 14 26 31 57 57 57 85 57 19 93 70 18 13 16 36 51
81 6 56 37 54 20 76 54 93 20 6 37 13 8 8 82 46 2 84 48 5 3 66 31 71 51 92 27 87 93 9 82 88 7 13 9 56 12 84 78 42 84 24 16 98 56 48 23 42 43 35 34 43 55 98 19 58 84 17 17 5 6 39 79 16 81 43 92 64 78 38 38 85 56 74 72 67 100
33 83 68 12 83 35 31 25 100 50 8 68 74 65 67 10 17 91 82 40 27 70 78 38 30 55 84 14 12 29 12 87 75 81 19 10 89 4 78 13 33 38 81 15 14 37 57 15 12 77 96 72 69 91 83 36 90 96 30 39 18 35 41 19 93 49 27 41 1 16 42 39 65 38 2 8 47 100
75 15 95 42 39 96 28 64 9 99 55 73 83 51 62 3 78 50 16 32 51 9 90 79 60 6 3 82 93 68 38 11 33 23 83 32 88 5 25 60 37 13 72 6 63 33 43 40 59 89 75 49 21 26 88 26 25 8 95 83 12 83 14 60 63 43 96 77 21 59 100 43 100 76 91 32 62 15
43 47 77 96 83 68 96 35 84 88 39 23 67 64 81 81 84 26 77 95 61 49 80 22 88 74 72 45 40 62 100 87 39 86 98 87 19 65 68 21 54 53 56 84 80 93 54 22 59 53 3 19 50 30 39 62 9 40 51 60 20 21 65 82 66 47 75 61 40 97 94 1 33 42 42 6 73 83
18 6 97 14 86 74 73 82 72 14 80 57 79 84 71 76 9 32 80 86 13 40 77 31 64 64 82 34 87 63 87 25 24 100 18 8 16 78 79 45 54 88 5 70 50 99 8 7 84 73 31 46 58 62 35 12 35 1 85 5 54 77 13 87 58 9 67 63 71 61 27 69 21 58 79 18 3 3
88 6 75 81 89 3 11 88 26 98 59 43 81 56 26 61 5 17 35 9 44 68 5 12 83 52 76 37 23 33 30 85 38 10 96 63 18 61 89 97 33 55 25 17 66 54 69 11 99 8 39 12 8 6 28 34 51 65 25 8 44 11 2 85 63 66 96 32 71 84 55 91 85 99 51 92 33 55
30 79 37 96 18 29 40 57 59 89 12 97 3 93 11 77 77 31 74 66 24 72 59 33 20 88 13 52 23 8 26 84 37 1 96 95 84 82 79 62 1 23 54 42 74 10 47 83 22 2 56 15 58 67 51 96 82 94 26 52 23 37 80 19 70 32 66 99 17 53 22 88 44 1 36 43 43 20
37 71 25 32 100 28 12 41 71 19 84 35 71 79 1 22 24 6 21 49 11 79 29 3 24 31 55 75 26 53 4 19 17 19 23 39 8 97 29 17 34 16 86 88 5 23 72 45 41 85 2 17 35 83 96 24 94 83 86 17 38 70 90 39 18 62 62 64 17 63 53 92 49 90 96 52 56 58
83 88 8 19 70 17 76 8 31 79 4 65 1 86 49 37 65 80 61 96 79 66 41 41 91 30 11 10 6 49 95 31 48 4 89 72 99 84 25 57 4 70 77 24 84 28 86 74 58 13 21 50 86 91 4 59 21 67 9 3 56 45 99 35 10 17 75 64 46 77 68 14 92 63 30 1 67 73
79 82 95 47 3 7 52 69 65 89 14 71 55 93 2 1 51 9 49 86 10 84 84 67 42 76 36 99 70 67 62 38 64 36 6 27 62 83 19 22 61 84 10 85 16 96 80 29 44 1 5 73 67 7 99 51 82 46 70 22 62 22 65 95 58 24 13 98 19 23 85 20 36 39 13 87 20 93
46 25 77 39 90 44 42 41 29 45 5 12 36 8 61 90 89 35 77 83 78 47 10 30 60 87 5 59 27 23 85 91 37 72 23 64 76 68 18 23 92 49 30 3 37 40 44 96 92 68 48 88 55 25 34 4 38 69 28 98 57 10 16 58 67 76 29 23 4 17 72 48 90 18 86 58 4 72
50 19 19 24 72 63 70 23 79 6 61 97 35 19 1 67 80 27 6 91 16 49 12 31 72 8 6 61 72 97 11 90 5 7 27 88 56 9 42 34 91 91 55 54 99 95 28 52 98 21 36 30 80 12 5 89 73 24 39 71 1 85 53 51 58 65 22 28 85 5 59 54 71 43 59 13 67 48
38 91 17 28 23 88 88 66 20 41 91 42 71 94 89 97 66 19 19 92 30 36 78 43 41 51 14 7 29 62 56 41 96 82 39 61 45 15 85 7 59 69 31 73 33 98 91 85 78 57 20 52 54 19 100 23 40 92 1 58 37 13 65 18 64 87 92 31 68 13 86 41 24 94 89 86 69 5
7 81 89 99 16 2 81 75 55 26 40 50 11 28 71 61 92 64 76 10 61 42 71 40 16 22 81 7 52 15 43 85 75 62 27 83 20 93 49 50 86 79 57 70 6 81 99 91 45 46 91 57 22 59 78 70 6 82 32 2 29 19 99 68 72 83 52 14 72 37 9 17 14 83 7 26 42 10
73 72 77 40 4 2 6 77 69 64 61 27 72 9 87 55 61 64 21 9 60 72 31 78 97 95 94 52 38 34 1 66 61 93 76 2 41 27 70 52 99 5 29 47 32 62 55 69 6 6 12 18 12 100 81 17 61 94 63 48 31 16 16 30 79 97 5 65 29 42 61 32 14 63 61 5 10 95
45 43 24 81 49 64 62 84 67 85 33 8 92 7 28 90 18 8 60 47 37 73 92 68 52 30 2 56 18 46 33 84 64 49 88 95 73 83 3 42 21 43 29 19 30 12 10 82 56 42 82 58 83 16 54 24 3 53 33 61 35 89 29 3 76 54 23 38 32 85 92 63 66 42 45 61 65 55
54 18 41 28 79 63 96 60 3 4 33 34 64 6 21 70 58 98 71 86 95 23 49 60 83 75 51 98 62 22 24 44 34 63 39 56 93 54 68 20 27 98 18 71 99 71 23 97 44 87 22 37 94 82 21 12 98 38 47 55 38 76 11 59 60 16 38 20 22 71 34 17 82 39 59 86 22 23
34 95 47 20 68 60 22 99 51 83 24 51 51 86 86 17 4 65 39 51 55 32 72 10 34 21 84 27 80 67 70 16 81 63 87 18 66 65 29 13 52 99 44 52 47 22 31 59 52 34 42 38 94 70 73 82 17 78 21 66 64 24 25 24 5 14 57 40 3 31 17 14 75 32 12 7 46 23
15 100 14 16 75 22 82 40 96 25 7 80 42 27 48 3 21 40 82 70 75 16 17 91 100 80 13 24 43 29 48 82 28 29 88 41 77 15 72 9 32 57 63 97 97 56 28 40 72 11 31 33 94 8 72 79 45 40 66 37 53 94 47 14 44 85 46 16 48 1 43 74 23 19 58 76 67 63
59 29 76 3 45 19 71 85 25 86 64 14 41 6 90 49 56 63 17 94 69 94 92 31 92 90 88 6 35 10 1 65 17 68 80 34 59 82 52 51 88 33 21 69 19 16 34 79 82 6 86 2 77 38 9 63 47 41 99 64 79 68 46 14 3 77 43 46 78 60 23 14 64 3 92 31 55 21
33 5 55 10 34 42 97 56 99 19 87 7 40 59 50 67 77 33 77 2 47 29 85 33 67 50 14 72 73 42 46 32 95 17 27 71 67 98 65 100 94 64 52 65 15 44 79 35 76 80 54 89 83 96 69 27 99 38 21 44 40 31 59 26 100 8 79 13 68 10 23 71 27 62 39 14 9 59
75 74 18 49 75 77 59 10 58 12 65 31 62 88 85 14 7 33 25 41 79 57 69 69 88 44 24 48 68 87 84 64 81 70 10 73 35 67 67 61 23 3 12 13 1 99 49 95 73 92 8 50 50 50 54 21 83 71 50 60 82 42 93 3 90 82 30 20 91 17 47 83 41 29 52 76 61 98
86 61 82 87 58 37 44 69 19 96 38 21 34 40 86 65 65 43 93 51 49 94 87 22 87 1 63 25 29 44 22 35 5 21 66 11 16 43 35 49 80 47 93 69 34 97 35 40 46 1 95 60 7 34 58 63 28 95 14 7 19 80 58 92 59 39 32 7 20 8 52 22 98 10 25 71 44 47
14 42 33 17 71 5 76 53 96 54 20 93 93 39 98 49 26 9 50 95 25 23 40 12 86 16 51 76 22 28 86 5 63 74 3 47 6 94 92 100 54 34 100 14 73 58 6 87 81 52 100 89 68 24 47 38 15 20 32 23 75 83 22 93 45 39 83 39 24 44 60 20 72 7 21 96 69 15
83 34 65 87 40 45 22 17 76 3 7 49 86 13 21 92 71 1 49 62 48 88 56 86 78 4 81 38 49 61 34 39 69 30 78 5 89 2 87 54 61 64 23 79 3 31 31 92 88 22 54 65 24 79 43 29 15 7 38 82 65 18 64 68 69 19 77 59 13 89 74 99 37 43 83 87 57 13
90 94 63 20 60 68 18 16 28 91 72 88 86 95 38 66 26 24 17 84 9 64 59 18 99 29 100 68 58 36 70 83 53 54 47 59 65 13 18 23 68 2 79 44 98 58 47 87 65 35 51 42 16 96 91 25 19 95 18 73 81 58 48 48 49 76 92 42 15 42 64 12 86 42 33 7 66 14
19 15 96 75 5 13 23 24 57 62 66 30 87 56 43 42 14 74 50 41 82 11 54 22 8 43 55 61 99 13 77 99 4 44 12 30 81 57 52 82 49 36 43 77 35 23 89 39 68 75 99 72 1 4 79 50 86 67 15 25 40 2 4 14 25 12 76 100 41 97 47 97 79 72 99 56 58 12
58 97 61 52 81 74 66 2 46 16 86 89 49 14 79 13 14 85 62 48 61 23 55 67 76 22 7 86 17 67 16 67 75 56 31 96 23 94 87 53 2 74 72 29 45 78 14 27 64 35 39 35 79 21 50 65 29 11 41 42 94 55 2 70 96 53 61 81 90 24 81 8 84 72 28 99 37 87
68 24 33 81 64 43 49 61 90 60 57 71 6 92 62 7 42 36 92 19 47 1 89 36 92 57 19 17 55 58 26 52 1 56 26 1 93 58 100 52 3 28 30 10 8 43 96 59 57 16 100 47 5 6 69 79 33 22 92 45 31 92 27 62 1 11 6 34 66 21 99 81 49 8 49 97 68 53
12 20 8 3 75 88 100 62 18 80 78 32 78 56 53 67 58 84 92 13 90 48 3 28 55 48 24 82 65 59 59 100 99 49 13 53 66 94 10 57 63 43 73 51 78 11 2 72 11 30 94 89 90 40 76 59 83 97 84 64 22 20 99 17 21 46 62 98 76 73 28 1 40 53 57 78 47 29
4 15 55 24 63 68 5 1 70 13 8 85 21 7 26 1 58 19 49 24 74 33 70 30 66 16 95 5 5 19 34 94 69 23 98 3 15 54 92 16 87 48 57 79 91 99 67 13 55 16 60 74 100 95 32 100 85 88 9 71 55 12 11 83 24 14 19 78 38 47 66 99 77 66 3 24 50 32
29 32 21 94 74 32 26 57 73 7 23 47 77 35 14 2 5 34 8 18 74 41 49 22 68 24 38 64 26 11 87 33 53 95 74 66 50 79 35 24 93 12 6 14 60 94 18 1 69 50 15 92 29 29 30 21 57 63 56 53 41 72 20 35 3 65 45 28 52 6 43 43 17 94 41 28 33 23
71 25 78 24 48 76 18 89 63 58 90 78 57 67 45 23 2 39 2 34 14 100 57 17 98 61 29 1 15 83 10 39 41 94 69 14 95 62 53 81 94 14 75 31 23 92 1 21 86 47 26 58 45 82 13 92 12 61 32 74 66 89 75 5 28 63 66 3 96 65 19 42 73 41 83 9 49 34
86 69 87 35 49 86 14 65 39 60 1 32 59 48 13 15 26 65 32 57 16 8 35 51 39 19 42 30 3 61 79 51 79 47 88 13 96 61 49 94 32 24 73 30 30 83 60 13 28 3 53 40 91 32 80 6 50 8 47 71 18 98 41 56 37 47 39 27 18 88 94 30 95 1 40 83 20 7
22 19 60 20 55 8 88 47 83 3 88 14 31 94 37 24 6 80 56 42 19 94 57 33 41 54 73 49 79 19 33 5 1 60 3 55 34 64 63 49 45 2 36 52 69 96 87 8 4 77 39 12 39 34 45 27 31 73 50 10 64 5 62 92 13 14 48 33 87 14 23 31 44 14 15 50 71 45
25 76 39 49 63 15 49 71 39 55 18 6 81 100 68 79 23 9 88 79 57 16 40 96 73 80 81 4 52 49 8 44 62 54 33 21 79 25 56 29 87 71 43 96 3 45 100 11 55 95 71 72 38 50 55 23 37 76 69 61 52 63 20 71 99 58 59 73 80 57 4 39 56 86 27 4 51 23
30 78 91 46 62 33 68 91 90 75 98 64 34 19 23 59 47 100 32 67 1 33 97 40 1 99 11 8 72 46 41 82 96 59 18 58 69 49 67 69 71 4 28 15 58 39 48 74 89 80 76 89 31 20 71 12 24 11 3 74 32 90 27 52 69 36 49 84 21 2 62 66 89 61 60 61 31 64
19 62 19 27 72 92 34 4 13 23 43 80 41 11 74 23 3 7 16 27 20 75 92 50 54 69 63 3 14 31 31 60 69 50 3 29 19 9 76 75 48 37 99 81 92 11 13 55 37 35 39 53 58 75 76 82 82 47 19 26 37 12 81 9 2 82 42 74 38 63 39 78 68 93 28 60 13 62
19 44 74 30 5 42 80 57 79 98 63 79 76 58 30 56 89 84 97 79 37 89 8 74 89 72 44 43 3 63 20 45 71 71 62 2 46 18 61 20 91 54 20 89 86 99 20 39 11 9 43 68 18 3 34 91 40 79 17 15 22 75 16 35 33 3 92 38 94 81 65 28 82 61 82 46 69 17
24 6 18 92 100 61 51 16 44 57 23 97 38 86 59 52 65 37 85 30 60 3 45 30 18 38 42 49 53 28 9 19 17 20 64 64 3 11 30 64 53 8 13 84 64 7 8 50 21 50 87 55 8 39 63 70 98 100 74 32 44 97 22 46 96 14 53 74 92 17 53 51 5 44 8 82 26 10
7 29 25 66 51 5 45 37 40 9 41 29 62 79 8 21 24 10 21 11 35 95 84 55 78 20 34 94 83 20 65 35 51 52 48 41 69 61 94 58 40 55 44 66 6 13 68 83 95 95 99 63 11 81 39 82 35 16 25 45 62 45 25 39 71 20 12 60 85 55 13 84 88 56 91 13 26 8
93 39 16 17 39 18 65 72 16 97 47 19 65 82 89 95 93 86 65 37 1 98 87 38 2 34 74 95 25 1 18 26 54 29 33 31 32 53 61 34 56 76 74 17 20 48 52 88 30 18 92 7 88 64 84 52 38 8 23 58 10 91 30 17 68 2 56 62 31 35 16 49 70 11 72 94 86 83
91 1 3 57 16 74 37 24 30 19 37 55 60 67 8 33 94 79 55 17 63 70 11 32 24 50 43 35 29 77 84 23 27 62 21 2 61 17 67 40 63 20 86 62 3 15 28 46 54 68 10 14 96 87 37 69 31 93 70 59 1 92 90 97 30 83 99 66 19 85 91 72 69 19 18 97 78 97
45 71 6 58 37 10 29 13 69 33 31 54 16 44 8 69 3 60 53 99 62 3 82 30 76 34 86 68 68 73 68 47 53 82 95 75 77 100 72 19 86 76 70 61 25 21 70 77 80 69 97 32 37 48 7 8 51 44 28 2 81 49 24 31 72 42 43 1 18 88 28 10 24 7 71 25 76 6
71 83 4 66 80 88 33 78 48 43 31 42 33 51 76 25 68 22 79 15 96 2 48 27 36 31 49 33 41 52 58 55 64 29 48 97 67 92 58 19 94 62 89 30 48 21 14 17 47 28 10 22 40 31 33 11 2 59 10 18 42 60 2 73 27 57 39 30 7 91 99 70 66 99 25 74 37 77
59 82 45 93 20 82 85 95 80 19 93 81 86 95 9 22 77 39 14 48 98 95 31 19 49 79 14 20 94 65 48 71 86 59 42 65 58 71 86 20 35 96 13 80 42 51 98 65 94 81 35 82 37 54 18 62 7 3 24 30 73 60 9 38 76 61 18 95 99 66 10 52 50 12 62 11 73 38
13 39 6 68 40 47 55 94 30 94 14 13 46 1 33 38 68 36 84 15 21 36 4 65 15 56 23 38 72 35 57 36 74 6 37 51 71 31 80 32 46 37 53 21 30 12 3 43 17 39 39 25 27 12 28 3 100 52 51 94 11 80 34 54 81 23 86 86 74 93 25 43 90 72 77 88 90 77
98 15 32 80 44 7 48 51 16 65 17 44 48 81 8 78 2 91 54 94 94 82 60 27 66 99 6 30 18 48 76 10 27 87 5 39 44 90 61 49 36 9 98 91 94 6 61 97 78 15 57 11 8 53 69 31 99 68 18 97 11 20 63 100 57 54 44 20 54 77 72 37 47 14 27 7 13 58
63 8 77 15 75 22 49 30 76 73 10 79 66 43 33 61 67 3 9 4 74 78 67 20 23 20 66 57 68 86 36 67 47 52 64 14 34 90 12 82 91 59 14 55 6 29 35 77 96 42 99 90 29 54 83 80 20 39 32 4 1 81 67 79 35 73 34 25 20 68 66 63 49 64 45 13 42 63
10 83 94 51 62 55 35 12 73 64 1 31 10 25 22 64 87 82 21 87 1 58 23 28 22 32 90 27 96 32 94 77 57 76 69 92 95 75 26 100 18 56 72 47 23 80 76 90 48 42 31 42 5 51 25 94 29 66 19 1 50 20 99 54 81 58 29 2 49 19 88 18 5 21 35 34 48 88
89 5 9 5 55 93 79 72 16 46 47 47 2 98 15 45 75 100 97 84 82 53 33 50 55 54 95 98 93 43 89 1 70 71 71 27 16 30 75 79 42 79 39 9 44 42 57 40 88 69 26 79 33 85 14 92 13 83 91 39 45 95 73 27 80 41 9 74 34 47 40 62 58 46 10 24 77 20
97 28 56 6 96 85 84 77 49 98 25 98 2 9 93 50 16 75 57 15 4 28 65 5 11 72 71 83 75 11 2 62 82 29 9 74 42 53 8 78 54 51 75 15 44 83 4 36 27 44 59 17 47 44 92 3 11 22 7 82 19 70 81 26 14 92 61 91 41 47 74 5 100 59 91 34 8 13
6 49 6 30 89 90 99 27 5 15 61 83 1 19 37 41 16 13 21 60 10 23 8 40 48 11 16 58 53 7 59 67 31 56 8 57 2 32 100 87 19 75 1 23 41 90 30 81 33 27 56 69 67 28 4 19 100 55 21 17 57 41 100 86 43 62 46 10 36 89 25 19 51 60 62 74 63 46
42 53 98 71 59 87 92 48 24 80 93 96 28 59 47 97 12 57 34 7 24 69 74 98 27 24 83 50 32 93 87 24 20 1 34 23 29 7 97 12 41 68 26 65 68 77 15 87 14 49 1 3 69 40 20 46 65 84 28 93 60 31 46 44 88 81 4 93 23 84 37 67 35 34 65 95 70 18
69 43 67 68 66 94 1 29 54 11 72 26 34 73 82 37 22 86 11 58 66 62 56 35 58 83 25 78 37 90 45 26 1 53 71 8 58 31 29 31 76 19 87 18 82 45 25 85 48 41 25 12 79 82 65 39 80 14 72 76 38 22 70 9 52 20 1 33 34 67 53 7 2 20 59 13 46 66
74 13 5 95 78 97 99 41 78 36 77 69 11 17 96 35 41 68 8 38 73 21 80 90 28 43 60 80 44 2 72 32 72 21 55 14 52 47 82 30 14 58 2 8 83 100 3 72 77 98 42 17 76 98 22 28 71 53 30 19 1 25 2 39 52 31 80 55 78 77 48 74 49 38 27 79 3 2
51 19 91 55 7 90 42 96 46 41 85 85 9 47 34 31 78 55 70 1 38 26 86 7 53 41 53 31 4 81 96 14 32 58 18 28 38 8 38 29 6 97 67 6 3 90 20 83 38 83 73 47 7 86 85 42 81 95 11 89 34 72 57 100 2 46 51 60 86 9 45 55 53 27 37 16 42 30
11 85 92 65 34 11 45 53 58 61 53 40 77 61 67 54 59 8 17 6 73 27 53 51 15 41 70 40 2 11 64 65 62 90 43 7 80 35 62 25 57 89 51 16 87 22 5 56 46 95 66 36 25 33 86 43 39 4 11 8 67 48 63 16 74 93 95 26 31 51 81 23 16 60 24 66 5 40
26 57 37 60 99 66 39 75 85 85 17 67 23 11 19 42 77 54 87 2 84 1 97 53 74 23 68 92 89 35 50 48 32 59 25 19 38 29 2 81 29 93 58 34 54 28 11 5 28 41 44 1 46 22 12 67 29 17 60 9 92 7 66 5 98 12 9 61 33 97 27 1 48 71 42 54 52 45
46 13 19 55 1 23 81 75 100 76 50 84 10 81 47 34 22 99 55 90 66 57 2 78 17 21 21 6 56 85 61 48 89 99 5 29 19 7 89 22 10 29 25 94 74 58 64 72 42 79 13 51 7 87 27 47 1 16 41 12 65 33 93 62 59 95 20 15 34 42 70 21 82 96 86 97 21 68
25 44 77 56 67 40 89 44 90 54 94 26 18 83 36 14 61 11 69 23 15 53 53 90 20 72 43 15 53 66 23 45 37 47 32 34 57 24 44 31 38 45 5 16 77 67 82 87 71 95 87 37 58 98 61 29 72 45 82 18 58 61 27 43 8 13 70 81 75 21 71 96 51 9 1 81 58 2
87 60 32 77 72 52 97 32 46 79 84 42 42 96 50 93 22 21 82 74 48 26 61 1 83 99 73 70 71 46 54 11 74 81 21 30 72 77 96 17 7 7 53 73 60 69 59 64 35 20 30 38 10 24 71 89 63 13 47 83 95 25 99 33 75 47 8 58 65 46 3 6 48 21 40 48 27 53
98 56 71 23 26 76 59 28 10 65 4 85 87 82 44 100 18 65 32 29 67 37 44 29 47 35 82 45 3 79 92 89 32 42 38 26 42 34 19 48 96 57 5 80 33 97 79 43 12 55 22 15 100 79 100 18 38 63 29 11 100 88 62 84 3 14 19 69 12 58 75 94 34 16 39 33 91 97
19 24 36 39 36 98 45 99 79 32 37 100 48 32 90 58 35 2 5 83 6 5 9 33 35 34 9 48 85 96 34 86 41 73 21 36 99 21 5 51 81 23 89 76 72 64 92 80 32 40 81 47 64 29 33 11 98 99 19 75 100 97 70 8 45 82 53 88 82 68 11 21 35 35 48 40 44 73
32 47 99 16 55 88 33 18 84 15 17 13 81 6 44 45 4 6 86 1 31 57 59 3 1 2 93 41 92 32 13 41 61 91 4 53 66 47 24 22 63 38 8 28 96 72 52 23 70 30 80 48 3 88 46 3 38 54 26 7 7 72 66 23 67 8 74 24 40 12 26 75 68 45 38 96 75 23
