32 48
60 63 56 68 90 49 79 17 63 13 39 81 8 52 59 62 84 56 55 30 61 20 98 77 42 51 33 17 39 66 79 26 33 3 43 69 44 55 34 5 86 78 26 20 25 90 45 39
44 25 30 81 30 23 65 62 80 27 73 75 32 12 3 36 81 76 40 68 69 20 75 32 40 79 64 62 4 27 80 96 74 95 18 82 90 24 77 69 73 2 19 32 10 47 86 62
75 85 85 37 42 67 49 9 76 2 88 89 91 81 38 75 22 23 74 53 81 54 60 50 92 96 76 65 69 45 93 62 36 72 87 71 70 71 93 61 15 96 40 7 96 82 44 49
45 63 28 65 72 31 56 98 14 56 84 10 98 32 12 2 23 72 94 55 85 22 27 83 63 45 94 44 23 16 46 8 42 100 78 18 30 86 30 80 33 100 23 22 80 46 83 54
44 89 22 100 83 27 23 12 31 66 63 21 34 77 75 8 29 23 57 33 11 99 66 70 52 43 73 86 95 77 29 31 87 23 90 7 89 74 9 27 47 69 31 81 23 47 21 52
95 14 37 22 39 66 99 49 52 97 17 5 84 28 99 53 13 78 20 99 86 67 33 77 48 72 50 62 45 53 86 45 11 59 58 56 27 99 55 71 60 10 76 12 46 19 25 83
65 18 38 25 55 90 26 90 17 50 76 85 49 39 63 39 89 5 32 96 54 58 76 100 48 59 74 58 13 17 59 53 96 75 5 93 35 47 41 29 46 82 32 68 46 32 32 16
90 35 70 57 25 19 91 72 96 54 39 56 9 76 73 9 37 50 21 62 30 22 86 70 39 78 16 51 40 42 56 79 17 95 57 84 71 42 16 30 1 72 67 42 87 95 59 64
64 69 53 89 4 48 53 26 49 13 90 98 100 92 57 94 18 100 45 41 56 67 54 90 66 53 57 7 94 22 28 77 97 29 39 49 82 39 53 85 36 63 22 95 52 22 37 6
54 26 26 83 100 19 27 81 43 42 78 68 75 90 77 78 5 27 21 47 51 60 88 75 38 100 86 89 86 57 89 66 27 85 56 26 24 100 45 99 61 73 71 64 97 77 26 39
95 53 76 38 59 60 72 66 41 64 21 82 22 31 89 67 92 21 66 40 71 100 33 51 91 56 77 28 60 12 79 5 23 69 52 7 83 29 14 1 72 27 70 66 71 33 1 72
38 74 89 18 17 21 11 50 53 25 43 15 56 75 92 96 90 97 64 94 94 17 70 30 40 57 82 27 41 31 44 90 39 20 26 15 63 17 43 83 8 54 16 2 10 59 76 71
75 63 70 30 92 14 51 77 63 26 73 2 100 46 88 100 46 31 14 72 72 86 84 47 99 42 83 93 69 6 28 31 98 90 56 35 38 98 91 8 3 34 31 26 81 76 23 23
55 79 64 56 36 50 44 73 78 57 97 15 77 41 100 51 95 97 83 23 87 60 4 28 4 50 43 52 39 39 58 55 39 5 87 25 75 4 49 42 74 98 50 52 43 73 92 48
47 42 15 95 55 72 31 84 16 72 39 63 30 97 25 31 49 75 30 91 70 32 12 34 29 35 38 45 98 89 64 42 10 8 84 78 22 89 92 61 6 65 45 25 67 100 71 60
49 95 78 63 65 62 69 40 66 95 57 94 38 96 56 96 50 15 25 90 29 53 67 22 15 62 62 34 61 43 2 93 80 95 51 69 94 42 71 24 46 78 42 54 88 48 31 82
85 47 80 71 76 83 51 1 64 90 26 75 48 5 36 87 93 81 41 60 59 100 60 60 15 12 62 38 99 80 6 77 38 20 55 86 25 15 62 6 18 12 8 56 28 48 86 73
88 15 39 49 19 12 94 57 60 58 93 18 51 12 49 33 45 51 63 59 70 34 34 54 89 58 50 76 30 47 80 24 6 63 79 3 62 6 54 38 13 10 43 21 84 12 48 9
23 86 20 69 94 74 92 1 95 51 98 92 74 62 97 52 34 24 59 47 73 22 40 29 51 61 28 31 3 96 46 38 95 38 41 52 13 84 44 78 74 18 33 51 10 33 43 44
4 58 48 29 95 20 36 62 65 3 95 25 71 28 5 27 34 87 52 70 68 64 53 90 33 85 39 58 52 16 36 61 93 29 54 56 69 5 13 82 20 61 97 3 13 92 71 89
54 46 7 40 62 95 1 48 97 7 72 41 3 19 53 2 88 29 84 92 61 31 100 37 62 89 58 88 51 16 13 48 17 89 3 41 95 71 90 73 33 8 87 19 67 62 54 12
89 86 20 91 69 40 74 14 13 77 38 29 100 48 87 31 63 94 68 35 60 42 41 89 53 8 13 100 5 50 87 70 8 92 76 30 49 46 32 46 77 79 97 29 69 80 96 6
38 68 37 14 44 98 30 31 81 27 14 53 76 33 83 69 66 3 37 80 51 91 93 68 64 17 35 53 32 25 6 87 72 50 16 59 63 85 84 39 86 22 90 70 65 80 68 4
98 11 27 98 25 21 64 93 32 6 19 85 52 41 59 55 40 50 7 74 62 61 53 62 79 39 45 30 50 44 44 12 48 4 2 3 11 6 64 40 52 66 22 68 25 70 92 69
91 3 91 22 80 36 67 24 89 31 51 6 77 87 40 41 9 71 57 1 11 61 42 34 37 81 52 39 8 2 57 27 20 81 12 88 49 97 51 52 82 15 51 62 14 95 36 74
12 30 26 88 59 50 26 75 78 30 53 53 84 43 94 69 3 20 54 15 34 20 9 51 40 5 26 49 59 95 63 72 74 34 39 57 46 21 68 70 79 99 72 26 97 83 94 40
93 56 69 4 22 25 37 65 91 15 56 79 38 2 43 34 49 36 37 84 93 70 4 100 88 99 63 32 24 24 6 96 16 21 44 47 33 48 46 44 1 59 29 21 38 78 14 1
43 19 91 40 15 9 57 88 66 11 76 1 63 89 27 64 19 51 8 91 79 77 5 83 56 83 33 99 44 66 1 20 35 30 15 18 56 98 36 95 16 77 36 53 49 10 10 44
51 42 21 76 1 80 99 12 16 29 59 28 99 94 16 16 18 87 87 70 88 13 73 24 55 42 71 65 67 39 26 14 46 94 83 31 70 41 34 72 51 43 36 17 39 2 59 17
95 37 57 70 44 46 48 20 42 50 9 73 7 44 2 55 11 3 93 12 15 92 70 10 11 100 96 29 68 50 13 58 82 23 79 17 19 5 33 66 85 42 85 4 16 73 81 94
2 66 25 26 94 50 85 15 59 40 39 17 79 10 51 52 72 27 73 69 69 47 47 56 32 92 100 38 71 22 28 57 52 41 85 78 97 45 45 14 32 3 5 29 95 6 65 82
36 24 37 71 79 42 36 51 80 5 94 53 6 75 95 52 36 58 18 59 36 58 35 44 49 97 33 64 69 74 31 73 90 26 29 62 60 47 58 61 68 90 11 42 56 24 54 24
