47 8
40 85 33 38 77 85 49 14
63 86 64 87 54 69 21 26
32 7 37 40 81 20 67 9
88 85 44 13 84 15 61 25
31 55 2 67 33 23 80 38
100 36 86 26 14 6 45 34
16 65 44 18 50 94 5 19
51 65 53 89 34 48 69 33
85 48 94 87 9 30 55 42
7 4 69 81 29 53 39 36
68 99 26 100 24 43 34 86
100 15 47 71 16 55 35 99
96 12 89 60 91 8 9 66
60 93 61 63 64 82 43 37
100 23 32 36 68 1 24 38
79 53 95 14 93 80 11 65
67 27 67 99 90 83 40 55
75 3 81 73 6 81 85 48
40 51 40 73 77 11 25 74
49 97 31 98 50 54 33 44
47 41 79 11 15 22 58 33
85 70 87 34 75 54 44 86
93 97 70 77 35 36 79 67
45 29 63 93 2 92 56 91
27 66 46 25 65 12 28 23
97 26 69 96 83 21 54 43
38 7 80 9 94 54 8 1
79 35 37 93 61 83 93 35
79 14 24 64 4 91 38 97
64 4 24 31 71 50 1 86
3 24 60 84 63 24 92 95
80 62 99 14 31 72 4 47
19 29 41 70 57 74 24 97
85 34 48 69 42 25 58 87
60 59 40 7 49 22 97 13
51 21 98 33 81 19 73 37
76 87 25 11 11 29 13 5
68 13 12 95 61 46 16 95
94 86 50 77 85 40 42 60
4 30 54 13 2 28 36 21
53 65 11 17 46 4 83 77
1 5 86 56 18 62 57 30
96 16 91 47 98 50 30 44
36 64 91 47 18 60 80 24
2 33 69 65 70 31 64 46
85 3 12 85 67 3 11 56
75 53 34 96 12 8 86 84
