69 25
60 97 74 37 9 49 27 33 62 3 26 73 24 98 64 23 24 20 66 11 75 27 16 64 50
51 41 37 3 75 87 75 58 91 25 65 59 76 26 20 64 30 92 20 49 86 88 54 2 35
32 59 17 63 42 9 41 37 47 21 34 85 52 37 53 45 23 91 42 35 78 49 93 93 59
15 10 67 19 86 25 99 56 98 60 49 37 82 26 90 70 62 84 91 91 57 41 38 33 76
60 76 49 46 8 43 27 14 99 17 20 47 4 38 68 94 85 79 24 1 98 91 94 38 41
22 76 41 18 100 13 34 35 27 53 31 71 88 61 85 64 84 72 61 56 25 92 5 56 10
71 24 52 43 95 78 15 82 92 67 20 23 21 59 7 53 82 90 44 65 84 17 4 22 94
52 1 31 46 97 57 53 91 1 54 43 46 94 97 78 98 73 14 20 36 93 74 98 67 76
60 62 81 76 9 66 54 44 91 81 44 24 28 13 7 86 38 11 78 11 2 63 2 1 10
63 39 30 15 73 92 41 58 30 66 80 17 18 32 25 54 26 30 85 24 13 55 30 45 90
87 3 31 28 21 54 50 47 33 45 97 71 45 69 44 6 49 27 89 23 85 52 18 40 2
28 90 43 84 49 47 81 62 96 36 38 18 36 79 93 86 26 41 87 99 77 92 86 98 35
5 32 80 43 78 87 62 84 58 71 84 27 56 7 54 28 56 64 33 51 48 8 95 81 55
90 33 79 52 57 11 98 64 73 29 84 71 88 1 3 44 70 94 76 88 52 7 21 85 55
18 99 43 61 47 66 98 91 39 57 2 63 50 98 20 80 61 93 33 59 40 80 51 56 59
12 90 90 30 46 69 31 38 84 18 76 62 81 20 43 22 89 98 73 34 30 43 59 7 88
40 99 62 59 37 48 41 79 19 15 22 55 73 51 100 2 34 68 52 82 83 69 65 89 94
79 12 38 94 90 83 83 99 5 75 68 44 11 11 57 31 47 83 52 17 20 25 89 19 9
26 37 76 39 92 100 48 28 63 13 17 66 50 28 28 92 19 84 69 81 17 22 54 67 1
52 73 77 43 73 37 64 51 62 71 22 12 65 90 61 23 33 79 78 75 70 73 37 95 29
60 100 88 18 84 75 65 25 65 75 64 19 92 85 28 57 96 100 72 62 50 77 29 89 30
68 42 89 55 40 30 48 21 55 95 86 52 30 54 18 72 1 44 89 19 83 79 6 27 29
100 30 97 61 39 54 76 41 75 61 98 20 12 61 7 68 23 100 64 48 45 64 91 88 45
44 27 27 58 6 63 36 68 77 34 93 79 50 42 19 83 66 93 94 62 9 59 40 98 66
90 71 73 73 74 40 13 45 28 8 49 67 57 58 97 75 71 76 33 82 4 58 13 80 38
65 23 78 42 42 30 90 7 28 6 42 25 36 72 50 2 43 26 23 49 39 46 28 82 66
12 70 62 26 26 43 31 93 3 74 34 55 34 42 94 78 36 51 36 28 84 53 33 40 95
80 27 26 24 40 84 84 92 50 63 61 61 99 73 100 71 79 71 66 75 60 33 95 84 93
82 78 31 41 72 94 56 36 39 79 14 15 25 38 73 75 81 10 2 52 4 60 90 63 75
4 92 78 42 83 1 10 28 51 69 5 81 62 67 98 80 64 48 22 93 55 56 75 70 63
45 10 64 73 52 77 52 4 5 99 10 39 31 59 58 90 96 67 50 55 86 89 4 50 34
91 11 28 96 4 43 45 63 42 32 64 78 84 31 75 79 87 61 43 47 17 40 77 94 14
8 74 64 19 45 20 57 91 5 68 13 56 28 27 75 86 58 80 79 2 60 33 21 10 91
38 48 39 66 100 86 66 54 82 78 75 95 91 16 55 5 12 24 49 40 17 9 11 56 27
67 26 71 37 51 32 96 57 98 28 11 56 9 7 62 60 35 97 32 94 19 45 8 88 4
78 85 33 74 18 83 66 47 36 84 15 1 49 43 55 86 74 5 49 42 57 66 51 71 5
51 27 55 59 86 47 57 86 49 33 57 74 94 51 81 60 6 9 48 93 37 45 98 80 62
90 9 96 44 20 46 35 3 2 87 23 42 30 83 3 77 13 54 78 51 94 31 10 98 28
79 88 86 98 81 98 19 63 14 76 74 55 89 71 57 32 27 35 54 4 43 72 29 14 74
96 84 95 21 78 72 95 27 98 98 75 8 60 64 30 74 10 36 3 15 49 69 77 64 86
32 58 24 85 88 47 72 59 59 45 66 73 28 68 70 15 89 96 49 86 72 88 44 76 52
69 73 18 83 64 28 68 57 7 11 50 88 34 12 94 14 60 42 17 50 15 62 64 38 68
3 72 72 44 32 23 40 12 6 76 26 34 34 41 81 88 15 55 19 32 70 31 53 45 25
19 45 45 39 35 2 92 27 34 13 80 19 60 94 85 50 4 48 30 35 93 92 28 8 8
54 79 35 65 86 100 48 100 39 74 44 18 2 91 43 68 93 84 32 65 72 95 69 67 51
73 1 48 13 16 94 98 21 83 74 88 27 44 6 98 42 89 1 35 95 46 66 54 36 17
75 48 6 43 24 7 56 55 43 94 5 60 34 91 68 23 64 92 58 22 23 67 87 55 10
8 80 96 5 88 48 83 1 47 30 52 70 90 39 43 18 83 1 59 51 76 62 60 60 2
29 1 20 41 58 43 19 55 88 70 34 11 24 25 37 8 15 4 55 54 60 77 28 3 31
6 34 53 25 90 62 40 97 10 8 6 26 98 85 62 86 88 16 17 75 60 55 66 100 68
23 29 34 42 19 38 67 48 25 43 27 48 18 95 53 64 95 29 16 71 12 16 47 25 15
48 70 79 40 93 94 74 83 22 62 90 19 72 15 58 38 40 97 46 17 23 59 72 86 57
41 55 10 97 79 49 52 94 29 83 87 28 13 42 99 57 32 20 27 90 85 31 73 62 15
74 26 77 13 30 11 24 27 50 41 21 26 85 78 61 91 7 72 73 37 47 33 37 16 1
59 70 90 20 28 40 80 53 25 7 48 93 97 77 26 63 40 72 36 17 5 71 50 68 11
31 53 58 11 20 10 76 39 62 78 5 65 53 78 86 7 3 36 9 29 44 44 75 24 94
92 48 74 62 16 86 5 34 51 99 80 9 25 66 8 12 69 85 35 95 15 46 7 43 85
80 93 37 35 9 83 35 83 43 19 53 90 20 25 18 21 17 25 56 31 27 12 66 19 53
91 13 84 48 73 13 3 31 96 84 77 58 92 39 65 90 39 80 24 39 60 48 60 52 48
66 10 94 46 67 51 24 40 31 29 14 62 60 73 85 11 93 32 61 96 50 66 32 55 27
58 54 40 18 99 33 24 85 71 4 47 58 62 39 90 93 49 40 13 31 76 12 4 25 49
27 25 44 82 37 89 94 48 78 76 29 40 16 78 82 38 8 65 17 17 61 5 55 98 63
74 40 100 12 5 86 63 7 50 30 44 66 88 97 73 38 21 42 21 44 40 73 58 91 63
51 49 11 50 57 10 27 37 66 33 10 2 65 32 94 23 14 57 67 29 32 98 95 41 51
84 50 29 87 97 48 78 32 97 68 80 23 46 83 75 85 3 86 46 3 30 52 5 38 61
15 46 15 75 57 79 49 71 30 57 38 73 84 97 100 36 33 12 57 50 56 71 73 5 75
49 86 86 20 35 4 96 75 74 74 40 35 91 65 31 31 5 56 23 74 12 27 41 2 61
47 18 77 18 6 4 74 19 52 48 47 97 86 10 66 70 22 85 13 10 54 79 25 76 51
7 35 99 17 93 22 31 94 69 55 23 92 36 66 57 51 52 84 24 86 51 69 92 49 53
