19 46
26 60 88 56 77 60 82 35 98 58 65 16 46 50 92 67 7 56 74 14 17 45 21 42 89 74 69 3 33 58 36 66 75 74 46 33 34 10 11 45 35 14 6 67 24 58
40 37 38 97 42 86 10 84 67 100 88 54 61 65 24 51 90 68 58 85 62 97 21 87 19 88 3 32 7 34 31 22 5 29 14 76 43 65 9 68 91 38 43 5 81 84
52 88 60 40 33 41 14 93 67 61 49 59 70 22 96 63 17 6 54 67 79 91 70 23 15 14 42 72 20 7 52 52 59 92 34 51 58 26 81 60 83 56 50 67 44 98
88 29 87 61 28 28 5 43 10 65 83 89 3 99 25 39 19 26 6 77 69 76 56 59 57 94 28 18 50 26 25 45 24 32 26 24 39 27 100 72 72 86 12 15 7 94
93 23 18 21 38 69 69 7 18 98 31 92 80 45 44 70 81 14 3 73 100 52 74 60 36 54 55 10 20 98 53 41 91 45 76 81 77 21 42 13 98 1 82 9 30 87
5 39 48 63 46 7 59 55 61 100 18 64 84 57 38 36 50 73 21 30 9 47 65 1 98 68 51 33 79 61 49 82 12 20 59 18 100 90 33 29 6 98 48 19 75 44
50 71 18 29 46 73 95 18 92 1 32 3 61 25 81 61 95 19 54 77 44 8 2 67 40 92 46 19 95 36 63 79 51 7 76 65 34 72 63 90 28 28 6 47 16 15
41 15 39 77 90 18 1 33 12 17 6 10 4 69 64 37 80 64 87 30 93 77 45 93 72 88 96 79 88 18 100 41 98 26 37 18 89 32 60 29 81 44 45 9 33 2
18 42 12 1 89 46 36 10 11 74 100 95 32 71 24 39 93 12 17 55 21 60 59 50 51 68 85 45 16 63 100 13 24 17 68 81 66 49 22 51 60 57 83 91 19 37
99 46 47 40 90 28 47 4 83 16 33 89 58 82 31 100 43 15 16 20 19 60 76 85 2 33 85 83 18 52 27 68 39 56 43 73 92 96 80 74 85 50 33 42 53 46
82 70 74 59 21 56 87 23 28 19 69 66 44 99 89 47 7 39 44 60 59 31 32 7 70 46 95 89 77 5 21 50 41 8 46 9 70 25 88 13 82 70 59 72 98 23
39 7 55 9 54 63 76 65 33 38 82 16 18 8 24 62 64 40 100 1 23 78 25 67 63 3 43 80 11 87 4 73 100 25 87 95 48 79 71 37 48 56 32 31 65 64
30 3 10 91 31 58 68 53 13 26 8 27 65 71 9 53 16 38 98 20 100 65 82 38 86 5 20 30 81 28 89 24 83 19 80 35 22 39 26 98 62 13 10 15 21 56
10 28 60 46 10 8 72 39 53 44 67 33 82 82 43 95 17 100 39 69 50 37 78 60 12 93 28 46 82 59 64 67 42 48 86 57 79 65 100 25 29 11 20 91 58 70
12 40 15 16 18 18 19 20 49 20 83 95 72 7 91 73 97 56 44 55 84 70 99 64 25 50 21 5 19 14 27 9 31 91 92 9 40 66 11 37 4 72 35 35 80 53
30 75 35 58 93 11 37 22 54 4 9 28 78 98 3 41 93 44 91 63 95 90 90 17 76 34 28 93 39 26 77 7 50 5 48 35 41 51 96 50 57 45 57 57 59 4
12 17 21 46 70 89 80 84 50 42 52 53 51 73 7 58 83 35 92 97 51 61 15 20 47 28 40 12 30 25 29 89 81 22 95 83 23 58 45 61 5 19 35 66 59 60
25 1 19 31 20 53 7 1 47 45 5 100 30 20 31 74 27 60 48 4 59 16 90 75 23 3 4 94 78 67 78 20 18 99 3 64 89 64 66 39 78 62 50 84 40 49
51 27 34 70 48 82 79 36 91 3 97 2 25 16 92 18 26 71 21 78 21 38 43 83 55 10 24 88 62 26 77 40 92 31 70 13 81 81 82 95 66 21 13 28 18 5
