11 30
18 69 88 60 14 33 36 19 61 34 63 64 100 94 33 9 13 12 25 40 17 55 53 73 87 36 12 10 51 2
56 40 7 32 53 13 19 32 86 36 91 36 34 56 48 70 54 97 2 48 21 99 56 63 3 33 53 39 15 93
28 64 59 40 22 3 69 60 42 76 39 56 72 47 34 28 22 76 40 90 28 67 67 96 46 100 69 39 67 76
73 91 16 32 18 80 34 25 99 37 40 21 27 42 100 95 34 23 84 13 43 91 44 10 3 75 78 10 81 24
21 86 48 42 70 51 39 81 7 35 55 27 77 61 14 64 69 4 89 71 70 96 83 74 89 80 13 31 57 11
69 92 66 9 87 100 11 72 52 67 27 32 65 72 92 42 96 56 21 27 69 86 94 49 40 13 64 38 37 50
55 37 96 46 78 45 82 42 6 59 27 97 71 76 41 66 30 83 1 27 96 76 93 5 5 40 98 21 89 43
91 98 23 64 21 64 91 19 76 96 93 89 58 37 74 23 75 54 10 52 21 53 87 25 61 16 30 22 5 78
11 47 43 68 17 46 38 88 26 22 31 9 16 13 11 85 94 22 43 68 29 58 53 82 14 12 89 94 34 50
73 71 67 30 77 67 3 17 74 35 66 3 86 87 64 31 17 46 79 52 70 95 51 92 19 29 52 100 45 69
60 97 15 86 52 1 90 93 82 56 53 89 13 41 65 80 97 88 68 92 2 86 26 41 19 86 76 47 33 82
