92 38
62 77 14 87 6 90 36 89 86 43 98 26 42 97 30 42 37 60 44 4 51 69 12 31 84 81 9 82 41 82 93 59 52 12 33 75 87 30
87 98 30 23 100 19 30 78 55 13 44 12 71 60 97 8 4 61 54 4 29 88 72 68 16 9 46 67 46 77 90 32 37 81 28 41 51 75
72 50 69 76 79 81 84 13 25 98 46 10 62 72 89 76 77 81 59 50 12 71 65 75 81 51 14 18 64 6 86 9 54 93 16 18 65 14
67 31 18 37 64 97 36 64 81 64 73 1 48 96 1 23 83 91 33 68 70 41 74 98 22 4 22 49 37 77 52 63 53 82 99 49 73 26
23 98 42 94 12 61 70 10 86 96 99 71 86 50 54 58 81 72 82 69 66 80 34 40 70 25 49 66 61 19 22 17 56 98 87 16 49 53
10 100 27 73 97 1 83 94 45 33 30 25 38 17 40 6 70 75 72 100 8 47 32 83 18 38 56 97 44 37 46 60 75 94 68 43 2 27
38 47 48 74 49 92 74 92 41 40 2 34 30 31 61 26 44 40 29 74 92 71 17 36 93 23 73 68 9 2 17 99 1 54 93 73 54 18
51 70 96 50 84 49 35 35 52 29 65 74 19 91 27 63 91 55 59 37 36 46 1 17 90 28 25 46 79 39 49 87 72 60 7 27 63 68
33 36 33 21 66 99 81 70 72 98 26 69 76 91 61 68 82 68 50 26 66 80 59 26 21 22 89 100 8 87 16 59 22 28 73 63 88 81
2 43 26 35 28 50 16 97 3 90 10 73 31 37 83 36 19 39 80 23 31 100 8 40 45 98 19 86 79 13 11 12 30 23 6 79 47 38
86 90 79 16 30 89 88 37 74 17 70 3 88 64 5 30 79 15 17 17 96 88 43 1 79 77 42 72 20 6 14 37 31 30 4 66 37 51
10 2 69 20 88 52 58 22 59 28 37 35 89 60 8 87 62 81 12 15 9 36 92 31 33 19 32 66 50 45 85 29 39 40 37 28 6 4
25 56 94 96 61 10 87 56 69 74 83 47 61 23 63 6 98 46 93 20 70 42 21 35 76 3 26 23 18 86 55 30 47 55 13 72 4 44
90 43 41 54 94 86 20 57 33 25 37 84 21 41 68 53 46 37 35 98 63 92 20 25 27 77 62 26 4 23 23 66 78 51 41 30 63 54
11 28 74 19 95 49 94 80 81 56 84 36 70 6 95 49 86 38 42 79 31 75 32 81 72 24 24 82 5 55 71 71 99 5 2 27 74 88
30 74 68 31 55 94 13 62 37 99 65 5 81 51 2 86 3 46 47 93 27 98 88 48 73 56 83 15 29 73 31 22 27 20 26 80 8 93
44 79 53 11 41 65 19 57 75 84 72 82 82 6 83 33 4 42 6 95 1 43 64 61 9 10 29 48 87 98 50 64 2 36 84 19 2 47
61 9 70 33 4 21 7 18 49 9 11 5 17 7 23 61 74 11 42 89 86 56 55 3 89 83 8 26 49 25 40 70 6 35 94 36 41 23
28 10 43 97 94 16 98 9 26 36 88 59 8 99 68 38 34 36 53 13 70 48 80 60 47 79 46 79 40 42 6 52 19 53 48 49 89 28
49 79 54 56 97 25 80 91 51 56 31 64 7 96 20 39 18 55 86 41 5 69 21 3 95 100 20 40 1 65 16 96 23 34 23 2 53 9
14 54 21 37 27 76 38 91 70 47 18 76 58 49 32 45 2 77 89 95 49 91 40 61 51 57 75 22 85 78 72 27 18 51 12 5 70 19
63 74 23 23 44 18 99 50 38 100 38 35 75 62 21 81 96 37 21 82 46 20 59 75 95 11 88 55 3 51 44 66 93 65 69 95 73 9
49 86 32 4 32 83 22 55 55 43 62 73 43 20 82 6 6 82 25 10 39 77 83 33 69 76 68 40 78 65 59 45 84 18 76 14 43 70
4 68 72 68 24 1 17 58 45 58 18 7 62 86 8 38 19 74 4 70 56 52 15 6 69 50 83 68 4 35 84 19 15 87 100 37 65 33
31 94 75 50 27 12 31 85 15 61 91 62 43 92 86 71 59 37 48 84 96 48 72 53 87 94 55 34 35 53 26 30 25 61 18 92 33 60
87 33 68 83 87 18 16 73 17 50 12 80 50 71 73 25 30 70 36 33 70 95 72 81 49 2 94 37 40 90 71 61 78 76 31 76 12 92
56 38 65 58 60 63 78 35 70 28 60 73 34 46 18 56 84 73 97 74 83 74 44 18 19 88 85 5 15 23 45 37 35 2 47 9 44 59
8 64 45 5 37 57 7 85 34 68 8 72 66 91 28 27 51 15 83 68 11 95 57 81 43 5 56 38 70 73 56 48 65 47 29 63 98 44
33 43 67 47 49 46 13 7 13 97 20 49 44 22 24 36 9 9 8 45 33 41 38 96 44 45 84 2 49 34 6 61 41 88 40 77 90 52
53 64 14 56 27 24 17 93 85 3 47 80 58 3 76 32 48 44 8 79 46 83 42 7 53 24 82 91 57 38 74 74 66 49 55 51 25 76
24 82 84 80 95 5 17 97 34 55 59 27 31 49 5 8 44 94 96 29 94 68 34 10 88 15 24 33 83 66 8 5 51 44 76 7 37 1
87 69 26 77 27 43 22 96 67 27 31 98 81 52 31 9 96 73 17 76 32 2 95 66 86 11 60 32 2 4 68 28 86 69 10 23 1 35
5 67 11 22 78 80 87 57 7 39 50 39 21 41 86 59 79 19 15 94 76 82 40 71 45 17 41 40 9 44 92 63 60 87 98 43 99 23
51 84 48 65 9 84 24 89 8 88 7 64 22 50 34 57 57 92 72 8 89 89 18 13 36 3 51 16 63 37 12 4 7 93 3 29 67 52
58 20 52 89 2 22 51 44 1 78 85 36 77 51 13 30 2 25 69 79 97 25 22 48 2 55 82 92 43 15 67 52 54 95 33 10 10 12
90 70 80 24 49 81 35 63 9 66 97 37 52 31 4 58 36 56 93 31 100 38 58 48 54 22 50 98 60 83 97 35 72 57 49 28 4 28
16 11 82 41 38 92 8 47 94 33 8 72 8 12 46 33 86 28 94 4 52 68 35 88 12 95 40 98 82 81 63 22 70 93 83 91 3 27
90 67 80 39 54 39 81 71 99 35 60 26 90 68 33 2 92 89 95 35 82 19 27 36 36 93 2 21 40 56 66 2 40 12 57 47 2 66
74 68 63 78 92 91 62 20 8 23 59 95 33 12 99 46 38 65 29 51 4 12 61 40 76 100 37 48 79 59 93 58 24 54 11 84 18 74
6 62 59 76 87 68 8 49 70 2 98 99 42 22 19 90 99 11 49 62 46 60 48 23 42 59 3 74 70 51 57 72 31 32 4 65 96 49
14 83 83 74 66 90 65 84 13 86 49 6 73 51 65 53 89 28 45 37 19 28 100 65 55 20 21 29 96 49 94 31 68 85 39 88 67 87
24 60 4 40 87 23 36 60 21 37 10 2 11 1 15 39 54 25 34 27 38 53 63 45 22 89 74 40 84 63 65 58 2 58 61 98 66 63
65 64 98 82 75 80 55 85 9 87 79 11 11 77 28 36 65 28 47 42 88 3 45 83 60 31 12 33 44 14 81 59 57 36 81 66 100 39
42 58 83 45 51 87 86 25 42 78 98 30 65 100 85 71 87 36 19 52 25 91 93 80 44 5 76 36 8 87 88 94 78 89 90 77 74 1
78 72 45 7 65 9 64 14 62 80 92 6 83 100 45 51 7 1 76 35 26 15 22 88 28 70 17 44 57 34 81 45 29 53 48 87 35 43
33 87 3 9 51 41 29 73 32 85 36 48 8 75 78 81 84 33 64 98 90 25 10 29 99 99 97 17 71 46 16 36 84 73 8 75 1 25
99 23 79 10 82 74 16 87 42 36 92 62 88 19 74 27 11 93 17 87 95 47 46 44 84 17 55 71 1 5 56 39 9 68 5 92 34 3
89 98 96 33 65 3 52 77 52 82 62 87 50 53 23 40 86 41 87 70 20 33 22 64 10 61 45 9 91 48 4 62 94 32 53 87 88 28
55 59 60 85 33 59 10 53 33 27 78 30 40 38 6 55 66 27 67 72 61 41 11 46 83 24 75 49 33 4 40 29 55 57 39 66 60 16
69 28 64 85 22 65 97 53 42 21 14 7 9 17 15 81 71 31 24 68 88 37 24 44 25 78 22 9 44 20 57 86 96 32 9 30 99 72
12 41 46 27 2 59 62 70 1 40 67 33 28 79 34 20 81 60 79 63 21 88 7 71 35 59 54 71 12 17 96 5 46 47 36 86 18 12
66 77 16 16 93 98 49 85 60 86 2 28 99 20 31 45 40 11 41 12 31 63 5 43 49 86 94 46 20 92 34 70 71 44 95 65 71 20
96 85 55 87 13 15 8 70 54 34 100 1 28 48 48 46 40 11 71 33 54 64 69 54 45 8 71 45 8 4 17 45 96 19 54 79 51 46
58 79 76 19 54 27 52 92 52 2 21 2 85 100 96 21 51 33 64 11 74 55 93 69 73 95 31 4 37 78 83 68 98 32 70 5 79 46
4 95 15 1 71 32 95 38 57 62 26 71 59 70 62 42 63 55 81 80 3 28 96 100 51 22 67 30 64 72 65 46 14 63 9 22 3 60
81 95 13 87 51 58 82 50 33 45 30 15 72 91 97 54 100 66 65 67 37 51 38 3 82 48 44 28 99 33 13 54 68 23 40 19 9 100
41 91 26 34 10 60 11 32 21 87 64 86 70 60 5 29 24 91 42 70 63 79 45 46 53 87 60 34 54 11 80 19 28 72 62 12 54 23
85 59 3 3 80 78 82 77 98 43 73 71 3 30 7 96 97 25 91 75 71 44 38 30 68 86 54 13 36 11 20 27 14 76 22 21 21 52
21 53 36 53 94 16 35 78 20 46 41 46 18 5 95 97 13 45 46 52 20 75 56 99 66 57 11 3 11 97 98 22 7 12 4 38 79 41
86 32 42 58 52 5 43 6 35 5 3 39 73 23 78 62 10 41 21 17 82 40 91 100 75 99 67 71 77 92 72 35 78 39 88 83 70 10
30 49 75 12 68 25 78 14 100 49 63 67 49 70 65 39 99 70 21 58 63 70 59 22 73 62 53 78 75 30 60 89 95 75 76 62 4 39
76 93 77 17 22 42 85 37 56 100 98 86 55 77 93 73 86 88 65 89 22 63 23 63 85 46 74 72 77 96 78 72 83 40 55 57 43 95
35 61 82 72 31 37 69 63 89 34 87 94 54 60 14 41 88 73 2 74 86 95 27 20 59 41 43 55 64 34 59 52 73 11 27 17 29 50
71 88 25 64 17 32 98 97 100 20 62 72 57 43 45 44 20 76 88 85 57 19 89 20 13 74 76 46 75 17 13 30 78 60 8 1 93 71
42 53 96 12 8 66 68 75 9 92 66 66 70 5 92 58 2 26 93 22 92 83 35 66 55 52 85 15 81 2 29 65 81 31 62 57 91 48
7 72 95 19 80 32 56 52 9 85 58 5 68 19 4 94 46 78 79 34 1 25 25 18 99 51 69 37 7 31 15 73 8 88 2 12 95 40
25 75 94 60 71 16 13 56 66 10 40 75 29 65 9 26 92 57 39 14 8 15 10 7 16 46 69 57 88 100 14 60 28 42 97 28 3 96
52 23 36 19 10 71 36 11 73 87 66 85 12 52 87 90 72 23 38 6 82 29 23 51 93 95 22 80 98 43 3 16 54 75 39 35 46 89
86 80 1 6 70 56 9 83 86 54 27 16 57 71 33 3 72 8 61 77 31 5 67 83 75 61 30 64 71 91 67 100 81 47 46 84 34 50
53 5 33 78 65 59 56 93 36 95 47 19 61 38 83 94 6 2 43 18 72 78 68 82 82 98 46 37 39 54 84 36 89 32 76 71 14 18
84 9 66 100 48 77 77 42 73 79 11 6 82 84 80 69 61 58 65 18 24 73 24 78 53 9 27 94 54 48 48 30 97 83 64 100 31 46
77 21 7 47 4 82 89 31 71 21 60 27 19 80 13 60 86 54 77 54 7 37 20 2 53 28 19 66 25 54 31 97 70 3 51 15 71 66
44 2 68 50 71 54 73 56 27 6 92 77 95 47 59 20 18 96 61 11 9 3 45 75 14 43 43 84 82 51 91 77 19 81 8 72 75 95
50 30 39 58 18 74 17 51 77 87 44 3 46 78 65 62 44 21 54 3 97 24 40 82 41 17 2 98 37 35 52 97 70 3 69 77 53 7
53 59 52 98 46 71 30 59 53 33 75 1 19 70 6 15 9 28 88 69 1 47 85 51 21 28 81 57 61 22 95 99 84 82 65 93 91 83
76 49 10 67 13 39 63 48 96 50 68 66 64 97 43 72 20 1 36 18 92 25 11 34 59 10 62 93 63 28 69 67 97 12 8 70 98 76
25 76 99 19 38 60 61 18 9 86 25 95 55 85 38 87 66 24 30 96 75 88 18 43 54 93 12 8 90 71 99 66 60 2 26 12 43 69
68 94 3 76 60 43 7 69 19 8 95 45 46 13 14 50 30 58 7 66 21 97 38 25 11 46 17 52 1 51 75 6 64 70 45 7 97 87
88 39 28 98 22 24 50 81 72 23 64 14 7 73 68 3 62 76 90 73 92 19 92 90 62 11 94 42 75 47 20 5 97 50 52 87 87 26
67 56 81 77 11 25 92 68 10 18 19 62 25 78 5 10 11 15 4 10 96 87 20 39 58 68 8 51 75 50 18 27 31 22 73 97 87 28
12 47 14 98 29 73 59 48 59 3 51 80 100 26 36 31 61 100 83 15 59 78 42 46 94 42 56 99 20 70 41 8 8 15 25 100 84 93
68 85 80 14 48 68 91 33 10 15 98 89 13 52 59 62 56 85 20 60 2 4 94 97 16 63 76 84 65 10 11 63 89 68 42 4 12 63
85 100 4 64 51 71 42 18 56 20 85 90 80 8 4 19 70 45 80 75 60 41 72 49 76 14 53 97 46 41 37 13 58 18 72 49 60 18
81 13 66 63 57 65 18 27 74 93 29 32 98 42 60 43 90 70 13 36 52 83 7 96 62 34 25 4 58 61 17 77 79 41 41 92 65 34
58 92 40 7 87 34 97 10 95 57 77 23 91 38 6 60 31 85 32 38 72 93 36 2 1 68 35 2 4 99 24 65 80 88 7 7 28 88
65 6 38 92 71 94 53 94 100 71 5 30 41 73 17 86 40 59 45 52 89 96 12 63 83 14 19 75 21 7 44 86 83 10 49 95 52 29
9 28 77 76 40 60 96 15 85 2 69 36 1 33 61 87 29 24 13 13 92 84 45 82 90 75 29 82 72 23 10 46 5 60 74 20 65 10
42 76 4 86 12 81 9 50 84 75 87 79 86 82 75 55 48 75 63 64 10 94 39 4 51 24 26 97 58 57 64 26 77 33 33 6 56 62
92 88 65 57 85 16 98 85 92 70 16 64 95 48 23 74 69 73 90 43 57 71 57 32 4 56 36 60 10 21 49 27 64 70 28 27 97 78
42 7 22 50 8 24 86 16 66 94 100 10 20 15 87 7 27 1 43 61 39 62 69 47 99 76 55 93 70 47 29 66 37 42 99 90 65 59
8 48 94 10 90 65 12 16 43 49 53 1 55 5 47 84 15 26 11 53 82 97 34 43 94 8 99 39 73 91 70 9 100 43 92 26 16 63
82 90 87 36 14 54 69 95 67 92 92 88 16 90 17 25 44 9 4 50 5 27 49 32 19 14 76 61 70 30 9 71 58 13 53 97 50 98
