38 38
61 18 64 99 4 79 49 34 66 52 58 46 46 92 32 74 95 5 83 17 54 16 85 78 44 11 55 48 84 18 51 22 56 11 49 83 17 73
19 79 7 22 51 1 71 51 50 100 69 33 95 99 37 6 64 54 13 90 69 74 3 78 59 4 11 52 79 61 24 16 94 100 47 42 47 52
39 74 59 79 55 25 64 15 93 48 57 57 25 6 17 8 54 9 95 47 86 13 33 57 83 20 23 39 16 53 21 27 18 35 87 60 9 44
26 26 98 11 92 95 14 76 16 2 39 22 46 43 29 49 95 3 88 36 14 70 24 44 58 66 13 83 52 82 32 12 15 71 93 64 88 5
66 67 49 85 64 3 93 17 65 42 95 44 94 86 62 24 97 94 82 22 94 2 23 13 42 63 50 34 84 76 22 14 16 69 81 32 27 34
35 16 68 18 30 72 56 24 23 98 13 33 24 58 94 12 71 86 8 55 17 43 44 90 26 82 47 20 80 95 34 4 69 20 68 62 11 17
32 11 10 43 95 47 57 83 49 100 81 24 11 29 76 7 9 53 91 62 25 50 53 38 16 5 11 66 67 10 52 29 41 43 91 79 83 6
60 15 92 64 68 47 49 84 65 41 52 8 97 1 65 36 84 2 37 97 36 89 59 54 9 63 3 88 62 19 1 67 54 52 53 62 66 4
72 3 25 77 7 44 85 43 31 17 98 42 65 12 9 85 46 33 79 56 70 13 1 66 53 5 98 6 98 95 71 38 7 53 7 24 76 13
83 24 35 76 27 23 28 17 21 11 50 12 97 87 26 92 55 92 27 22 29 59 89 67 68 53 66 59 68 65 57 39 10 77 73 20 6 20
90 49 49 50 42 8 45 48 87 67 54 89 91 28 55 81 56 13 33 82 12 30 7 32 20 49 79 29 21 11 84 89 11 16 33 18 38 86
36 75 69 15 18 86 65 64 59 47 58 47 29 84 19 59 62 34 28 41 21 69 39 59 80 26 20 94 100 88 74 5 1 85 20 52 97 34
49 86 29 46 22 75 81 83 82 97 45 26 44 81 29 79 3 64 19 80 75 63 34 30 34 40 69 1 53 29 92 46 59 34 99 45 42 82
68 95 73 10 77 4 98 38 55 6 70 80 5 2 1 6 12 75 14 82 83 63 14 4 66 64 95 72 38 52 9 52 31 65 16 56 18 12
53 52 34 19 14 46 77 28 91 76 2 48 98 16 21 52 13 63 68 58 70 47 25 28 79 5 30 32 51 73 3 7 69 66 30 56 88 85
51 71 31 29 91 71 82 10 7 95 28 71 77 96 14 96 46 36 40 100 16 65 99 90 41 52 6 94 69 44 33 78 84 18 79 57 28 91
46 16 34 64 37 24 23 68 41 75 93 24 16 30 33 26 62 22 79 28 88 82 56 7 99 21 40 37 89 24 52 52 83 10 42 44 10 22
30 96 9 24 67 48 91 60 14 73 93 3 42 22 7 51 30 98 24 34 23 45 47 94 92 59 71 51 38 62 57 68 79 64 64 71 44 45
21 87 19 26 97 51 94 34 88 21 16 64 58 20 7 61 72 34 68 11 35 20 39 90 85 71 42 14 97 31 71 26 23 86 27 64 20 44
38 76 49 20 33 45 3 73 83 57 47 85 55 4 20 18 72 81 97 39 14 20 83 37 36 51 47 60 79 95 96 3 18 41 15 39 51 45
6 67 41 14 58 87 21 59 12 62 66 30 31 20 48 49 80 46 37 89 42 20 3 23 75 79 56 28 71 12 70 61 67 67 13 23 20 84
92 95 53 63 96 77 58 62 19 30 27 27 44 87 25 11 18 12 87 71 9 17 3 5 79 88 66 57 8 20 13 91 81 56 98 44 75 42
78 85 96 18 44 11 33 5 10 49 36 23 42 30 12 33 97 23 58 11 31 40 6 53 53 94 31 83 18 84 23 54 59 44 70 33 3 45
57 48 75 54 26 76 74 29 38 79 35 73 74 81 74 74 30 51 16 43 36 11 99 84 99 56 1 64 54 19 24 92 7 95 66 82 12 21
90 61 2 35 67 65 56 6 23 1 9 49 82 31 16 36 76 28 8 1 5 77 24 53 7 41 16 42 97 56 9 68 18 71 94 94 8 81
55 58 54 18 78 32 64 18 52 82 33 56 25 52 97 11 7 2 36 64 92 94 7 73 26 56 66 58 74 27 37 3 12 6 27 73 82 58
100 100 76 38 6 91 31 21 78 1 24 99 48 21 14 66 40 97 58 18 26 73 47 46 36 85 27 9 14 69 5 1 67 44 15 15 7 47
17 92 8 89 86 67 53 55 3 54 71 96 26 17 38 55 57 48 16 47 55 92 40 28 38 45 74 51 85 26 36 54 16 2 84 45 94 62
84 36 22 63 74 74 77 73 90 93 55 35 21 19 44 37 7 60 46 84 59 29 96 70 5 97 64 58 64 82 75 96 22 46 8 43 20 6
80 74 54 35 66 94 27 27 32 90 41 26 4 92 28 54 73 83 46 80 40 16 42 48 10 14 61 90 1 60 82 70 59 65 51 9 89 14
10 73 44 27 8 42 88 21 51 70 11 89 68 94 64 77 9 59 75 55 15 28 20 18 62 12 33 53 47 34 65 37 10 55 3 14 30 40
92 97 66 93 84 77 65 49 30 52 88 34 65 83 6 3 89 36 97 81 43 6 31 79 6 46 67 82 14 17 5 11 38 98 8 42 64 98
46 43 35 97 37 66 68 26 80 81 73 10 55 33 52 89 36 69 99 37 22 61 16 60 19 61 30 43 76 70 76 28 4 25 26 80 75 80
66 41 28 12 44 16 36 23 17 61 76 46 8 83 77 70 95 29 71 84 77 61 40 5 40 40 77 99 48 46 58 5 24 44 90 33 49 75
9 76 17 42 17 74 35 3 69 23 99 38 9 61 31 27 31 39 63 69 59 21 24 54 37 76 5 81 53 36 41 82 36 93 21 45 41 3
53 93 3 5 70 30 29 60 79 29 13 3 10 43 85 66 84 73 34 28 91 90 59 29 16 13 83 68 93 81 42 67 17 62 77 4 1 10
11 32 21 64 50 67 36 19 42 99 32 14 65 32 90 42 27 43 5 57 12 37 48 54 35 92 80 61 93 76 78 9 83 87 95 42 6 65
90 16 36 69 14 5 44 65 35 98 25 96 52 45 53 10 95 97 12 84 9 54 18 17 81 55 57 15 14 53 41 6 7 46 50 9 11 46
