21 36
79 32 89 8 79 19 27 34 85 19 8 58 61 72 27 87 45 35 96 92 36 9 10 93 98 15 8 5 93 58 39 93 8 97 13 37
22 45 60 65 98 53 50 59 44 58 19 71 66 100 67 51 12 22 86 69 16 26 82 21 34 56 72 87 31 29 33 69 65 7 2 36
91 27 1 29 20 34 66 2 69 92 58 30 22 94 19 41 86 21 77 95 52 88 8 48 56 95 69 92 38 8 45 100 95 98 51 92
73 3 57 46 74 50 18 79 68 22 78 22 67 46 27 98 82 69 31 51 43 67 26 58 42 37 73 55 67 97 3 4 27 58 3 57
16 19 70 84 16 57 98 2 9 82 67 69 33 4 53 87 7 30 15 51 12 9 3 55 80 30 65 90 6 14 12 34 21 50 14 64
39 12 39 22 10 56 86 50 82 52 11 2 50 72 97 23 58 97 6 98 60 38 98 68 37 12 89 93 67 36 67 35 77 51 58 43
23 98 43 8 6 69 41 15 58 88 38 91 86 64 54 66 51 75 1 59 86 52 28 97 83 45 20 13 10 69 38 68 55 48 14 15
24 97 69 34 72 83 88 1 77 95 12 89 91 69 86 84 55 21 28 96 21 48 77 46 50 11 91 52 32 19 16 39 55 70 53 47
19 33 7 3 47 70 38 81 62 83 82 25 45 64 70 85 48 94 50 14 48 52 58 69 68 99 47 80 18 12 44 58 13 25 29 75
16 88 23 69 38 62 20 68 100 52 40 8 26 38 36 29 93 89 74 2 60 15 49 38 42 72 23 87 52 15 72 31 4 41 80 33
45 85 84 59 27 46 81 61 61 77 38 3 41 42 35 55 28 35 42 45 87 22 96 34 57 4 63 14 70 47 87 65 27 41 99 84
75 29 98 85 82 46 5 48 52 54 66 44 44 69 57 33 21 93 34 51 68 100 39 99 43 43 15 72 18 26 68 54 29 10 57 6
41 22 63 4 90 29 53 36 99 66 2 99 76 70 98 38 45 14 51 64 88 64 1 48 69 43 39 49 39 88 52 65 6 25 86 16
86 24 11 50 7 17 33 37 23 32 50 43 64 3 59 84 6 92 36 65 83 37 41 49 62 20 43 18 32 42 58 22 77 59 81 79
62 52 83 8 39 80 9 31 92 26 4 63 68 43 44 45 21 91 9 62 57 18 76 38 60 9 74 64 71 37 69 72 85 43 27 9
32 73 55 48 82 56 68 77 49 50 45 61 91 66 95 32 22 21 33 11 22 63 38 44 76 91 38 25 80 35 21 63 86 60 1 24
70 100 82 62 24 9 16 65 93 57 91 3 87 22 54 43 30 20 38 36 4 76 48 82 2 48 98 29 17 16 50 33 84 75 51 22
42 35 32 93 42 41 38 47 89 8 41 16 20 31 34 74 71 37 56 72 65 41 5 97 76 70 34 41 100 41 97 93 87 69 29 30
44 29 87 4 32 56 24 68 80 61 3 64 60 46 77 1 63 83 62 90 57 46 50 19 81 29 79 44 79 42 4 10 21 78 98 14
92 98 95 82 49 10 97 37 60 26 55 63 49 13 6 95 18 19 17 26 48 76 41 41 73 43 48 51 50 48 12 50 80 56 72 22
24 53 10 61 99 29 31 32 23 16 15 2 88 94 19 4 69 29 4 17 63 87 49 47 94 74 48 10 9 81 5 3 17 74 88 68
