90 35
66 57 89 47 32 45 84 94 50 83 97 84 48 98 9 40 18 12 7 53 4 26 86 7 12 29 50 64 99 19 26 69 52 14 4
97 34 17 93 52 24 81 6 99 58 93 76 24 57 76 21 56 26 38 11 32 32 82 44 100 15 8 2 49 57 39 55 19 67 24
40 38 63 100 92 16 29 22 95 83 75 16 20 18 61 35 74 86 60 89 62 23 89 7 78 25 61 8 72 24 17 69 22 70 71
20 76 31 3 66 15 97 23 7 77 45 87 73 8 69 86 10 59 68 68 37 91 75 52 56 6 78 90 57 70 98 24 47 40 56
66 48 94 46 22 78 94 88 5 43 52 49 36 92 12 23 54 90 55 45 18 8 74 56 43 71 100 72 30 70 59 51 64 97 71
42 96 85 2 51 99 50 27 91 3 7 27 21 65 97 1 14 50 47 87 18 24 33 5 7 36 12 42 92 91 16 95 61 37 3
90 50 9 33 31 57 54 20 79 48 6 99 62 89 77 46 49 40 96 3 88 50 59 11 19 72 64 14 60 47 77 100 12 53 27
45 7 80 91 83 25 1 5 75 92 48 32 36 28 46 45 22 97 47 87 67 20 97 18 10 5 9 15 5 15 8 28 41 8 57
84 7 63 64 5 82 50 98 80 70 53 76 9 30 92 9 8 37 1 92 43 29 14 17 52 34 44 79 13 86 68 78 75 61 76
2 76 15 77 79 28 95 79 86 81 14 46 16 82 1 13 94 81 3 48 17 96 58 65 14 66 84 30 72 74 5 48 93 32 75
56 31 15 12 91 80 69 31 6 8 4 62 100 25 25 3 14 75 91 10 49 9 59 14 82 100 62 18 88 67 46 5 83 58 20
81 36 14 73 48 69 29 39 49 70 55 27 46 96 65 45 77 17 9 80 96 25 53 90 44 67 34 78 90 30 64 56 53 86 21
8 38 6 19 59 81 60 2 19 83 59 57 78 40 27 72 8 24 70 18 12 12 85 56 71 22 86 85 39 69 45 87 48 13 1
19 100 35 64 36 56 43 42 85 37 35 62 75 40 95 73 21 18 10 3 7 91 96 78 58 25 92 10 46 79 96 82 67 70 74
77 72 80 62 97 52 47 53 98 79 92 56 70 17 33 17 8 13 52 21 15 13 1 79 72 80 14 47 90 68 48 59 16 9 17
47 88 90 32 47 76 54 36 84 38 26 21 70 20 81 95 8 83 51 29 41 51 55 81 4 44 59 16 38 63 97 16 50 60 99
52 92 63 26 92 38 36 68 82 60 15 99 44 78 80 73 35 51 96 17 31 72 72 74 56 14 61 99 77 28 97 75 6 84 87
98 71 80 33 27 51 72 34 39 7 90 82 73 56 69 50 32 66 74 51 83 25 83 47 27 51 13 29 18 28 49 72 25 3 14
8 87 2 81 80 89 47 49 75 17 24 78 49 75 76 95 64 52 11 67 20 9 48 8 70 88 88 65 71 77 70 18 53 100 9
52 14 17 50 95 61 32 46 54 61 42 2 70 11 47 9 7 40 57 26 26 71 81 27 36 64 73 73 41 72 46 17 41 95 43
50 43 80 45 32 63 11 76 40 69 33 34 17 74 63 31 98 54 32 57 89 91 89 13 36 14 46 41 42 27 75 67 4 17 22
18 24 62 90 3 37 40 17 43 33 58 38 3 64 85 98 77 18 82 52 13 98 98 66 65 35 47 34 73 55 83 53 10 39 98
47 62 99 68 95 69 62 39 44 2 75 87 24 31 33 16 16 41 57 4 73 63 86 28 49 58 65 42 84 77 93 9 61 13 44
81 44 76 8 94 54 30 5 35 10 44 19 61 74 9 59 10 13 45 17 23 55 4 48 9 40 43 9 55 36 93 13 46 50 24
82 51 66 44 12 77 69 5 32 75 12 49 5 72 48 25 89 7 84 40 42 70 52 32 45 57 76 24 70 40 84 5 30 97 46
17 41 38 56 36 32 3 80 5 51 19 50 41 34 13 65 47 1 81 100 96 27 91 10 75 59 42 51 11 66 45 18 99 24 46
7 59 47 52 54 42 36 87 1 71 19 65 49 84 65 79 8 59 52 56 61 66 83 13 45 34 43 30 64 96 13 72 67 93 8
84 73 66 90 19 63 54 14 42 88 62 64 72 45 37 20 45 49 66 28 13 97 98 17 45 66 23 12 61 95 57 21 51 69 39
23 32 43 29 25 48 59 7 45 39 58 18 3 37 87 57 68 49 87 24 80 5 67 79 44 65 59 1 52 98 70 35 36 85 26
70 29 17 33 26 75 4 3 51 73 41 18 41 64 29 72 98 91 19 68 18 54 11 72 44 14 25 65 12 85 43 7 80 74 62
46 42 75 65 85 18 5 16 42 96 60 43 19 77 15 19 68 35 6 63 29 34 15 23 73 40 73 45 26 27 40 30 59 97 53
56 51 68 80 83 96 24 91 80 8 46 89 24 59 10 52 30 30 19 2 41 70 13 62 4 3 47 82 55 26 78 68 21 94 50
46 22 35 68 43 43 32 87 82 83 62 7 60 60 91 11 97 18 32 30 30 8 35 76 22 25 70 21 2 81 16 42 91 32 47
91 54 37 26 54 1 63 91 38 21 40 73 26 82 19 60 46 42 16 29 78 50 57 100 14 53 59 35 58 35 5 17 71 17 13
70 94 57 61 61 95 44 67 79 72 18 95 18 31 18 33 6 53 31 59 26 57 74 88 10 41 37 90 88 99 44 25 57 22 97
24 5 90 25 44 94 29 29 27 96 100 98 98 97 65 61 90 83 71 73 76 14 35 58 95 96 87 66 33 90 20 70 97 93 79
16 48 8 6 46 83 48 89 38 96 78 79 43 6 35 50 74 34 94 47 98 84 45 91 37 78 17 67 64 11 84 39 49 63 63
9 3 86 53 78 17 50 37 21 15 85 75 47 57 87 14 87 25 75 28 51 27 68 67 7 67 23 2 24 15 80 43 47 2 89
56 67 100 57 39 89 83 60 54 90 53 62 11 62 75 51 36 23 93 54 10 52 7 13 100 75 24 64 6 61 48 63 91 68 39
57 95 41 60 26 57 96 15 28 71 76 55 10 86 11 47 97 29 78 43 84 21 45 2 90 30 21 85 41 92 10 70 93 93 3
26 97 58 91 47 61 89 69 79 81 56 4 21 92 17 93 45 33 73 36 98 70 63 33 25 78 87 39 17 85 34 33 33 45 63
53 9 12 6 77 25 47 56 36 98 16 48 5 79 43 25 70 47 58 3 32 15 51 63 80 59 62 29 57 64 71 71 77 45 37
72 37 10 48 54 92 48 81 73 54 18 59 40 46 71 16 56 53 77 100 68 78 25 56 34 62 80 95 43 70 18 5 86 15 53
18 81 73 61 42 52 80 69 12 10 15 76 12 10 66 29 80 14 23 31 43 17 3 5 96 2 26 82 84 88 80 80 43 93 61
82 59 62 20 78 95 88 43 91 23 59 70 64 79 42 57 17 1 91 2 3 75 96 16 71 57 99 32 49 3 46 22 39 70 50
44 59 88 21 45 28 97 49 97 10 70 51 34 35 25 80 78 74 27 74 64 10 41 82 36 90 35 20 71 15 48 17 54 29 30
53 17 91 93 63 79 30 53 37 28 64 41 18 83 86 1 39 42 10 100 45 22 69 34 92 67 48 12 33 52 44 50 20 7 96
7 2 12 94 83 56 26 66 53 55 1 78 73 27 2 33 33 13 88 86 17 34 60 92 19 88 72 60 67 23 75 86 81 72 60
4 41 29 63 23 75 46 16 27 74 2 48 97 84 13 61 83 60 76 41 56 36 77 12 72 94 53 65 18 56 100 83 33 63 99
93 72 88 95 77 77 60 21 32 71 66 25 68 66 62 80 22 36 97 9 6 42 62 67 69 8 55 47 9 93 12 11 15 65 86
51 30 44 44 3 54 11 7 38 71 17 80 1 27 47 18 7 49 4 64 15 99 20 4 59 99 63 36 32 81 13 37 41 88 11
30 29 98 61 66 15 29 46 93 24 64 59 52 99 5 27 83 8 44 74 3 91 75 93 16 94 23 46 13 34 99 36 45 41 96
81 52 4 66 74 6 92 57 58 91 98 2 19 92 51 42 41 61 43 62 1 48 21 53 74 61 12 40 41 74 9 29 54 40 25
38 88 83 45 10 53 6 91 99 88 55 46 50 15 62 28 85 12 91 2 72 2 37 37 21 87 60 33 91 49 51 47 1 14 39
51 47 4 70 10 26 13 91 56 41 6 93 1 30 18 58 52 22 82 2 81 52 6 68 3 32 54 44 49 11 42 86 75 36 59
98 67 7 43 45 37 97 47 51 98 19 47 89 16 32 89 28 58 40 98 22 77 42 45 20 56 20 73 26 4 98 53 15 51 64
98 88 42 92 22 7 32 7 98 10 60 14 85 54 34 92 98 37 3 35 82 87 67 16 71 80 26 67 72 17 29 90 66 77 50
41 34 74 26 9 73 44 90 93 48 69 44 82 15 50 23 34 80 60 30 83 76 31 22 61 90 43 45 5 71 63 37 43 44 67
84 47 10 65 98 43 79 60 77 81 26 56 79 14 40 60 37 38 91 84 99 10 100 69 60 66 8 55 39 52 29 83 50 68 18
10 38 90 66 28 92 61 76 8 38 1 82 50 57 31 62 2 93 32 82 49 5 91 11 81 21 95 83 86 21 88 72 34 96 72
12 44 97 22 48 49 93 98 14 3 5 43 99 39 5 89 35 8 29 33 10 32 42 20 58 83 96 91 90 22 52 11 79 57 13
67 29 48 3 61 96 26 5 23 87 71 58 63 81 81 86 77 78 53 23 91 60 23 92 53 54 77 44 46 13 19 34 99 6 60
52 94 8 72 30 18 10 35 8 81 22 73 50 73 23 47 11 52 43 61 68 58 86 32 42 61 79 57 3 83 72 2 52 17 49
69 95 3 23 55 4 87 19 35 33 3 20 75 86 31 17 58 96 14 8 38 41 92 29 8 73 84 23 14 12 98 40 12 92 92
88 78 57 8 84 21 25 18 18 20 84 4 12 85 24 65 13 76 34 90 3 47 10 66 91 23 67 21 21 10 94 96 95 81 71
86 16 27 68 62 34 91 6 95 45 51 81 24 100 46 40 89 25 23 89 93 44 18 50 19 16 10 84 86 13 59 14 80 33 22
73 82 18 55 47 80 15 75 38 29 35 39 71 72 6 59 62 30 85 42 16 74 4 1 22 76 42 1 15 94 5 86 69 92 62
2 96 16 16 82 11 21 52 7 39 36 79 88 66 67 23 64 21 83 19 42 48 1 18 51 29 21 25 66 59 67 92 9 71 5
86 4 65 9 92 92 81 27 60 14 8 34 70 43 45 95 79 38 15 37 84 44 41 95 5 91 27 51 3 82 50 5 54 12 3
95 31 88 60 42 89 48 44 89 6 28 1 36 21 32 82 20 17 8 97 5 41 92 33 52 62 17 9 50 4 55 45 53 81 51
73 57 54 10 75 90 47 26 24 52 5 73 26 54 98 92 71 19 16 42 18 79 2 97 14 62 36 20 88 18 89 94 70 69 34
61 44 95 48 3 46 1 74 53 29 44 8 72 99 58 68 21 97 70 63 67 31 71 69 100 71 57 8 52 37 52 58 1 43 26
99 76 31 29 62 71 90 88 70 11 11 52 55 84 67 98 20 59 84 99 49 66 46 8 63 54 54 31 78 38 5 6 26 95 100
59 83 64 82 55 39 66 33 19 86 59 34 35 51 32 59 9 66 59 46 70 40 84 55 47 30 86 8 87 26 60 37 63 10 47
27 46 42 49 85 25 25 16 16 18 38 30 70 17 69 63 78 7 35 81 78 23 70 4 79 57 30 30 52 32 99 5 20 23 8
63 13 16 19 28 45 81 30 30 28 19 90 1 62 19 14 46 51 30 73 86 51 100 44 26 55 72 94 33 5 20 69 68 63 55
42 82 59 94 83 24 2 27 84 6 30 2 43 66 96 90 37 36 6 100 70 52 45 34 58 100 3 31 61 85 71 21 12 99 12
55 21 67 59 5 93 81 59 52 28 90 67 38 44 99 35 9 85 75 19 90 9 14 45 54 24 86 35 8 6 14 36 34 4 36
91 29 39 39 36 97 7 21 43 94 27 59 75 7 69 83 67 25 49 90 75 47 65 6 17 27 88 97 5 58 27 98 22 91 71
67 94 97 56 20 65 58 46 11 4 42 2 57 44 37 67 20 81 72 29 34 72 34 37 60 73 26 59 46 33 35 21 58 43 81
25 7 36 14 4 52 20 63 4 1 95 11 38 33 64 88 100 49 85 41 23 24 71 36 4 28 71 17 41 80 5 71 29 89 20
94 67 90 91 12 94 74 30 47 28 1 68 19 26 24 66 100 68 49 12 47 98 83 40 78 38 8 16 24 19 67 9 46 81 72
99 2 97 29 20 90 15 36 47 89 31 54 22 87 45 70 15 55 21 75 9 72 69 90 18 33 52 64 92 34 15 86 6 78 9
42 61 38 37 56 39 86 2 25 54 22 50 96 12 52 48 25 73 5 14 83 69 84 56 61 16 2 89 29 84 46 26 44 14 37
48 56 87 98 5 10 24 42 31 42 83 30 64 45 56 95 37 83 5 99 90 97 58 46 10 69 47 84 16 59 2 13 56 2 48
13 66 47 91 33 19 97 49 81 90 70 11 12 90 29 4 65 88 1 56 11 40 49 93 31 14 36 37 12 23 2 92 51 86 92
39 28 4 93 45 61 75 93 17 74 77 30 56 65 84 93 76 87 57 22 94 26 30 79 68 56 64 38 97 96 37 92 17 48 24
33 48 59 82 98 50 15 89 74 33 85 51 48 82 84 30 43 32 75 38 15 30 91 78 63 91 33 90 88 32 55 40 29 16 29
38 24 11 18 71 84 45 76 29 34 60 92 79 13 41 49 19 65 59 4 54 44 40 76 90 7 20 35 100 35 51 92 74 3 67
79 19 28 54 54 98 76 28 85 75 3 24 16 20 72 83 35 64 14 94 43 82 38 82 15 67 40 65 33 91 56 10 46 85 47
