32 88
39 23 7 85 58 2 93 51 9 65 91 34 66 67 35 57 25 89 36 35 94 29 25 54 5 79 2 16 38 88 7 9 32 19 74 65 57 26 99 32 58 12 14 95 49 73 85 98 40 27 43 90 48 34 100 93 86 14 74 56 69 55 79 65 28 38 32 56 21 66 33 90 94 85 74 96 18 80 61 54 100 96 65 80 80 55 15 5
14 23 23 81 31 21 1 58 13 52 56 95 38 62 7 85 32 95 34 43 87 14 92 64 44 1 78 70 53 24 74 33 13 96 61 76 69 48 45 99 82 33 56 78 85 34 17 13 33 50 92 64 64 73 91 9 92 45 62 15 95 86 1 65 77 95 7 12 54 82 3 38 75 17 46 84 37 51 14 17 35 91 50 78 15 47 61 8
5 31 64 28 27 31 39 27 24 7 47 23 50 81 19 100 13 8 11 90 30 63 36 73 56 24 80 26 74 2 57 58 58 29 6 13 32 4 85 20 5 55 39 94 54 23 56 48 55 74 34 27 61 40 73 6 60 22 24 76 97 88 86 26 71 74 38 93 54 98 91 19 25 97 40 39 52 31 67 90 14 16 9 16 21 28 34 44
18 21 61 19 70 40 41 89 73 98 89 88 34 83 25 6 95 84 50 94 31 12 57 72 72 32 94 72 30 29 83 54 50 94 70 35 7 2 38 63 38 33 51 8 71 53 11 69 39 36 33 50 32 24 79 11 95 56 50 96 37 53 35 12 16 75 36 97 87 74 9 71 57 78 55 46 93 11 24 5 25 73 24 60 33 70 48 6
27 50 13 52 85 66 28 4 61 66 15 1 11 68 10 45 91 32 2 65 93 76 30 18 34 79 65 32 33 38 59 23 86 12 83 87 10 47 84 52 36 33 63 66 14 12 44 91 86 20 65 7 22 54 7 19 25 2 62 29 29 96 59 2 6 36 100 45 13 88 44 88 37 78 39 69 20 18 72 87 61 39 82 76 92 96 60 60
35 26 28 7 11 32 89 96 63 84 71 28 21 32 72 17 8 96 77 45 85 10 42 85 16 49 62 69 43 70 77 67 43 31 79 47 34 11 1 93 79 83 42 21 54 41 47 87 70 18 39 19 94 32 86 82 28 78 88 2 16 92 65 5 77 98 98 53 75 83 7 56 20 25 95 7 32 54 75 81 55 10 66 7 22 40 56 41
20 83 74 86 70 94 53 49 73 5 43 84 12 81 2 58 65 33 46 92 64 28 6 95 37 63 94 48 45 75 23 7 93 54 74 53 2 92 58 45 48 98 68 61 48 86 68 78 3 33 53 100 25 1 85 98 6 41 66 38 96 91 49 28 89 49 77 29 95 14 46 49 97 19 2 24 15 92 7 33 33 12 71 88 16 62 72 30
61 68 64 66 38 93 76 27 34 54 43 91 33 8 37 90 88 78 77 40 6 48 40 51 3 94 27 96 31 47 15 75 47 4 34 44 27 70 37 33 96 27 100 14 60 35 73 4 42 17 25 97 8 47 43 99 69 64 18 59 64 76 45 87 18 41 97 39 16 21 15 85 85 18 79 92 13 37 49 34 18 42 17 80 5 32 44 17
100 8 80 33 31 86 20 33 77 100 73 44 84 97 84 60 63 13 50 45 59 76 76 97 56 60 94 57 74 62 22 22 43 79 81 36 14 23 78 47 1 71 54 11 7 68 34 9 29 99 51 50 58 90 23 84 40 74 64 91 22 79 14 34 23 93 60 38 87 57 12 10 48 75 35 79 22 49 75 93 32 24 23 7 67 73 74 96
67 90 75 35 13 74 72 84 6 67 63 67 90 34 2 73 85 65 82 12 92 36 5 12 63 36 77 75 37 63 4 37 45 79 43 32 11 51 72 41 78 83 100 80 49 20 15 28 92 95 61 99 9 44 40 5 58 19 63 3 80 82 7 86 24 73 20 15 73 34 6 85 63 87 56 84 94 26 37 45 62 15 77 20 29 3 86 21
1 17 27 62 69 69 93 31 70 8 61 43 82 91 53 31 63 61 47 17 13 47 6 62 62 75 69 78 1 24 97 15 49 46 95 85 39 39 63 33 22 84 59 65 87 10 83 39 96 15 64 68 20 97 83 95 40 93 83 34 68 36 51 16 9 14 21 55 54 66 1 28 68 66 10 85 95 91 46 10 21 28 65 55 25 67 12 65
89 16 97 3 35 45 10 59 62 1 97 53 70 33 15 91 73 84 46 34 6 54 15 48 11 43 12 18 3 65 24 67 79 23 97 30 1 12 91 89 2 15 57 15 76 72 93 71 80 3 67 65 52 63 18 36 81 2 2 52 19 51 73 75 93 96 1 79 62 45 61 57 36 65 32 64 19 99 82 59 42 51 44 57 94 35 98 27
59 80 71 14 67 29 29 62 88 46 65 73 74 33 78 89 13 25 57 85 40 46 47 20 57 57 86 43 83 100 89 16 86 17 23 48 6 91 17 82 38 49 15 92 22 14 16 14 95 1 5 49 10 25 72 58 39 47 5 82 35 71 41 40 77 53 65 21 17 6 49 59 58 17 82 41 49 9 4 74 89 31 20 25 29 1 61 84
8 47 13 91 27 45 95 74 96 24 42 29 50 96 21 93 77 58 97 48 99 23 90 49 11 21 14 64 21 48 6 18 30 15 62 78 62 64 75 3 83 2 66 22 76 62 84 54 65 12 61 64 5 74 10 58 93 73 2 79 43 63 82 22 83 77 3 38 40 58 24 19 23 55 89 5 99 56 76 93 9 87 14 34 66 64 83 30
76 57 1 41 10 23 54 61 58 52 29 59 90 34 76 85 79 88 99 13 16 79 51 28 2 88 31 90 70 76 19 69 44 72 68 44 34 82 6 78 24 64 1 23 67 15 45 74 27 31 16 99 18 13 90 24 86 85 90 55 74 42 76 14 95 54 60 69 88 18 6 87 24 1 44 95 19 79 72 65 20 85 67 10 93 24 53 12
44 83 37 77 56 9 71 49 71 67 72 26 39 85 14 44 82 46 61 6 95 45 45 79 53 83 49 16 54 27 91 4 72 51 93 97 95 43 36 67 59 75 35 47 15 89 1 46 3 21 55 2 65 53 76 43 38 87 94 77 12 81 6 86 15 55 10 75 92 91 90 32 92 10 16 55 41 85 69 97 97 42 61 27 100 23 60 26
96 95 6 78 71 68 88 12 88 33 12 66 49 45 43 79 9 68 52 31 68 73 28 40 27 59 92 46 61 91 15 4 90 69 89 63 96 15 78 46 91 80 27 79 57 17 53 25 34 9 51 43 76 40 51 27 58 21 92 15 74 9 75 24 32 3 50 95 81 66 40 29 33 95 18 49 5 68 65 85 67 61 89 54 5 56 58 20
8 76 77 45 90 45 33 10 43 24 70 99 17 77 21 40 33 44 18 1 11 4 47 24 17 16 14 80 60 68 56 48 68 36 63 8 57 16 28 28 22 24 29 54 85 92 23 33 23 22 31 51 85 50 82 6 39 35 73 34 4 76 10 22 42 50 5 98 84 84 26 79 49 27 79 33 63 99 68 33 79 25 29 38 67 46 80 42
1 40 88 80 30 28 1 52 15 24 96 32 74 98 5 78 45 24 76 64 94 38 97 42 58 45 56 26 91 49 95 44 16 21 81 9 25 21 27 62 78 40 96 89 92 91 71 11 44 37 7 98 42 97 70 36 91 10 55 69 87 93 76 6 39 32 77 70 37 33 44 13 3 4 69 99 32 5 10 34 60 22 2 11 72 12 3 99
91 44 11 44 79 36 19 53 6 63 39 98 10 93 62 9 75 26 83 18 48 70 30 52 49 97 91 72 7 72 95 49 45 39 76 90 17 76 44 28 94 32 33 58 49 77 4 25 89 12 73 95 23 60 61 37 46 51 75 5 68 75 36 21 21 19 70 28 83 67 87 4 30 25 25 2 53 46 53 14 49 68 81 70 34 37 50 4
31 32 21 89 33 39 96 17 31 72 21 45 53 76 71 36 82 61 56 73 50 74 42 31 8 33 49 34 88 8 96 42 96 60 7 33 12 30 36 50 32 87 21 15 25 51 77 82 63 56 66 40 97 19 23 77 29 79 90 76 49 29 88 82 10 52 71 65 41 98 4 39 59 14 69 66 69 55 1 42 99 58 67 94 9 19 3 91
84 6 87 71 50 8 66 25 88 54 31 4 18 5 31 40 24 43 98 91 76 6 59 57 61 83 39 15 34 64 76 18 93 50 62 88 78 65 57 18 22 16 65 62 69 33 71 59 20 56 48 66 99 63 22 75 62 43 33 45 45 25 20 14 53 47 33 83 85 36 75 10 17 48 93 72 49 9 62 66 82 39 91 62 21 74 48 51
64 86 70 46 9 54 68 38 71 29 93 39 51 77 86 60 20 64 5 62 75 9 65 9 90 38 38 40 18 31 11 46 70 56 74 38 58 19 72 59 4 28 74 28 17 88 43 38 59 43 59 79 22 28 24 13 5 71 3 15 30 11 8 32 28 97 5 66 48 39 4 20 78 8 72 79 18 53 86 45 7 92 17 64 62 76 70 37
62 17 36 100 90 72 55 83 3 17 59 34 100 80 56 70 7 34 55 80 87 72 75 31 11 21 77 80 64 76 57 55 77 24 22 23 25 55 56 54 62 61 35 65 93 25 39 100 43 100 94 42 14 93 86 84 99 73 40 16 54 69 55 40 10 100 85 43 91 16 30 99 26 99 71 43 72 39 18 7 84 67 98 66 85 49 54 99
79 20 77 16 90 9 89 46 66 93 84 5 41 96 22 87 21 41 5 10 40 68 77 95 44 64 11 11 52 18 96 45 36 34 30 83 24 1 3 97 28 11 17 48 54 13 93 21 89 89 14 59 93 73 56 11 75 81 13 94 21 62 84 66 29 87 41 9 67 33 29 93 89 62 46 32 34 73 25 50 45 17 9 85 95 34 43 7
11 80 56 55 66 27 78 77 35 51 59 11 59 73 82 72 56 22 8 11 86 26 50 61 22 59 72 62 31 44 49 77 98 48 91 89 19 39 54 70 37 26 100 65 4 42 68 17 13 63 43 27 73 42 94 15 59 53 89 26 20 13 39 86 60 40 12 21 6 73 75 79 31 49 84 34 99 70 9 14 20 25 91 44 19 4 27 79
8 98 49 74 38 98 61 13 27 82 9 26 85 88 63 73 61 18 34 75 3 75 50 92 54 45 63 91 45 75 46 66 34 62 8 22 58 8 55 36 49 25 79 77 71 90 52 67 12 2 12 99 100 55 87 18 98 93 9 11 30 41 63 24 12 77 62 77 15 66 41 11 81 89 89 97 77 70 66 78 15 66 44 11 75 92 67 36
80 38 11 14 86 97 46 76 62 7 75 72 69 7 62 71 28 94 41 39 10 32 83 5 46 72 31 39 67 81 64 64 45 17 58 25 82 55 83 54 48 84 14 62 13 89 16 84 1 56 41 10 38 96 34 14 26 86 9 98 84 33 96 92 76 61 5 66 84 11 45 96 47 68 16 28 29 47 49 61 92 91 31 43 89 98 66 45
54 34 81 33 22 78 76 84 5 69 50 81 18 9 25 15 82 23 89 73 100 33 66 22 37 83 89 26 24 58 84 83 38 46 93 7 78 91 96 13 41 75 87 70 76 41 39 98 50 41 9 94 31 15 55 25 53 13 31 38 26 8 44 52 35 81 19 13 39 64 7 58 3 42 50 92 37 84 83 3 61 82 24 7 28 9 23 35
31 59 75 84 44 1 22 47 11 63 44 30 90 5 43 73 91 97 41 95 81 60 45 66 73 7 81 55 86 47 99 95 75 2 75 23 85 99 13 41 45 20 84 95 74 38 58 83 81 6 100 20 48 42 96 28 86 70 69 39 66 45 100 51 70 19 25 76 21 83 99 77 90 72 95 3 31 35 61 58 62 60 5 63 71 55 62 73
11 61 77 14 86 99 92 91 39 52 15 50 48 18 50 44 84 11 32 43 29 85 80 6 65 87 66 79 13 1 21 20 36 70 62 29 97 21 27 44 90 15 77 78 63 82 19 34 70 89 24 87 65 22 63 42 71 79 33 45 98 2 38 70 65 51 55 55 8 39 15 14 40 10 81 51 85 5 82 46 73 62 36 38 62 35 41 91
99 93 92 64 79 24 65 90 10 90 87 89 25 98 51 76 48 83 94 83 62 25 35 88 27 82 66 53 41 56 72 81 17 19 64 61 67 53 73 61 96 73 93 83 79 56 46 47 22 37 91 11 6 40 89 9 46 1 18 79 80 6 26 51 37 46 40 87 38 24 19 66 59 51 46 12 98 23 1 54 15 44 81 65 58 57 81 33
