10 48
59 77 6 65 53 54 52 67 12 52 2 95 64 66 32 15 85 54 23 17 1 77 84 40 30 35 18 5 42 9 9 99 27 29 35 95 32 77 27 43 67 24 31 64 1 14 98 1
7 26 3 94 38 89 41 57 69 52 55 83 9 54 78 50 57 79 20 62 84 64 71 58 92 4 87 28 80 3 32 71 36 49 15 28 51 69 50 47 93 10 51 12 51 93 57 42
31 24 69 38 84 79 16 47 34 41 12 56 62 50 44 90 48 18 27 40 72 76 92 24 98 44 23 57 66 18 60 90 88 28 9 24 56 41 65 26 4 91 38 75 17 90 86 93
20 35 30 9 49 56 59 40 81 92 86 8 71 72 72 22 36 27 97 14 40 56 26 23 16 42 54 10 38 45 47 33 90 34 41 12 14 71 82 62 36 28 37 55 95 25 60 10
83 57 45 67 24 46 53 7 13 86 76 7 30 25 63 36 99 56 35 20 80 42 29 34 89 97 39 78 20 91 90 7 33 25 88 64 49 92 3 97 39 86 39 84 79 91 37 76
20 77 9 97 77 5 17 8 66 47 6 19 40 79 38 40 26 77 50 87 65 21 43 86 2 8 72 45 91 91 50 73 88 41 18 35 82 83 62 88 93 94 78 84 33 45 57 18
98 59 53 75 77 87 11 45 43 54 26 92 16 61 89 21 74 63 75 59 23 22 59 83 93 57 20 41 93 100 35 24 85 56 66 64 2 92 55 26 68 61 46 23 24 88 51 94
16 65 47 84 77 84 9 85 21 29 20 80 94 10 39 22 55 51 24 87 74 93 64 25 50 72 31 29 29 46 67 79 45 65 64 86 66 54 51 92 35 2 89 27 98 25 42 88
45 6 80 99 11 2 98 47 93 33 38 31 33 29 50 41 29 56 75 74 100 68 70 54 86 40 32 29 8 50 87 7 17 75 17 88 7 79 92 79 2 90 15 8 83 86 16 19
99 66 22 79 33 49 53 90 62 7 72 35 48 73 31 10 5 60 1 3 80 76 23 49 43 28 1 4 75 49 88 1 89 90 37 33 71 39 97 73 15 7 62 16 58 74 65 73
