15 70
20 22 43 6 13 5 99 32 7 92 45 64 52 29 14 30 14 6 54 78 55 92 3 5 98 4 15 92 66 83 83 36 58 15 33 50 77 40 60 28 35 44 79 93 55 7 46 69 6 57 15 80 100 89 32 98 33 82 60 79 27 72 33 58 18 66 34 75 20 1
80 21 83 91 9 84 75 57 95 35 4 94 26 57 67 61 41 6 28 44 66 52 60 38 84 35 32 46 17 24 38 61 40 28 18 14 48 97 92 56 62 57 12 36 63 43 86 12 6 26 11 66 29 7 35 77 49 27 40 84 63 85 59 24 12 29 94 85 80 68
58 84 35 26 46 84 7 82 51 85 26 20 58 76 56 57 47 16 59 22 70 92 23 58 43 70 55 98 78 56 64 78 85 21 93 62 10 30 50 60 88 57 58 43 93 22 91 53 95 24 43 5 31 38 26 20 51 11 89 73 86 39 1 86 22 87 40 45 85 14
55 79 24 12 81 12 60 39 23 27 41 37 81 51 13 38 3 26 41 62 55 49 18 25 62 64 11 33 6 52 69 67 95 50 83 34 68 38 79 85 12 23 80 27 80 36 89 99 99 76 2 77 21 55 54 31 64 61 33 20 73 18 11 71 45 94 89 43 79 61
26 30 25 62 40 70 37 93 16 47 62 83 59 46 10 73 58 25 27 4 65 76 17 75 8 92 94 14 62 62 1 49 85 71 71 12 81 13 71 17 96 60 47 38 98 94 3 57 11 27 46 29 82 29 39 16 38 55 34 54 94 89 10 99 96 55 33 47 95 5
62 1 51 3 19 5 77 16 72 15 39 13 58 57 91 83 94 64 95 68 32 6 1 18 40 34 12 16 100 25 38 30 12 27 15 59 13 1 47 78 11 18 51 74 6 47 2 37 63 99 57 23 28 3 7 50 80 74 99 8 36 81 35 44 47 77 42 2 10 49
27 82 75 66 44 91 6 39 86 37 86 2 82 3 39 28 60 88 81 64 74 4 44 91 8 39 83 26 95 22 93 49 35 33 74 19 88 32 20 18 46 21 90 76 45 9 21 69 13 6 12 15 6 64 4 80 10 11 61 43 25 29 23 18 22 39 41 2 45 85
10 79 56 70 60 21 38 93 1 31 80 46 40 95 74 36 1 83 98 87 12 27 98 89 32 47 68 44 35 97 17 86 48 62 51 35 75 2 96 99 84 29 11 22 47 37 41 52 95 80 86 72 26 70 61 82 27 72 89 64 37 19 62 30 15 55 67 2 68 5
45 19 14 87 20 16 13 32 57 63 85 28 63 2 80 93 74 82 57 41 33 46 54 37 83 63 67 19 36 57 63 53 20 64 10 78 21 12 7 36 49 10 80 30 78 85 12 10 85 43 77 83 12 15 15 57 100 83 95 65 94 29 75 87 9 72 28 81 56 68
53 98 60 85 28 34 14 96 82 99 86 11 48 33 2 91 75 74 48 43 67 78 37 78 76 85 45 25 37 92 7 42 98 61 52 100 15 65 50 85 10 100 21 12 73 8 51 38 11 13 45 15 97 89 66 4 31 82 46 64 77 48 49 28 87 65 32 55 40 94
4 34 98 44 83 99 65 34 32 16 27 25 58 90 63 74 75 75 92 74 45 49 27 100 90 92 79 42 92 65 5 1 19 28 53 27 10 3 72 53 87 92 46 26 35 81 89 21 93 26 70 22 58 91 8 8 5 67 63 21 4 72 55 15 75 59 25 5 59 18
53 13 57 4 84 92 8 53 8 63 17 34 34 45 82 24 83 13 68 92 87 93 92 30 5 6 16 50 31 63 71 50 8 76 83 22 19 92 58 88 91 43 5 11 43 91 63 98 21 29 18 9 50 75 29 20 84 25 18 67 74 44 32 28 42 16 35 91 44 93
11 58 83 49 83 69 46 5 99 86 65 23 27 92 12 77 97 37 55 97 57 40 82 92 80 100 35 17 87 54 50 88 48 89 4 50 77 60 83 22 32 12 32 100 64 58 58 45 69 35 59 96 73 38 41 40 65 2 42 41 38 29 83 63 61 56 13 89 77 3
85 10 56 87 46 10 99 23 28 11 30 48 75 41 6 1 61 87 57 53 24 98 59 66 43 4 95 90 11 22 6 56 73 98 13 77 6 52 1 7 21 5 78 33 93 24 97 69 6 21 39 63 17 71 52 86 59 87 72 8 73 17 52 77 26 5 29 32 85 34
70 65 26 89 31 2 6 54 80 53 69 99 42 58 28 93 16 17 15 18 2 46 48 55 34 31 81 83 11 89 94 9 39 59 55 47 19 51 16 82 28 2 98 100 84 19 9 39 83 83 18 99 39 27 92 91 42 49 29 45 47 72 22 40 6 51 11 93 92 96
