35 7
97 42 36 82 27 14 97
73 26 4 54 34 15 28
45 89 19 9 63 56 91
17 7 90 70 27 98 41
97 45 37 37 58 33 52
23 57 15 25 44 34 24
13 35 51 94 13 65 37
92 11 6 81 19 33 66
1 28 30 41 22 24 88
20 72 34 6 53 56 36
43 32 2 77 59 63 79
21 89 52 56 53 88 49
88 76 73 32 34 46 92
15 55 65 15 98 3 9
29 99 69 4 28 63 40
14 88 22 66 25 60 55
60 96 42 65 100 45 11
24 18 89 14 73 59 27
26 67 21 67 20 91 95
8 6 51 68 3 60 24
77 79 28 61 8 34 21
34 66 13 16 66 9 79
55 25 91 34 81 9 77
95 9 27 95 63 18 93
15 21 3 49 96 85 8
48 1 62 37 75 22 61
70 34 70 50 7 20 66
34 88 91 53 25 27 80
16 81 56 44 12 91 6
12 98 78 100 42 78 49
39 10 95 95 38 56 74
45 94 42 89 8 71 36
78 34 34 22 31 2 28
42 36 46 95 67 84 11
84 92 20 77 69 29 70
