38 91
29 9 14 57 73 30 42 91 28 56 49 95 42 34 77 2 19 20 68 10 44 15 55 69 9 74 9 24 33 24 81 54 58 7 9 3 82 51 6 9 15 95 66 34 57 77 6 50 97 44 92 74 19 19 82 61 89 20 12 82 95 98 42 86 75 11 37 39 6 84 91 66 70 90 61 33 21 85 97 11 2 7 53 32 87 83 82 12 7 27 40
99 8 91 73 59 67 58 8 25 86 97 20 8 99 18 61 31 44 23 75 9 19 45 84 27 14 35 67 8 49 90 2 12 83 9 99 83 14 92 55 15 15 42 58 69 5 27 19 92 49 47 35 11 62 37 20 27 82 19 20 87 4 75 61 84 88 17 88 20 68 89 1 95 32 59 45 88 24 97 46 48 76 97 14 1 48 28 11 33 53 3
70 61 57 80 75 7 2 66 79 37 9 64 99 77 56 76 60 18 92 84 75 56 13 33 23 35 90 34 1 36 77 6 16 88 26 46 53 37 55 62 20 51 17 67 52 99 61 68 91 54 77 7 98 31 96 3 79 54 2 75 59 24 13 33 67 38 29 76 33 55 58 24 1 20 4 52 57 67 66 72 99 72 79 27 62 22 45 38 10 36 30
39 45 14 5 44 34 91 80 52 43 72 39 63 15 51 50 44 69 40 39 4 52 92 94 4 7 36 96 91 47 12 49 17 38 80 81 51 10 5 29 84 67 61 75 44 1 57 31 35 65 79 64 4 25 79 90 6 62 9 65 70 62 83 38 38 15 97 17 86 55 18 23 57 12 53 56 47 69 68 92 56 81 35 9 63 3 8 96 32 83 37
20 67 5 3 39 2 3 98 69 100 40 13 42 92 78 76 91 75 35 55 71 73 8 24 22 27 41 35 6 56 77 13 10 61 61 63 59 41 59 45 77 99 41 15 62 74 54 54 68 86 92 2 77 88 30 18 67 26 4 57 50 16 17 92 97 50 61 72 6 95 27 25 65 5 44 63 63 66 56 72 96 86 72 70 51 42 89 26 92 13 64
53 54 25 91 86 94 20 6 45 52 3 10 27 69 99 74 5 53 30 51 41 25 4 46 66 31 43 47 43 25 56 32 43 44 63 17 8 34 76 75 46 1 11 100 93 45 76 30 37 8 32 4 1 61 56 31 74 87 3 92 30 46 82 29 96 10 14 2 61 23 10 82 47 25 29 14 33 94 22 50 32 36 6 98 57 22 10 78 59 22 37
5 9 80 1 46 55 78 97 44 45 91 65 20 1 93 78 28 83 2 39 50 5 77 25 10 36 10 85 16 60 39 99 21 62 37 75 19 44 71 37 96 53 81 7 20 39 71 10 5 37 34 84 83 53 3 96 7 98 8 59 80 29 40 43 1 69 43 21 22 96 8 62 37 76 48 86 86 34 96 48 2 89 75 69 13 82 19 33 46 28 16
22 79 98 24 58 61 32 4 11 5 26 79 32 4 62 34 7 100 40 32 17 31 27 55 22 71 11 27 14 75 8 13 59 65 76 23 76 44 89 10 1 20 22 3 15 56 24 62 94 47 87 12 50 95 29 56 27 38 69 65 92 65 49 33 66 93 14 69 24 47 68 31 98 100 88 64 47 78 68 4 23 58 19 34 9 54 73 41 19 61 98
31 87 12 84 87 66 28 13 26 72 61 23 25 67 17 69 14 31 9 33 12 89 63 22 60 98 61 31 54 87 65 16 63 91 6 83 3 33 9 48 22 90 99 76 59 56 78 60 69 12 50 76 90 46 74 62 53 23 24 1 22 75 81 90 23 64 52 5 25 57 81 7 53 51 64 38 85 1 3 62 46 2 89 91 90 28 72 83 72 58 42
77 91 11 82 25 45 1 21 71 46 87 63 22 79 99 85 86 39 58 18 22 23 49 5 97 12 24 49 39 79 49 72 14 52 43 48 11 92 71 71 31 76 87 84 38 93 13 46 87 69 35 57 68 49 37 3 74 73 78 100 64 33 78 61 97 13 6 30 12 28 10 50 63 36 45 11 10 53 11 58 5 75 59 92 36 36 53 10 99 71 17
98 69 58 94 14 68 62 22 56 38 12 22 99 75 2 64 17 38 84 79 86 68 5 79 4 11 29 58 11 7 87 91 86 43 78 20 91 38 7 65 95 11 74 87 14 65 63 37 54 35 75 38 53 29 55 63 48 84 70 44 13 31 86 70 53 21 81 14 47 72 69 64 55 62 41 80 50 31 53 44 9 56 48 16 8 3 5 31 21 27 37
43 53 97 10 7 23 47 23 2 54 32 50 98 52 72 70 18 84 97 30 81 47 37 57 41 22 67 84 59 91 93 68 55 51 27 25 10 31 45 56 81 17 77 3 69 41 59 19 89 51 45 60 36 3 23 89 44 92 91 66 38 1 73 41 15 22 69 69 42 17 20 68 19 92 91 65 63 86 61 77 45 80 93 29 77 58 73 95 95 70 77
12 85 68 43 27 100 70 1 72 17 30 15 43 52 26 91 18 89 92 22 68 46 50 81 36 95 95 55 29 64 31 85 99 64 19 19 98 51 92 29 41 1 26 22 66 87 60 16 96 71 39 65 12 51 6 11 65 3 75 18 38 28 11 37 81 31 83 30 90 82 8 88 64 51 100 46 51 34 53 2 45 25 42 58 30 30 76 81 79 97 98
17 6 95 36 51 100 90 36 19 6 41 26 71 17 71 89 34 15 71 30 50 31 15 97 49 40 45 51 18 60 29 35 92 81 16 51 75 75 1 21 3 84 82 12 69 19 57 73 11 39 47 99 51 32 60 70 27 96 69 75 43 71 67 71 23 43 73 67 11 13 11 26 13 56 59 93 34 8 20 35 47 2 50 27 25 46 1 35 63 44 10
86 3 88 34 57 71 4 20 9 97 32 17 48 89 88 33 83 10 72 29 31 92 83 67 75 25 16 30 40 37 70 43 9 10 7 7 26 39 8 82 68 96 35 7 19 19 13 32 54 42 77 37 98 5 60 24 90 57 34 59 6 41 21 18 31 68 4 18 45 44 35 51 86 33 6 17 82 68 95 88 72 29 40 14 8 27 8 15 81 96 44
52 65 48 45 49 58 78 4 79 59 12 94 58 99 27 45 74 54 11 66 69 86 4 97 88 8 5 38 73 43 75 2 96 84 70 53 89 90 67 81 30 52 17 91 69 1 58 68 24 58 5 19 78 11 57 60 5 19 35 56 98 65 88 48 61 75 1 27 30 84 59 24 90 83 43 35 86 73 2 71 29 27 44 16 92 80 10 30 63 36 90
5 62 90 26 6 5 55 79 74 63 20 71 42 69 48 16 99 50 89 32 70 42 29 42 19 87 52 79 17 47 96 52 21 72 91 5 80 73 52 55 6 18 1 82 17 29 56 10 21 69 81 43 93 67 79 87 50 11 77 70 19 29 74 20 44 5 24 74 91 28 62 22 31 25 56 32 91 83 19 45 7 23 5 32 85 27 61 13 39 48 27
57 78 1 55 31 78 10 8 72 5 56 92 18 89 89 36 58 46 2 92 15 92 59 4 49 72 100 37 30 72 17 67 40 24 7 31 39 92 1 84 68 11 59 90 29 89 14 86 23 52 72 4 62 11 63 14 16 31 84 72 61 7 76 53 77 96 46 97 39 20 66 47 92 74 62 9 51 1 8 5 83 92 35 55 38 66 57 64 41 87 60
9 43 99 19 96 26 21 68 94 75 95 63 90 70 76 41 45 23 30 50 82 95 97 52 20 73 24 98 38 62 14 100 30 19 36 7 65 38 5 43 1 64 54 50 24 90 19 92 33 29 81 53 1 70 17 35 51 77 17 81 43 49 34 60 91 13 70 7 87 90 39 96 7 73 91 24 18 62 45 99 17 65 88 38 33 52 83 20 5 69 77
72 12 98 54 83 53 30 85 89 79 89 59 2 3 42 7 49 36 68 88 29 79 8 53 54 39 78 39 27 46 82 32 69 100 63 25 30 56 48 1 91 48 3 85 95 58 92 63 97 25 75 59 7 77 9 42 96 74 14 49 27 13 22 14 78 88 30 53 85 43 25 34 90 27 29 89 21 16 58 22 4 98 84 18 9 43 100 57 23 47 54
21 82 51 16 83 5 11 14 89 16 66 33 64 30 72 57 55 17 92 12 43 13 50 22 41 95 82 22 93 98 93 54 83 70 79 57 67 26 34 88 33 47 51 19 7 59 62 41 51 75 74 47 56 69 74 77 56 49 5 61 49 54 5 61 44 91 26 95 27 23 73 23 37 18 95 7 12 97 34 61 25 35 96 94 52 89 81 66 35 70 2
20 55 63 62 55 26 99 92 81 17 79 3 47 33 56 77 37 53 63 15 92 78 93 59 97 55 86 12 35 34 16 30 36 38 29 41 8 70 65 52 83 30 77 93 88 33 78 39 58 11 50 26 70 56 32 78 12 21 19 26 22 29 25 59 3 94 96 70 57 33 80 86 14 91 10 98 67 69 84 5 29 31 18 38 95 89 53 71 8 74 11
44 31 4 94 97 16 47 43 36 93 17 89 88 97 86 2 67 31 22 62 72 90 19 99 88 28 23 12 30 96 2 21 10 89 99 2 28 56 57 52 52 44 76 60 83 32 37 49 71 24 50 20 40 58 85 25 32 88 52 17 24 69 25 14 87 88 99 51 38 9 16 41 53 27 12 9 46 68 31 82 39 51 98 85 20 92 36 67 81 91 86
96 61 58 95 90 36 12 38 95 94 46 12 99 64 89 79 39 18 60 51 38 90 79 27 2 97 100 43 67 43 81 19 96 20 79 32 53 36 10 33 39 66 8 2 17 36 38 40 12 22 44 19 54 1 69 75 8 94 35 80 99 80 67 90 18 58 56 53 42 28 89 53 11 99 89 72 93 10 11 46 34 80 100 82 72 8 7 36 52 44 55
50 76 9 13 90 51 38 94 72 35 7 21 8 59 12 88 11 53 50 39 95 38 60 89 56 68 34 15 48 45 19 39 57 50 41 81 61 100 65 4 7 10 26 35 100 47 29 53 4 70 11 14 2 76 4 46 89 60 28 36 33 10 66 36 1 36 78 61 54 60 14 14 36 16 65 26 40 94 88 9 69 12 6 24 27 47 57 20 29 62 29
11 62 94 5 76 18 27 76 40 9 78 70 61 9 5 55 46 24 73 59 23 56 19 70 18 50 13 9 38 88 64 34 43 54 62 97 70 72 16 84 63 10 53 60 92 68 100 24 79 95 12 58 43 48 70 100 39 99 12 56 68 78 20 31 92 79 34 78 2 31 61 74 68 93 38 50 3 59 27 86 2 47 87 74 98 92 11 11 60 82 77
34 62 75 58 63 51 20 14 23 5 60 94 77 30 11 5 45 99 93 80 82 22 55 98 70 86 38 92 12 79 60 56 85 81 24 44 66 7 45 61 49 86 53 53 45 42 26 82 27 95 9 24 43 4 11 28 84 94 97 98 2 58 71 52 64 96 31 40 33 40 2 21 11 70 7 8 24 98 23 80 84 19 85 59 23 43 87 19 89 79 13
89 38 89 72 87 25 91 37 52 80 26 23 24 74 19 83 33 48 85 67 65 12 43 60 24 98 95 7 25 39 47 66 20 100 87 36 3 37 95 83 18 46 2 21 55 46 11 75 6 41 83 68 55 9 88 6 29 41 12 76 59 26 13 64 57 91 32 17 29 35 47 7 47 64 67 58 86 34 70 9 7 56 69 23 55 90 13 27 80 76 75
44 84 50 74 83 30 8 64 53 45 4 99 47 18 89 13 79 72 94 26 75 22 96 50 45 57 37 59 63 94 54 55 84 54 13 65 31 8 66 52 94 55 95 80 6 81 66 97 44 59 52 93 99 2 62 22 25 72 6 12 15 19 16 56 81 35 34 74 80 31 46 26 42 78 37 97 51 18 31 34 98 9 9 27 36 38 74 82 6 66 99
35 49 11 25 75 65 53 31 93 71 7 11 45 15 56 65 38 20 54 43 69 95 7 72 94 74 91 43 17 14 21 17 69 2 26 6 71 22 49 33 31 6 79 86 94 11 83 56 32 44 13 22 40 13 89 91 8 100 89 6 11 88 42 11 68 7 55 70 96 50 90 43 39 22 97 87 23 13 40 58 54 55 55 42 49 6 11 54 28 36 32
22 76 52 53 30 95 94 95 54 99 95 91 1 45 24 43 17 71 49 59 30 24 53 12 32 59 80 16 90 87 65 23 76 21 42 98 5 26 29 78 86 23 55 19 61 94 78 74 41 47 67 95 68 6 66 51 87 91 90 1 39 31 71 68 8 45 46 4 70 50 6 8 17 4 8 31 13 37 86 46 42 46 27 90 46 13 26 9 48 100 36
47 44 55 38 9 85 45 68 93 65 98 23 57 55 11 81 72 85 2 10 18 1 96 9 66 41 64 25 26 90 30 73 23 21 60 83 23 59 12 92 63 75 46 38 32 33 35 50 67 86 2 20 55 49 53 69 72 8 60 59 14 39 90 67 84 100 28 84 93 15 98 86 7 24 82 49 78 75 100 43 67 27 56 11 58 47 66 19 40 5 75
53 85 79 14 69 41 78 18 90 5 53 51 66 65 39 75 11 11 29 54 32 38 62 28 79 29 43 46 48 22 68 67 33 54 56 37 79 53 62 34 46 13 68 80 97 100 29 69 16 83 61 78 41 38 84 94 52 72 8 2 30 25 70 36 88 43 31 48 42 1 34 61 62 75 45 20 61 62 1 18 88 14 6 43 10 5 95 79 26 1 42
64 18 6 63 92 43 74 66 37 24 89 14 22 83 17 60 39 87 85 12 24 83 27 46 18 59 36 71 46 25 59 98 30 21 46 34 61 52 72 73 83 2 69 99 25 86 4 11 62 88 58 54 34 89 52 58 66 93 10 60 8 41 61 88 92 21 6 48 11 37 32 92 30 72 49 57 19 10 3 57 44 90 89 26 36 26 51 9 43 62 29
84 52 34 28 79 100 56 41 40 52 17 88 50 19 11 88 99 99 62 52 12 33 7 5 36 99 46 25 55 1 3 79 42 14 60 80 32 68 77 54 91 10 43 6 67 13 45 3 42 5 52 57 45 42 94 56 33 38 69 9 14 57 1 2 4 38 39 8 31 3 51 36 84 89 69 27 88 8 15 59 45 22 47 95 87 42 27 8 73 78 80
45 23 50 86 55 15 81 96 10 47 78 60 32 12 99 10 91 45 93 46 41 5 45 87 78 23 33 29 82 51 85 25 75 45 16 8 21 94 78 81 48 48 88 3 6 43 2 82 10 97 19 77 92 61 14 8 90 28 12 42 86 4 77 54 13 34 56 29 99 33 9 47 23 87 93 92 6 84 33 33 64 61 30 95 3 94 81 10 82 39 33
85 80 11 46 49 5 66 60 99 72 2 99 47 7 44 14 91 72 80 9 11 36 72 3 74 85 92 79 97 12 79 51 62 75 89 94 56 39 10 19 77 49 71 83 64 40 22 65 12 59 90 52 92 15 99 69 65 7 14 47 33 70 29 43 61 40 30 71 85 5 58 78 75 23 24 9 13 34 82 93 83 76 7 4 92 25 57 60 4 85 97
74 18 53 97 51 82 28 1 5 50 93 25 51 53 35 82 70 44 32 7 67 44 87 34 81 51 26 95 69 75 27 48 54 16 25 10 10 9 45 7 98 26 33 20 41 19 88 40 69 36 87 74 89 55 76 16 74 82 46 81 78 10 56 52 33 23 53 57 84 43 15 63 36 89 87 70 85 97 32 72 86 69 19 15 18 93 43 36 91 23 20
