49 48
80 63 85 34 48 37 30 36 68 18 73 52 18 77 69 16 24 74 46 14 24 36 49 79 82 91 63 51 36 39 95 77 65 86 48 3 1 85 36 80 56 2 78 84 32 32 26 16
12 7 30 23 71 98 59 15 94 39 38 52 57 5 85 74 75 43 32 77 95 44 16 30 58 54 9 24 46 64 67 44 77 27 44 92 83 75 19 69 76 30 44 36 78 61 19 30
1 15 86 4 43 98 2 74 30 31 64 50 80 97 84 15 99 85 51 58 53 20 38 9 57 78 5 51 14 9 81 19 76 93 88 4 81 95 79 24 70 32 66 43 50 79 85 31
97 45 47 57 61 8 6 51 69 70 14 12 79 16 71 3 39 18 19 96 4 44 77 71 15 1 39 55 58 23 26 14 100 88 59 93 82 47 64 70 87 6 61 72 66 3 1 63
7 100 24 73 97 16 77 69 12 94 75 5 35 36 47 37 7 97 85 78 44 70 1 24 59 67 36 23 38 60 3 67 100 5 45 27 4 75 44 16 79 12 30 55 99 87 69 96
27 8 48 55 68 8 19 23 11 40 93 21 40 2 89 35 13 37 60 58 88 82 56 69 8 2 56 95 59 34 62 71 43 65 8 41 2 49 8 100 4 29 22 30 11 73 87 11
82 10 7 66 73 24 7 36 68 53 77 90 50 39 11 29 12 57 90 89 45 14 34 74 77 11 74 14 45 10 74 18 85 54 96 86 40 17 39 44 99 68 9 40 60 86 53 92
29 83 16 52 58 50 83 15 39 13 68 76 30 80 76 6 71 77 66 28 29 74 82 43 16 59 72 17 75 22 38 98 67 24 7 25 57 29 90 81 77 35 90 53 43 11 3 73
99 61 21 98 67 30 7 31 76 50 51 25 97 55 63 8 38 2 87 67 17 24 66 49 17 57 23 21 84 24 9 8 35 36 32 45 7 21 6 65 6 14 28 75 22 89 13 69
93 19 9 9 66 30 81 51 91 8 83 92 44 6 4 14 83 9 37 84 92 43 50 49 79 62 16 12 39 88 83 15 57 23 23 52 29 75 14 3 9 88 82 77 72 33 7 21
24 33 35 69 55 85 29 47 70 54 100 52 91 13 20 28 33 68 83 68 86 12 93 41 48 47 4 30 75 14 21 39 46 70 62 54 23 99 14 34 32 63 22 83 79 52 54 86
26 60 71 65 4 23 98 56 66 43 25 69 82 48 36 1 76 99 19 32 9 63 89 16 56 68 32 25 63 51 28 11 51 47 5 18 44 54 21 25 91 83 93 87 80 35 19 59
14 1 36 99 53 55 91 7 44 97 37 69 90 24 2 48 65 51 32 9 25 41 6 45 27 47 16 76 82 63 54 53 38 78 10 19 50 6 70 84 33 23 49 44 1 42 84 64
64 78 31 52 56 19 14 61 16 64 71 99 88 21 41 74 29 37 73 28 57 84 91 70 37 93 43 50 27 38 66 45 83 11 84 4 1 80 15 80 45 5 100 90 25 56 64 100
46 66 22 29 81 46 38 79 80 71 61 87 21 7 88 25 99 7 2 17 15 16 34 57 36 22 44 51 42 9 51 61 19 34 47 31 59 79 8 9 21 61 42 27 31 5 38 33
31 41 29 54 14 44 44 31 22 76 8 55 78 19 18 78 52 80 46 79 82 99 47 46 65 48 94 41 56 84 56 45 72 25 41 9 35 43 63 67 10 6 66 78 34 82 93 87
26 28 9 18 35 15 85 28 20 95 85 11 24 25 94 25 85 23 14 48 74 21 65 45 13 32 20 100 29 26 89 43 25 79 30 67 90 98 32 79 37 75 55 15 53 99 89 56
11 40 88 72 46 79 100 1 18 15 9 100 44 8 64 28 76 44 95 13 78 48 82 13 72 6 73 2 80 42 91 44 97 59 72 89 64 80 70 54 86 30 32 32 46 75 95 36
80 11 98 79 19 26 77 25 27 87 73 27 8 87 2 11 32 45 68 71 28 16 58 81 20 61 59 50 97 71 75 16 12 17 26 58 95 87 43 34 3 23 88 80 22 57 4 34
76 100 49 97 93 8 95 75 97 9 57 47 14 5 10 8 21 73 31 46 71 15 19 9 51 68 86 87 5 72 63 76 64 14 20 17 7 2 99 50 97 13 58 83 39 76 22 100
94 3 69 43 78 55 61 10 88 21 100 78 23 49 57 55 41 47 47 45 11 9 33 38 47 61 26 21 36 44 18 67 96 75 56 52 97 82 41 45 77 90 24 51 40 95 52 37
22 73 68 38 33 98 9 29 75 49 25 31 96 70 17 7 31 6 12 78 3 28 79 77 84 96 24 42 73 14 59 16 32 14 81 51 92 3 55 93 23 90 51 15 64 37 57 34
10 83 17 98 62 57 79 91 85 70 27 57 30 75 6 62 2 66 52 14 65 83 15 60 68 3 100 82 12 25 89 85 50 47 23 22 94 62 25 24 29 24 28 70 78 69 1 8
5 71 48 89 55 95 49 8 97 89 96 40 67 74 49 47 78 76 42 66 49 94 85 29 76 78 21 95 6 20 71 33 53 83 96 10 19 85 66 2 36 90 36 36 81 89 17 98
27 64 23 48 28 34 75 85 85 1 65 78 61 76 90 75 65 1 30 11 73 35 56 93 53 96 74 88 31 33 29 96 36 83 76 22 94 56 60 19 97 69 16 72 48 50 50 20
2 34 41 100 56 17 92 59 89 75 71 46 49 67 97 59 54 80 46 82 28 98 22 14 23 36 66 96 63 49 53 9 99 5 93 87 64 98 31 86 28 69 16 3 58 42 85 85
69 83 78 86 45 60 91 71 16 8 3 76 89 74 56 38 65 10 10 18 55 6 75 55 25 4 95 15 7 42 6 30 8 64 14 99 39 32 77 46 36 92 83 38 38 19 95 55
15 97 52 7 70 33 14 66 45 48 66 46 99 75 54 68 43 39 28 20 2 4 10 47 82 17 26 47 43 10 58 91 6 55 75 40 80 32 46 67 55 11 80 27 99 82 74 93
16 5 95 23 15 92 100 70 62 45 84 3 28 67 10 36 33 15 39 6 42 13 93 65 36 55 88 28 59 26 91 19 44 34 54 78 18 6 5 26 25 62 9 10 8 68 37 28
37 26 97 96 75 55 85 18 39 12 44 19 22 71 47 12 86 8 43 62 2 52 100 21 95 24 86 39 88 55 5 28 94 74 3 40 53 59 8 68 25 64 63 41 88 6 32 93
40 25 65 23 24 65 8 37 31 33 29 68 100 68 28 83 23 97 78 100 72 23 57 12 58 37 29 74 83 14 20 33 78 60 92 77 23 6 71 51 6 72 87 43 27 1 4 59
85 75 75 77 21 38 48 70 13 66 54 97 88 39 65 26 81 30 92 7 4 30 8 54 63 98 77 13 81 16 80 74 11 98 12 11 48 29 9 77 39 100 54 27 46 58 38 18
37 34 97 7 55 57 91 64 55 16 10 30 31 33 83 38 78 68 39 42 88 7 20 23 55 33 41 21 15 38 26 42 37 44 75 31 59 67 4 43 6 75 97 49 69 34 91 5
65 1 39 46 34 52 73 18 58 36 59 1 51 75 63 50 85 48 26 44 88 33 51 12 15 35 84 64 10 97 99 56 29 87 91 2 5 68 12 91 19 22 52 60 67 93 36 46
91 79 47 10 71 26 49 79 91 34 14 1 27 29 47 22 98 32 13 63 42 88 61 26 47 89 65 93 63 13 9 89 68 44 100 96 64 75 64 68 45 22 62 93 51 27 27 57
43 83 16 13 45 7 97 91 93 8 4 70 98 82 66 93 43 31 14 44 42 38 77 59 66 26 70 40 71 21 11 63 9 1 44 76 69 82 74 41 82 95 42 25 88 77 71 52
46 73 54 24 42 5 21 15 49 55 45 82 63 2 91 33 43 89 9 12 94 63 97 53 46 79 56 31 43 33 36 87 81 81 42 49 55 56 74 25 99 24 91 90 98 51 36 43
42 99 55 48 26 96 23 55 92 67 48 64 24 82 26 34 93 75 40 99 30 34 33 25 55 29 16 77 100 18 100 93 1 55 22 85 58 21 86 95 33 75 24 4 22 52 51 84
70 24 38 25 43 42 75 7 70 10 20 24 54 42 52 66 61 34 18 91 77 8 40 41 56 36 19 30 47 32 4 15 3 39 62 49 89 83 27 83 36 20 76 12 36 91 45 32
37 51 51 6 57 19 20 81 22 21 36 63 3 37 30 57 29 8 99 57 57 14 64 16 48 54 50 64 9 30 45 81 82 67 25 2 34 13 73 90 35 18 77 24 83 11 51 59
87 100 72 46 58 61 12 91 15 57 75 35 62 18 33 90 92 56 13 27 29 43 69 93 2 23 41 71 39 27 77 93 26 94 35 44 28 40 78 12 80 43 88 84 74 7 78 54
2 72 17 92 25 24 87 74 7 45 60 64 10 20 62 47 69 82 7 51 29 61 50 71 32 82 83 40 82 46 59 59 21 75 7 18 96 32 59 65 7 3 66 37 65 50 80 64
45 96 8 2 43 66 100 44 66 14 25 71 82 10 3 39 100 7 49 57 99 36 29 86 34 98 23 20 23 10 50 74 26 53 54 39 78 22 16 59 47 25 47 45 89 39 92 52
96 22 13 1 92 70 93 44 59 5 27 55 33 51 76 59 55 44 61 100 67 26 34 35 55 49 76 2 80 30 53 4 40 84 29 9 51 61 95 32 95 76 38 12 98 17 41 88
85 6 14 98 98 68 38 41 1 30 71 81 86 9 62 92 37 67 31 47 44 62 95 30 61 47 84 35 79 52 83 48 7 18 91 17 18 2 96 33 77 54 94 95 100 3 43 31
35 25 14 13 93 27 1 70 50 27 26 38 96 93 17 17 54 8 73 40 96 76 24 19 17 23 4 60 65 25 40 23 53 57 42 76 17 63 38 72 66 39 54 72 24 67 43 89
33 12 72 57 95 97 23 30 86 80 25 60 22 21 41 22 52 40 11 44 22 78 44 39 80 83 25 88 28 71 73 78 93 47 69 90 64 1 71 48 67 50 13 83 98 30 86 69
31 29 13 92 37 41 76 1 8 4 64 75 67 56 40 86 22 8 70 100 14 56 65 7 78 64 92 53 14 20 95 60 67 56 76 34 49 79 39 32 43 25 25 93 54 38 54 65
47 63 53 87 78 19 86 96 79 70 50 29 10 56 40 75 75 97 24 84 38 84 51 33 45 82 62 38 28 25 44 93 72 33 93 82 11 13 92 91 3 56 7 44 21 25 6 81
