29 22
20 91 82 79 93 89 81 68 1 76 61 47 94 33 18 100 66 50 9 51 99 14
9 67 52 26 20 16 29 74 92 77 94 18 99 7 36 2 20 84 44 79 74 71
88 20 33 75 87 35 79 74 65 1 33 20 83 77 31 64 64 39 78 50 8 76
31 94 87 19 6 68 54 55 69 17 13 60 42 81 92 16 84 96 4 99 61 34
77 68 59 94 62 25 24 74 18 53 42 9 40 29 9 9 49 61 32 52 90 23
61 53 62 47 88 78 53 21 20 20 61 45 39 85 39 78 61 25 29 69 32 40
47 30 47 71 99 19 52 37 98 91 29 4 52 46 58 40 79 92 91 27 75 43
81 77 72 57 35 50 84 40 37 38 86 7 61 57 84 86 52 19 77 2 72 85
98 64 35 93 10 86 74 14 3 70 59 32 68 69 84 38 11 87 65 40 67 61
11 79 91 50 62 43 100 67 64 89 17 85 59 69 3 29 21 46 74 61 86 67
59 40 90 52 11 56 91 42 94 71 77 58 56 64 80 37 62 54 6 84 64 25
42 30 73 59 8 30 31 54 46 61 41 73 30 29 99 96 60 99 29 36 59 18
59 14 39 24 55 75 46 41 43 64 63 53 68 98 90 43 91 84 58 80 39 92
63 80 68 56 24 19 2 70 8 94 93 18 11 17 3 94 87 8 70 50 76 49
93 85 85 77 17 51 11 48 68 65 71 90 88 82 67 39 32 32 97 59 25 26
4 19 87 55 87 43 38 95 31 44 83 4 87 55 17 24 98 82 77 80 52 51
41 52 45 51 68 1 86 61 35 88 25 23 82 18 56 39 18 79 89 94 2 58
85 14 47 65 45 54 5 73 59 94 86 45 49 70 21 39 87 23 51 51 92 12
97 95 23 35 59 10 74 44 42 65 82 29 36 39 52 59 56 92 100 95 64 36
8 69 63 85 32 73 42 30 19 31 95 42 4 5 87 33 18 94 88 92 72 17
27 78 89 85 94 5 99 100 58 35 54 11 27 99 72 16 92 71 27 11 72 35
35 1 44 54 52 71 55 87 65 1 9 43 58 10 76 61 36 30 60 49 55 53
75 85 13 28 23 53 4 41 84 31 71 16 46 82 13 91 52 82 27 14 12 96
69 68 25 90 42 80 11 54 47 7 66 35 77 92 77 52 78 69 16 32 21 14
20 90 41 28 82 90 8 23 14 63 64 51 53 6 70 88 61 86 73 72 13 86
45 37 37 12 8 30 79 96 14 34 73 16 44 79 77 41 12 46 39 70 91 76
73 71 92 94 41 17 43 8 98 24 44 26 28 9 31 89 49 25 31 57 24 66
2 35 65 44 65 64 85 43 36 82 20 95 32 83 88 87 3 68 96 86 28 100
24 15 79 29 27 5 7 38 34 7 30 38 67 95 9 39 30 4 18 2 62 40
