88 73
57 19 33 17 13 20 25 47 82 15 44 6 69 54 41 81 10 33 63 46 97 18 48 11 95 43 51 43 33 84 34 24 65 26 65 31 92 91 34 57 27 15 97 5 66 33 78 85 82 39 96 18 3 7 100 38 85 10 26 4 2 44 75 15 48 76 85 35 14 53 55 60 69
87 48 35 65 51 53 78 50 7 48 91 44 25 80 20 89 78 79 1 85 17 91 94 90 20 64 35 85 55 40 22 8 21 88 80 38 23 51 62 60 57 88 21 50 46 97 24 57 19 13 17 30 97 5 22 99 11 67 1 24 30 19 50 44 7 66 20 5 80 63 87 26 47
76 25 100 95 98 66 39 45 21 60 29 22 10 70 91 73 45 96 99 59 25 64 78 10 54 96 66 75 22 80 23 67 27 77 50 52 40 71 82 67 22 38 26 57 45 55 6 2 47 77 30 85 36 29 4 26 47 11 74 48 4 14 94 47 14 52 12 81 51 41 1 70 57
16 45 86 19 67 56 58 5 31 81 31 68 88 87 90 34 62 27 59 52 36 85 49 100 47 42 33 2 95 74 74 26 57 95 8 84 16 82 8 78 70 68 76 77 94 24 8 58 7 6 19 91 42 67 42 42 28 80 81 70 22 16 35 84 82 98 49 31 50 58 58 82 6
23 85 26 13 41 54 88 68 44 62 80 5 48 65 16 14 50 81 38 96 35 13 11 9 28 83 24 32 90 42 95 8 94 42 55 23 31 5 83 25 87 70 24 7 68 92 25 25 88 13 67 100 7 35 12 84 35 71 5 66 16 73 11 43 41 51 9 80 91 9 92 88 64
52 31 15 63 65 29 74 82 41 20 27 76 2 15 15 60 61 19 40 10 62 18 36 77 36 8 14 8 49 54 63 52 96 52 98 73 33 45 68 69 81 38 83 82 83 39 36 88 57 89 14 38 91 29 41 28 8 11 7 73 15 3 50 46 50 11 10 98 80 13 76 31 4
36 87 65 47 61 77 18 11 73 65 38 78 47 76 71 32 19 46 44 93 24 39 53 9 73 14 75 58 32 60 6 67 67 64 66 5 13 65 69 98 75 77 77 80 33 53 99 89 7 100 8 44 63 24 99 58 78 18 70 90 91 14 72 46 59 92 51 36 18 85 39 47 4
80 55 53 71 74 82 16 56 16 53 32 24 53 91 1 5 43 16 38 70 58 31 5 15 86 61 51 92 52 11 2 43 52 4 25 68 77 46 4 57 82 31 57 98 36 85 30 7 84 46 96 4 38 61 27 12 10 65 3 40 74 81 67 18 76 56 96 89 58 94 96 71 35
62 54 38 83 53 21 80 85 22 97 21 32 60 14 65 73 29 48 58 24 61 93 90 21 75 29 25 3 49 87 70 21 62 61 84 61 47 69 55 35 42 9 6 11 7 88 31 26 55 74 33 64 47 54 66 93 89 65 89 34 13 58 65 35 15 56 35 67 71 28 44 97 68
39 35 8 62 94 77 1 42 40 74 25 83 44 91 15 94 76 85 30 5 81 41 42 69 48 11 23 77 96 96 47 94 61 39 82 100 24 8 39 53 48 84 60 61 8 52 20 50 74 40 32 25 76 89 60 40 89 61 83 65 66 67 10 47 89 43 89 83 30 68 94 54 28
20 19 57 46 75 50 17 3 38 43 25 18 78 80 40 26 21 63 19 46 20 17 87 68 26 14 50 43 12 33 76 49 98 81 96 10 96 96 20 14 24 59 1 69 11 74 50 85 86 70 72 63 28 80 2 18 25 31 93 20 1 97 11 19 57 18 16 39 88 58 49 60 98
8 37 11 73 91 44 88 41 72 2 71 2 87 52 27 72 18 49 37 34 8 87 13 93 31 74 58 35 81 94 98 15 43 61 45 16 58 36 96 94 37 6 100 95 7 25 50 82 75 40 54 88 33 32 45 63 15 7 48 24 20 77 17 24 47 21 91 3 79 100 73 12 26
33 75 34 51 9 84 67 97 35 51 78 17 70 61 11 62 1 70 88 11 52 84 28 29 78 24 70 39 46 87 83 90 73 36 84 12 24 26 60 8 22 96 61 47 25 50 4 25 94 11 30 35 5 94 92 59 6 38 62 33 45 41 24 13 40 10 21 57 90 73 85 60 70
8 100 91 89 32 3 15 1 10 27 47 90 50 68 39 34 79 27 33 72 8 71 40 57 15 60 98 59 32 57 2 25 96 100 61 83 99 92 40 57 22 98 83 58 57 99 97 71 80 93 56 97 32 87 9 99 49 90 27 48 42 49 41 25 52 73 14 93 78 10 73 44 60
36 59 57 23 85 19 71 97 54 100 59 93 25 55 92 33 6 49 39 78 88 13 48 24 70 85 8 35 89 9 61 20 9 64 39 92 20 59 44 34 53 4 94 7 60 39 39 75 45 75 81 53 31 51 60 43 84 54 81 4 50 40 88 86 88 6 48 79 17 97 9 18 68
21 2 94 61 51 96 3 86 1 55 83 86 82 72 63 82 46 62 22 73 22 21 30 22 27 68 2 83 35 37 94 19 81 87 73 51 10 35 60 46 96 75 88 56 90 15 90 5 28 1 96 29 4 72 71 34 25 43 47 47 79 82 63 4 59 45 73 47 29 40 16 85 75
19 24 98 27 99 49 68 16 48 72 43 29 33 22 85 3 85 71 32 56 47 75 20 76 12 54 53 47 79 89 2 98 98 46 63 38 83 52 60 3 53 28 66 70 84 79 78 9 70 2 80 27 48 70 13 26 84 16 100 36 72 20 2 6 87 19 56 27 43 31 9 92 27
82 75 57 13 58 90 72 10 36 59 43 85 6 63 91 90 58 73 24 52 32 100 78 64 7 40 92 71 37 86 63 50 52 2 89 97 95 72 31 46 72 99 52 74 61 30 55 28 22 51 72 65 7 16 78 4 78 72 31 7 43 36 12 2 94 2 19 58 9 17 35 84 15
45 62 79 68 9 16 24 46 3 99 76 43 16 78 11 4 63 99 71 73 74 8 27 70 55 65 1 14 89 46 98 1 7 78 48 43 40 20 72 75 20 53 34 58 98 63 93 57 14 80 3 71 93 70 33 43 67 74 15 68 95 38 26 42 49 31 10 58 100 23 66 57 19
79 65 58 74 28 22 16 53 23 24 69 92 23 96 8 31 86 34 88 80 62 74 50 59 49 75 37 77 55 28 76 40 80 15 99 93 46 66 94 63 99 68 83 12 74 24 2 2 70 48 73 67 15 77 5 48 53 4 55 62 98 84 83 46 56 42 27 15 4 29 75 85 13
88 84 32 7 57 65 17 89 88 13 49 36 70 94 52 26 42 46 24 72 89 71 25 68 92 8 3 30 80 79 82 91 17 61 41 50 67 4 83 67 5 82 29 13 55 38 68 13 43 24 38 47 66 1 59 71 88 92 30 32 85 29 79 63 37 26 99 44 59 65 86 92 33
42 16 75 99 61 44 84 85 93 85 33 1 98 45 49 70 81 75 99 77 19 87 13 82 75 77 40 3 94 42 45 51 3 94 97 34 59 55 77 54 11 88 57 81 65 82 46 94 68 59 26 89 43 11 23 31 23 48 2 1 44 56 1 59 69 18 67 24 27 34 51 92 85
76 52 58 5 84 39 32 28 41 57 51 34 11 3 47 8 99 3 55 67 24 33 33 26 89 49 1 3 68 31 50 46 89 33 48 21 91 59 36 27 26 45 93 63 38 56 76 84 51 98 31 23 65 36 5 80 42 20 25 89 74 36 99 75 34 92 3 58 72 39 78 79 54
89 78 100 33 51 45 28 71 15 95 4 92 74 83 25 58 67 60 58 19 10 93 8 32 97 71 92 47 34 42 21 40 33 97 56 63 11 98 68 64 31 81 73 36 99 27 7 56 91 66 54 100 98 63 69 74 97 1 7 95 32 96 77 76 65 48 6 85 28 59 52 42 33
16 31 58 32 45 91 97 34 36 56 69 67 61 29 61 19 3 87 88 77 88 55 91 18 86 35 78 50 36 83 24 53 100 14 74 80 98 96 49 86 60 50 33 81 51 54 32 99 58 19 20 14 86 51 57 72 39 91 15 90 21 14 6 99 24 30 87 84 88 96 19 47 31
86 93 100 49 90 36 22 11 96 8 46 3 80 54 13 27 97 23 87 18 89 22 96 18 19 29 78 40 49 55 95 70 53 72 45 19 38 93 79 72 10 63 5 1 11 64 43 42 11 55 10 15 68 13 75 41 28 90 60 91 32 82 88 67 47 87 63 6 86 66 42 51 61
15 84 94 32 50 9 36 59 55 22 48 31 62 13 54 6 43 18 59 13 96 26 76 60 73 66 36 73 23 96 86 49 24 2 8 87 46 100 33 38 54 11 74 78 59 1 11 5 95 38 50 8 68 55 84 91 27 91 90 97 9 68 55 9 35 79 89 100 24 50 49 84 45
65 55 32 32 3 37 13 3 66 78 88 75 1 74 78 68 5 25 100 8 98 29 83 20 56 28 22 34 9 4 97 75 97 13 30 22 67 20 90 50 13 13 79 37 32 100 23 73 1 15 19 11 39 80 13 42 8 32 19 97 1 83 53 17 82 78 68 41 50 16 64 78 12
70 23 13 94 45 35 78 37 86 74 83 50 12 80 86 99 59 45 12 93 32 27 66 24 68 58 4 19 78 30 51 30 81 85 35 81 57 26 38 95 76 69 64 7 60 99 95 94 16 40 12 69 36 64 11 88 9 67 40 54 24 57 91 59 58 49 44 28 84 75 38 22 43
31 33 62 94 56 70 47 23 34 44 53 76 16 28 33 19 81 48 48 40 85 43 20 65 50 56 52 74 68 49 91 54 73 42 12 81 73 3 45 84 70 26 82 62 99 84 79 89 38 69 100 76 86 45 59 46 82 90 43 71 91 68 37 65 96 56 64 90 11 41 33 19 83
82 6 44 4 71 42 67 31 86 94 14 35 89 91 29 51 11 76 23 69 15 24 75 82 75 75 15 30 24 85 96 26 45 52 29 89 75 35 76 72 52 87 37 50 95 85 90 54 54 64 38 62 69 77 38 71 6 71 89 62 81 72 67 71 23 57 29 48 65 61 94 93 31
18 25 45 69 7 89 75 96 1 93 65 30 78 53 89 2 67 44 43 100 90 65 46 95 39 51 14 40 21 44 45 26 67 89 73 78 88 98 81 89 62 30 12 59 14 68 46 19 12 41 76 24 64 36 26 50 25 5 87 22 78 34 1 81 94 43 90 12 80 42 30 24 27
22 73 72 90 15 75 52 8 74 70 22 17 13 81 15 56 98 7 87 52 53 85 14 72 30 23 84 72 91 96 65 61 10 53 76 12 75 28 9 98 37 69 53 94 9 93 95 47 34 77 72 63 71 41 82 16 94 2 97 39 35 8 54 35 64 96 36 43 42 73 67 38 56
53 66 73 86 35 98 94 53 47 5 24 9 1 20 87 43 57 47 57 8 14 36 1 58 14 71 11 29 2 46 61 57 74 37 24 22 99 75 5 23 59 33 74 3 81 66 92 85 25 88 95 32 82 66 56 59 86 30 5 29 26 73 77 94 51 25 83 11 29 50 33 17 34
33 17 38 84 100 79 61 78 26 16 73 68 37 7 70 2 81 8 84 43 81 45 93 42 23 40 27 56 88 5 33 87 68 50 80 35 79 12 41 56 29 44 49 43 88 6 61 12 83 28 19 67 45 98 41 5 74 21 97 97 61 66 40 80 95 64 47 78 95 32 30 6 54
100 59 4 57 17 95 45 88 42 43 70 82 82 58 5 47 41 61 24 84 66 71 3 25 79 69 41 51 54 33 74 17 31 83 31 96 49 40 93 6 49 11 74 79 20 32 73 69 45 38 61 74 3 24 85 63 44 28 7 24 78 84 46 89 13 53 24 31 89 28 87 66 9
62 90 33 17 79 79 57 8 38 84 95 89 96 26 37 34 19 14 29 77 85 7 98 50 81 2 23 2 87 29 59 15 82 13 16 84 87 97 86 30 12 56 45 74 84 30 62 21 21 84 27 70 70 84 66 75 95 75 46 63 81 21 30 18 10 24 71 13 68 1 89 75 96
95 3 60 19 1 82 70 96 90 45 21 5 35 34 47 7 33 44 28 38 40 18 98 62 27 83 40 74 69 86 100 11 3 83 23 24 46 30 76 87 64 92 7 21 26 41 91 41 89 5 61 18 26 17 96 74 78 43 82 85 49 24 24 55 37 42 49 29 79 62 27 18 54
12 47 49 54 41 86 41 11 55 75 82 94 79 14 62 16 88 30 82 95 76 96 45 5 11 8 93 14 26 39 97 59 92 73 19 91 50 12 31 51 29 57 20 94 46 51 58 39 21 56 43 93 65 22 13 2 27 75 40 35 56 25 16 4 92 30 58 9 77 9 84 80 1
43 57 44 51 32 10 93 91 41 45 37 80 8 40 46 69 75 26 64 19 92 79 61 82 68 62 52 50 78 54 23 20 42 50 69 52 11 82 47 53 80 1 17 60 86 24 3 90 75 7 92 65 73 74 94 67 26 23 63 24 46 15 29 77 13 85 93 97 3 86 21 37 9
17 65 74 46 75 98 49 19 71 46 3 98 6 47 34 45 33 28 44 73 49 92 33 56 20 12 22 52 18 22 76 49 3 51 78 78 55 3 47 31 6 23 100 58 25 24 69 47 16 29 77 76 30 64 27 84 38 57 58 63 87 80 16 59 34 10 51 34 42 45 92 16 32
23 80 38 68 8 4 67 96 91 52 70 72 51 36 88 26 98 57 35 19 5 41 11 13 81 65 52 26 10 31 17 65 50 61 20 52 76 8 17 30 1 84 27 45 43 79 4 70 73 96 96 24 66 6 26 14 9 17 10 17 28 21 94 58 43 45 43 43 88 97 54 68 93
46 19 96 85 17 45 17 23 43 35 56 83 80 63 40 6 59 39 6 20 25 16 25 80 96 79 55 88 18 13 67 93 6 11 25 41 14 38 19 59 89 3 57 28 35 98 27 56 34 36 29 62 12 98 15 39 35 93 87 11 68 6 80 6 15 95 44 95 13 51 88 63 83
12 49 28 14 83 79 42 75 56 78 14 93 33 45 69 37 43 82 43 10 26 89 68 21 25 49 15 58 32 40 85 96 71 34 28 41 47 28 89 42 83 21 19 53 55 58 90 71 52 6 22 89 40 80 19 94 15 52 60 75 78 87 79 61 11 35 61 9 1 74 58 14 66
78 15 52 50 33 89 97 1 2 41 16 64 68 3 27 44 49 71 57 56 5 35 29 64 84 13 54 62 17 39 31 11 17 20 21 9 84 28 30 100 62 12 16 23 100 67 7 16 80 80 43 51 74 13 13 23 1 88 51 97 22 100 59 88 90 39 68 73 18 65 43 24 30
67 17 20 26 28 72 32 5 67 7 21 3 11 49 38 86 80 17 14 15 43 47 61 29 31 39 89 78 33 67 70 62 25 54 71 57 38 22 19 32 4 33 8 66 28 60 92 19 31 8 33 29 70 9 21 51 10 23 85 6 68 55 69 98 55 7 37 5 89 14 2 50 78
50 28 4 99 31 26 100 74 86 55 25 27 45 56 86 74 15 70 41 6 55 41 62 85 26 20 14 5 28 95 97 31 86 7 90 65 1 10 41 61 62 23 61 20 83 14 79 9 17 58 23 54 66 6 90 23 36 39 28 81 35 80 62 93 16 55 30 34 71 11 38 96 42
25 99 66 70 4 27 53 5 48 24 57 48 77 70 37 36 19 55 18 64 97 82 77 53 56 94 86 24 89 71 35 83 30 61 80 46 33 9 30 64 77 80 63 55 61 7 7 100 2 3 84 98 80 8 19 84 72 53 36 77 65 33 89 76 13 5 84 76 97 48 86 18 99
28 20 24 26 47 72 8 35 44 51 50 27 75 6 70 77 74 1 65 54 98 56 22 66 22 68 16 61 58 84 98 77 34 52 22 37 96 21 13 50 18 27 15 30 1 47 14 91 27 38 13 68 60 18 96 21 100 25 9 75 94 43 76 19 35 11 2 85 32 66 79 20 30
23 22 7 17 35 25 76 11 37 41 48 57 79 47 27 90 51 60 30 95 100 34 78 96 92 47 22 25 35 5 28 50 89 83 8 39 52 87 10 58 26 88 93 15 29 62 40 82 46 92 31 87 11 90 85 47 92 59 33 17 79 4 38 12 75 37 40 62 62 55 44 100 71
55 99 5 79 74 94 59 77 26 56 41 87 72 16 90 75 30 93 42 100 91 27 86 66 12 76 68 55 62 79 1 70 29 23 78 20 19 39 73 54 1 4 41 26 81 24 83 77 13 70 11 20 23 10 6 90 98 47 84 37 11 21 89 96 59 16 8 73 8 30 8 83 50
40 27 42 60 76 24 6 84 1 84 16 99 87 2 70 68 13 55 34 51 29 92 22 49 58 78 38 26 39 77 9 29 87 83 40 59 48 7 33 74 77 36 48 24 35 8 40 93 30 39 92 65 64 6 57 58 57 56 3 64 47 30 16 49 97 42 76 99 61 26 39 8 86
29 68 46 5 87 98 63 15 45 44 50 40 56 16 38 18 26 11 23 13 44 19 83 18 54 26 46 50 40 72 65 48 2 7 48 29 35 13 26 11 65 41 37 12 32 13 66 68 52 24 10 42 36 76 90 27 84 18 4 91 5 84 50 72 79 22 58 84 48 93 91 58 72
25 3 80 27 38 42 4 50 88 6 16 80 41 55 59 48 67 84 40 13 95 59 65 1 21 14 93 86 13 86 93 52 18 96 89 98 9 89 9 84 72 98 61 53 79 53 78 75 10 39 66 20 28 43 64 86 32 53 20 9 87 66 75 46 1 7 30 31 23 88 67 98 32
84 17 68 86 53 13 43 67 97 48 46 13 10 27 39 35 94 77 9 61 76 28 39 38 97 35 16 71 78 54 89 71 97 66 96 93 43 51 14 82 57 75 79 12 97 16 12 98 27 53 78 56 51 73 1 13 37 53 4 23 88 75 31 55 15 38 44 42 70 8 99 47 59
18 71 26 28 47 42 40 80 83 36 28 84 89 82 65 8 7 14 77 70 97 53 94 90 72 22 3 6 29 21 45 53 53 74 59 82 2 43 2 58 43 43 33 58 84 17 20 26 33 100 6 67 80 28 21 45 85 65 53 81 85 90 10 60 8 73 14 100 55 17 44 41 94
84 66 14 95 22 52 50 11 9 86 15 49 14 92 45 40 77 72 12 76 97 28 78 52 82 72 78 78 10 14 80 67 45 60 84 85 92 26 80 34 25 61 4 19 85 79 98 45 62 44 78 98 14 40 43 32 19 10 35 33 56 43 100 43 15 16 55 82 77 94 25 5 96
11 83 2 28 41 47 85 56 52 77 76 61 73 99 40 62 78 15 82 66 85 4 80 43 3 8 38 40 23 65 5 34 19 59 39 46 23 16 22 91 22 1 93 10 9 97 49 93 60 87 45 67 10 97 48 80 96 10 70 25 7 55 61 87 74 94 33 61 94 30 35 35 76
99 62 81 78 29 38 22 14 75 36 73 47 94 26 41 6 58 89 92 20 24 77 99 100 8 12 8 36 93 5 20 79 11 26 74 1 96 3 95 62 30 69 75 40 84 43 44 44 67 32 86 91 75 69 46 57 82 100 3 89 80 2 78 95 32 17 9 18 70 49 23 70 57
47 17 21 99 66 32 63 82 66 29 4 85 98 41 41 48 54 82 79 40 33 37 23 82 35 82 89 66 90 46 32 87 71 55 41 38 11 21 15 98 19 98 94 74 3 54 51 33 17 25 16 96 18 94 73 7 73 45 57 37 57 71 53 9 3 29 5 13 39 54 56 40 47
81 19 29 68 30 93 53 34 64 65 81 90 43 15 72 82 95 24 78 87 8 100 98 66 63 5 10 53 77 46 56 3 19 17 18 54 6 69 50 40 79 78 99 28 78 94 40 46 78 72 94 98 28 51 28 77 93 85 86 37 33 12 49 30 98 53 14 100 56 24 85 3 67
27 61 84 57 26 25 74 56 42 61 53 35 48 20 50 76 9 8 19 62 24 80 36 88 7 97 26 50 1 17 47 70 100 88 95 74 26 67 69 39 58 26 61 2 4 28 24 10 29 82 4 41 80 68 90 75 15 55 61 91 18 56 29 17 76 71 4 84 16 31 99 57 32
17 68 95 39 60 3 16 12 20 43 8 53 90 55 93 97 14 12 14 93 38 32 85 53 47 99 10 18 5 25 17 27 31 77 51 37 11 16 95 19 11 65 68 18 77 23 61 28 45 99 21 47 24 32 64 77 55 17 42 93 32 2 42 60 40 93 70 21 38 90 61 58 51
76 93 21 90 15 75 1 22 51 79 72 66 70 28 88 12 36 99 37 85 14 10 71 91 2 85 53 88 77 48 25 7 94 88 8 41 9 18 32 29 11 20 28 35 45 99 76 5 15 1 50 87 6 40 16 37 3 62 95 30 26 35 3 56 51 87 64 69 52 88 53 23 99
76 15 100 53 19 16 99 19 32 100 91 16 72 71 73 4 31 44 92 12 17 30 49 53 92 45 71 77 64 20 36 79 75 64 16 87 39 3 98 66 12 26 5 83 58 67 32 94 54 72 25 39 76 60 75 86 37 39 98 86 74 68 71 96 49 80 96 62 94 22 13 79 57
5 60 68 70 54 26 4 29 14 38 8 71 70 33 14 20 41 95 38 94 62 77 69 58 71 43 58 74 73 61 27 47 49 44 61 92 34 34 10 14 84 30 45 46 20 96 47 8 81 29 22 53 78 37 67 62 81 86 51 10 12 1 60 98 38 70 49 24 64 81 68 71 88
90 73 25 94 76 71 28 93 61 52 57 52 80 96 90 22 45 78 54 14 2 68 59 91 78 12 51 20 98 11 27 79 33 41 84 91 92 85 14 78 2 10 31 100 74 82 64 9 59 2 2 41 67 59 4 30 59 27 35 97 22 51 70 5 96 95 79 36 4 66 25 12 97
68 15 61 26 25 10 31 97 48 38 7 81 79 15 45 34 29 93 45 32 42 92 22 74 74 82 1 50 1 89 2 6 24 66 97 85 35 82 9 82 39 58 81 95 22 66 65 42 51 22 98 13 54 81 53 88 14 81 82 35 90 66 94 84 44 18 50 74 70 38 36 95 87
75 83 74 96 35 86 52 51 64 77 60 98 61 27 46 76 48 59 10 77 48 38 76 84 29 53 89 98 64 75 7 36 15 20 86 47 96 44 88 19 85 26 6 30 16 73 15 51 68 100 65 19 59 19 49 62 29 89 36 29 14 89 15 27 23 54 74 73 23 6 93 39 91
4 91 55 66 93 52 92 7 24 60 83 56 93 100 92 8 32 25 25 38 49 38 91 60 31 91 46 23 81 44 17 44 61 98 16 32 87 40 45 18 72 4 14 61 16 9 82 97 72 40 53 58 92 86 88 64 84 92 84 31 45 32 63 83 63 16 42 28 65 16 20 34 72
41 34 95 51 82 2 79 18 10 94 21 26 92 11 29 1 78 81 89 46 78 8 68 31 40 31 71 69 11 21 2 68 54 13 79 64 54 50 84 70 99 39 43 63 50 7 93 22 53 80 64 64 57 17 34 73 7 1 78 44 78 42 85 95 72 31 63 53 79 17 95 76 50
92 72 83 40 88 78 70 32 34 24 87 6 77 39 81 28 76 27 74 29 81 33 71 26 78 69 91 2 60 40 76 7 2 56 37 1 31 55 95 99 70 5 2 48 8 86 2 56 94 68 11 95 21 5 70 93 24 43 18 26 26 31 89 96 59 7 46 66 3 76 59 19 64
71 70 64 54 95 38 15 5 75 43 5 83 44 49 52 17 71 77 80 59 60 60 10 5 69 34 19 32 44 83 92 4 91 51 94 60 35 39 4 1 30 61 6 6 80 88 92 47 99 49 79 31 7 53 20 88 55 61 39 10 77 38 93 55 27 45 1 25 56 14 63 52 76
62 6 98 88 19 77 20 77 19 100 75 61 84 36 67 39 23 94 26 42 18 7 24 76 88 38 82 23 86 42 12 85 79 35 92 24 93 10 51 48 37 75 18 64 21 74 82 62 19 45 23 19 33 21 99 66 47 16 21 52 69 58 72 68 41 47 82 28 83 99 33 60 59
27 52 5 19 27 49 1 86 40 82 8 80 68 81 94 67 4 64 76 29 42 41 31 59 54 27 25 45 66 37 21 15 68 26 25 56 95 33 58 64 86 2 90 79 88 13 86 92 61 59 5 84 64 34 13 36 25 8 49 91 100 79 43 32 3 87 74 58 17 37 43 29 16
51 91 66 56 83 100 34 36 80 5 72 64 47 86 51 20 7 57 53 68 87 66 73 96 8 94 6 38 13 58 25 49 21 24 65 93 24 62 13 69 69 50 17 63 88 55 85 22 31 49 79 76 66 66 11 62 91 99 72 13 26 73 36 66 1 50 55 26 83 62 12 91 90
2 33 49 42 86 86 72 48 46 8 36 35 83 82 46 66 27 39 3 47 23 45 35 74 11 98 55 80 91 93 22 37 3 51 89 72 16 10 69 91 46 29 5 23 22 61 16 92 61 84 11 32 43 41 51 84 64 44 90 52 1 78 43 32 79 18 19 87 45 12 34 15 67
54 11 100 53 94 59 90 32 36 46 41 67 16 63 72 86 98 45 10 16 32 22 94 69 75 89 37 74 86 14 8 39 11 21 88 81 95 91 71 90 73 24 19 26 98 14 69 32 47 40 78 51 86 86 100 29 10 84 24 33 94 46 87 44 15 80 15 43 49 17 47 98 63
36 85 20 50 68 7 5 37 76 92 96 46 52 57 31 2 31 56 20 69 90 91 77 40 3 55 69 76 69 87 68 92 47 4 77 74 83 7 95 94 21 65 35 14 96 33 95 81 100 83 65 79 97 60 85 4 15 62 65 100 30 25 96 34 60 87 29 40 5 56 5 3 86
24 14 35 13 25 25 29 63 43 98 63 43 26 94 52 15 100 94 49 45 87 58 83 56 18 68 89 2 98 19 32 55 70 18 53 95 23 5 83 73 75 78 31 62 50 15 12 40 43 87 50 49 29 82 17 54 33 23 97 39 77 5 37 90 85 27 84 88 13 35 99 86 36
32 93 39 88 72 32 70 81 42 8 99 66 9 37 15 77 52 44 32 62 46 25 89 64 89 12 61 11 99 53 97 93 54 98 61 54 41 47 24 9 90 55 47 10 97 26 38 1 48 81 92 16 9 58 92 40 81 92 8 56 98 41 79 22 99 30 94 30 78 78 98 40 91
67 28 1 51 26 68 9 36 25 83 100 75 18 48 31 49 81 17 88 42 78 11 48 27 12 2 19 23 69 26 61 73 52 42 8 96 27 17 46 2 68 31 33 5 6 76 32 71 75 28 35 97 65 78 70 58 66 70 25 96 12 81 36 96 89 42 90 66 42 76 67 72 34
49 63 15 10 73 47 53 70 40 94 73 26 40 68 48 54 42 9 34 55 14 13 84 27 8 7 51 3 10 8 32 87 76 34 97 69 75 93 73 34 45 84 68 1 96 98 85 5 17 30 91 98 15 45 29 19 39 76 17 26 86 14 68 90 74 19 96 45 93 96 69 2 88
89 88 18 22 97 85 55 20 73 32 96 80 67 55 86 64 12 18 50 85 44 99 13 63 49 38 52 76 67 15 84 9 18 95 92 67 76 37 72 66 16 46 22 14 92 50 19 99 55 85 1 58 98 76 94 52 20 65 23 15 87 50 54 3 45 64 57 19 95 23 96 60 5
27 36 29 42 3 49 51 10 69 21 98 93 85 42 77 21 99 10 11 86 10 93 55 37 82 67 41 23 92 38 97 8 61 18 76 19 32 3 16 40 68 75 5 52 5 33 61 35 82 89 68 71 99 16 8 55 91 95 2 7 61 75 66 55 75 67 48 3 91 86 19 5 29
79 18 79 52 14 53 74 100 15 33 63 85 77 99 57 46 36 82 7 8 59 10 40 84 37 80 84 98 66 4 57 48 36 86 22 6 7 60 47 27 6 26 89 36 30 15 26 83 36 64 28 15 74 31 86 18 66 77 100 3 51 42 49 69 40 32 42 79 94 11 20 14 24
76 25 84 36 41 43 90 29 40 17 60 76 86 6 52 79 22 99 88 52 26 88 20 29 49 42 51 68 93 92 29 22 83 91 29 55 81 83 99 100 43 34 89 56 93 79 14 24 72 3 35 83 7 47 45 68 8 39 99 57 19 52 24 39 58 20 67 87 98 14 31 89 81
52 77 11 24 9 12 97 87 18 59 94 26 92 100 41 54 59 97 20 57 54 67 33 82 87 31 32 81 32 16 56 65 54 32 37 43 96 70 17 70 59 72 2 51 85 30 16 3 8 22 95 30 45 38 50 46 12 15 29 5 66 3 13 20 100 98 70 36 37 96 57 33 87
