48 64
83 39 85 38 49 30 74 48 48 14 80 96 97 94 5 55 94 62 84 78 45 21 35 48 7 31 21 60 7 71 64 92 35 43 88 79 64 65 54 71 58 26 63 34 82 74 43 18 84 59 32 78 55 77 3 88 67 25 62 11 73 89 67 14
40 56 44 58 99 73 19 38 54 69 64 57 31 52 13 59 38 9 65 69 26 62 52 23 53 74 46 47 61 41 97 96 57 52 53 71 20 14 10 8 12 1 96 52 70 73 50 57 71 78 35 19 74 52 38 78 17 12 92 12 1 69 24 32
62 27 86 63 26 51 30 38 60 3 79 51 60 45 15 21 57 22 69 43 79 63 43 72 59 96 21 92 84 83 1 77 83 63 55 84 12 85 4 42 70 7 39 99 61 15 60 54 75 19 32 65 90 15 100 18 63 2 64 89 69 32 11 48
92 95 81 37 44 52 48 35 71 65 11 51 98 33 28 20 25 27 64 93 85 59 8 26 62 25 94 14 82 68 56 92 81 10 92 95 81 92 33 86 97 84 37 8 61 85 51 43 55 95 79 40 73 56 80 66 34 15 54 24 46 10 100 45
54 85 87 48 19 13 23 33 41 22 98 80 7 28 55 80 30 59 100 1 35 66 63 2 12 6 65 18 17 52 60 11 67 12 43 95 50 62 8 35 40 57 17 25 93 86 86 10 92 39 89 80 77 53 55 28 73 87 86 8 15 52 48 19
89 7 75 81 66 88 97 84 80 22 58 79 38 55 16 46 6 43 47 62 9 17 44 66 43 66 50 86 28 75 95 60 74 69 72 60 59 43 93 33 63 32 59 84 93 34 6 22 81 30 85 42 38 29 79 32 4 38 1 21 77 89 94 18
55 87 66 35 18 83 21 29 8 29 30 2 48 93 11 76 43 82 88 24 68 63 100 68 11 17 50 24 44 62 60 74 85 34 28 15 65 64 100 44 14 35 23 32 18 34 40 32 33 65 79 61 6 93 66 16 71 5 54 88 82 2 30 71
94 68 34 26 89 50 36 82 31 95 99 91 55 34 61 48 76 31 91 47 22 68 30 7 46 87 44 15 40 16 67 45 100 37 37 35 75 4 93 44 90 5 22 2 38 37 97 6 79 22 63 93 19 3 3 38 71 7 89 55 64 53 60 61
97 75 33 22 77 27 60 53 39 49 35 37 85 22 33 22 61 97 8 48 33 84 86 32 2 89 100 32 72 61 17 78 67 100 85 80 80 91 49 30 6 99 50 8 75 11 40 98 28 35 46 10 64 33 2 41 11 80 62 48 42 60 41 84
73 86 2 8 33 68 31 58 71 10 25 44 89 86 47 72 67 1 40 86 12 11 69 9 82 14 67 89 20 38 56 28 23 23 32 90 87 37 67 81 26 91 53 48 69 40 77 7 78 47 23 64 9 10 88 13 51 45 14 47 48 86 80 21
45 23 30 51 21 44 72 35 15 74 73 37 60 1 39 28 81 13 70 77 88 98 25 88 2 10 75 60 72 1 18 35 46 88 92 93 17 39 23 57 30 39 27 6 38 96 37 54 7 90 34 64 75 75 68 99 36 36 68 10 67 79 1 2
21 33 23 67 22 43 20 6 80 58 31 91 12 27 62 65 75 24 2 82 35 12 92 36 99 37 78 28 41 24 15 19 39 65 31 30 48 44 50 39 51 50 46 76 56 96 31 37 46 45 39 61 97 18 34 54 24 43 100 51 34 72 8 9
93 73 35 56 3 1 61 6 52 93 4 26 75 76 83 75 1 38 84 47 51 69 17 34 24 8 72 30 18 62 13 89 51 37 60 92 67 12 59 53 36 81 76 44 10 75 51 10 36 7 50 96 27 49 94 86 61 34 34 61 65 76 26 37
69 53 5 3 12 7 1 56 5 63 11 50 64 73 22 3 63 43 21 70 47 38 37 49 45 81 71 84 11 24 94 31 47 72 11 24 82 55 78 13 13 7 60 73 40 85 9 40 43 24 24 19 69 91 9 87 38 27 43 20 60 91 93 71
74 99 58 75 81 64 95 90 95 32 88 87 40 65 48 7 50 12 28 31 16 66 99 28 82 71 45 28 80 96 89 19 12 23 65 16 50 6 55 46 66 15 94 79 99 63 98 80 78 92 40 72 76 89 86 97 100 28 85 20 72 97 36 69
15 86 28 88 91 92 80 34 28 17 55 10 17 8 79 65 65 100 41 24 36 21 70 42 68 3 41 13 2 52 78 9 45 20 16 10 77 40 50 33 60 84 55 26 25 60 96 96 69 92 55 42 50 98 49 41 74 88 35 74 68 26 56 17
52 75 73 10 9 64 75 87 26 48 17 10 57 82 85 37 28 11 45 63 69 87 37 36 90 58 59 75 100 83 61 71 63 85 14 65 89 21 80 33 6 67 6 63 77 44 98 42 96 86 79 33 45 93 74 94 35 11 82 41 96 59 47 43
58 40 32 26 83 66 19 37 96 43 93 60 43 80 17 65 76 34 38 11 27 29 29 12 48 29 79 35 18 94 87 63 96 50 23 57 57 61 4 26 4 6 91 21 20 67 13 17 88 57 6 34 29 69 22 12 78 49 67 33 60 95 47 61
23 75 26 35 77 36 3 89 26 34 19 14 68 13 80 43 64 75 42 48 68 29 32 85 94 27 70 60 81 76 51 24 30 33 21 79 74 25 70 8 34 92 6 16 47 65 2 42 56 98 79 48 56 31 32 72 12 7 51 79 9 15 46 69
25 23 61 21 8 62 92 94 88 67 83 82 82 73 56 46 28 88 56 70 6 25 13 87 64 49 47 2 99 65 37 42 64 68 74 37 11 87 7 55 61 33 27 80 95 23 42 15 96 58 22 31 28 5 96 97 99 36 37 54 77 81 52 82
87 9 59 84 75 46 12 92 7 44 54 87 11 4 83 70 56 12 65 90 100 97 88 2 43 37 74 65 30 21 42 22 15 6 61 25 60 81 94 32 32 17 19 26 51 44 28 90 20 2 80 19 64 65 90 27 46 40 18 86 82 43 51 28
18 43 59 9 58 10 65 67 54 80 19 1 38 3 81 56 84 36 4 3 62 11 57 95 66 53 36 2 18 80 81 55 81 83 78 87 93 51 27 82 11 53 25 89 55 12 69 2 25 73 80 37 68 38 38 22 49 72 68 19 92 32 53 23
41 15 50 95 89 93 6 92 85 39 82 81 24 9 48 30 1 31 57 25 88 85 5 17 86 44 63 48 21 35 86 45 12 48 42 77 2 59 86 69 46 32 74 81 28 64 27 68 22 72 62 20 93 29 85 55 84 3 77 49 89 28 13 64
64 72 2 26 53 79 72 18 41 6 27 34 51 18 74 70 42 85 92 49 87 18 31 100 1 3 73 23 81 57 37 48 75 35 15 9 60 51 32 70 2 26 76 34 9 82 12 22 39 9 54 56 74 68 86 16 44 17 88 85 75 32 72 98
79 71 73 70 45 8 53 17 9 44 27 84 82 6 26 36 64 70 61 57 54 62 51 60 33 40 98 27 57 2 66 5 54 30 43 70 90 22 79 79 58 27 29 65 50 72 19 50 88 82 33 17 63 58 18 15 40 18 90 22 69 55 84 89
94 22 34 12 49 1 84 41 29 69 1 3 61 2 56 2 33 10 97 43 1 14 2 62 49 85 20 17 25 10 22 35 46 1 26 40 100 53 57 78 14 44 8 37 59 18 56 55 34 38 90 24 32 27 39 76 64 26 89 4 36 29 59 85
2 15 74 83 29 93 53 95 89 81 53 15 20 80 100 98 7 74 19 22 88 92 62 25 1 49 5 92 77 38 36 46 70 30 74 76 47 38 78 27 82 64 77 34 88 54 20 86 20 41 69 15 66 15 59 5 61 78 79 60 26 2 16 83
42 97 63 67 2 8 32 66 97 60 68 29 72 71 43 99 21 85 95 91 60 30 37 45 58 93 68 4 90 57 88 58 58 87 53 84 37 91 4 4 27 95 81 85 78 34 54 45 42 4 62 13 67 15 33 28 89 93 99 64 9 7 32 30
6 57 27 100 98 15 42 90 42 75 16 64 80 16 56 97 63 15 9 61 12 12 7 6 71 95 9 25 23 91 79 79 58 87 10 94 28 7 49 71 64 29 46 40 16 25 50 18 12 90 13 87 21 2 74 20 94 7 73 14 68 22 93 22
3 41 1 31 36 100 54 55 95 5 19 97 24 9 23 37 70 52 62 27 88 68 6 9 8 85 76 40 16 80 55 98 39 34 41 14 60 30 8 75 57 39 86 97 74 47 88 72 27 47 15 26 100 32 36 37 35 73 10 86 3 81 41 44
55 71 10 27 9 69 88 30 48 19 12 82 68 92 12 77 28 69 73 72 48 84 52 1 21 38 38 84 98 13 82 86 16 77 95 34 55 93 93 76 86 84 29 71 73 1 92 60 98 3 11 67 54 49 65 88 89 29 33 74 99 32 99 54
72 26 24 40 70 77 16 1 38 95 16 61 57 96 12 95 75 53 10 57 5 59 44 82 47 50 74 77 75 29 40 100 89 82 66 96 23 71 37 54 16 68 53 95 52 5 43 48 53 7 26 65 21 78 16 64 14 93 50 56 91 69 8 38
13 31 33 34 16 93 59 43 88 35 65 57 22 62 22 51 67 8 90 96 86 9 66 36 100 66 52 87 41 84 95 78 74 71 4 95 19 96 14 70 62 84 52 15 31 97 100 90 72 22 70 93 52 26 33 5 24 69 17 59 27 10 54 23
51 28 8 30 62 72 88 37 70 54 17 10 75 84 62 19 38 27 47 84 35 35 18 96 54 49 53 35 39 87 61 42 72 76 73 3 83 12 90 3 20 38 73 97 82 61 8 85 84 60 37 37 51 17 9 35 43 43 43 59 75 86 47 26
45 11 38 59 9 50 91 56 8 16 71 9 80 72 1 29 10 76 99 1 49 20 85 9 57 7 44 56 94 56 37 99 97 47 83 49 40 16 13 81 6 88 8 56 61 31 25 86 100 53 2 35 39 95 83 30 81 17 19 20 88 77 10 10
3 55 29 5 35 15 4 21 6 38 84 29 18 88 57 88 86 49 49 11 34 64 98 43 79 36 41 2 81 1 3 69 84 54 36 39 28 87 73 17 49 73 6 25 73 61 97 27 84 13 25 10 15 17 15 15 32 14 85 19 64 48 80 86
81 53 3 4 42 39 84 67 89 19 22 26 84 8 68 24 54 13 82 59 56 83 41 46 38 49 8 9 59 77 60 61 82 80 75 99 73 53 56 37 32 86 58 19 5 86 51 94 13 5 15 30 35 26 45 97 7 66 33 15 90 14 83 89
55 15 99 37 45 43 34 51 28 7 75 72 58 90 17 13 19 61 29 8 90 77 51 87 1 73 61 30 39 57 18 62 56 25 32 73 14 94 53 23 83 33 12 33 61 90 63 54 49 8 67 20 99 78 2 32 98 29 68 20 63 39 57 64
18 31 38 39 41 62 74 71 47 2 79 59 36 16 9 48 32 28 77 6 33 31 6 45 88 52 69 67 78 64 79 44 91 42 88 83 44 39 12 3 86 4 28 86 66 9 62 92 6 87 21 83 95 81 25 97 49 40 17 63 36 3 25 9
9 48 26 62 12 52 76 53 51 52 52 60 67 9 26 40 65 38 61 14 59 76 44 56 36 14 11 75 54 69 91 63 86 29 5 75 66 34 30 87 38 74 50 7 55 96 59 10 79 52 37 7 60 96 6 15 21 50 20 19 10 7 95 71
88 87 85 70 24 18 29 96 95 22 32 30 46 82 6 81 6 27 98 46 66 96 12 33 60 72 87 87 90 31 16 92 58 40 65 72 72 74 17 37 17 100 43 46 52 18 46 26 13 37 28 96 13 30 21 94 89 95 65 16 68 61 56 14
27 62 54 16 60 10 68 25 19 63 6 46 85 93 36 48 23 51 22 64 97 92 47 78 96 53 14 89 62 55 72 85 5 75 32 82 70 72 40 100 58 88 82 34 25 95 67 75 70 21 16 39 55 75 62 58 81 64 65 66 79 67 47 18
19 27 22 99 17 70 49 38 79 39 78 94 16 20 49 100 73 51 52 16 81 79 64 5 28 69 90 51 30 63 22 16 45 52 84 34 48 57 40 4 6 64 32 87 66 96 50 42 96 32 80 7 40 71 70 16 73 91 38 61 25 5 60 16
7 65 59 3 77 17 76 93 15 99 32 16 84 90 32 81 91 46 56 64 60 57 95 49 29 80 65 59 71 30 14 9 77 37 55 67 15 74 82 93 27 99 35 1 44 72 40 93 86 87 77 20 38 11 4 58 26 30 63 82 8 5 31 19
79 29 23 28 74 88 38 25 48 42 73 3 88 48 84 51 97 8 50 86 64 10 92 91 45 99 70 49 76 76 80 98 18 17 56 73 94 54 47 64 67 54 53 61 50 59 96 50 21 81 52 18 68 70 73 58 15 53 29 88 11 17 21 27
12 65 85 27 87 38 38 54 53 84 56 59 4 84 64 18 32 61 71 81 5 39 55 97 15 52 90 39 53 9 69 77 98 56 51 96 25 42 62 28 25 100 33 62 52 41 31 44 59 94 98 54 98 72 35 76 36 42 10 23 70 36 33 85
97 63 33 31 16 71 64 85 50 57 81 77 64 80 1 11 79 74 2 61 73 58 1 85 56 86 88 67 63 18 44 81 71 43 89 60 33 32 7 81 46 28 67 88 7 22 35 64 82 22 90 34 17 25 32 50 98 35 96 48 34 78 91 59
73 70 8 92 78 39 52 37 80 42 36 28 49 59 17 5 10 38 79 54 50 69 97 86 69 94 16 84 80 10 53 2 68 40 96 42 56 6 79 100 32 13 4 71 54 19 22 40 17 46 57 44 92 90 55 6 27 87 97 73 70 76 35 95
