39 9
84 36 75 45 69 5 34 56 65
3 52 93 91 84 25 32 93 38
64 72 92 100 55 98 10 61 72
43 55 84 35 26 95 47 65 97
61 48 52 93 4 89 8 40 49
47 70 80 54 85 12 1 85 98
20 23 76 28 32 3 79 35 92
42 58 53 29 64 13 79 59 51
66 44 42 33 54 56 82 5 38
80 58 9 67 68 69 40 96 33
12 34 87 52 68 44 34 34 88
11 63 50 17 25 58 4 76 19
18 99 27 2 27 70 24 53 19
85 94 65 18 91 58 61 54 31
73 29 62 71 2 58 38 64 47
84 69 33 39 38 18 76 58 69
17 98 1 48 52 11 7 19 67
17 16 39 20 12 36 100 23 70
27 16 99 39 52 35 93 27 99
20 53 71 83 47 42 74 84 71
38 21 40 33 82 25 3 74 18
23 5 98 12 44 63 53 97 42
94 31 76 87 87 50 56 53 26
15 88 41 6 81 77 39 12 77
75 94 39 30 75 4 52 10 1
33 73 62 12 21 83 59 6 71
45 74 18 100 67 30 50 7 67
71 98 5 60 92 74 36 80 100
16 12 96 62 6 78 63 27 20
40 16 52 13 77 43 60 59 45
37 51 33 44 38 48 56 76 77
64 84 63 18 28 55 17 82 15
56 53 71 87 94 48 45 14 75
95 30 68 95 69 89 83 88 92
29 17 72 22 4 53 88 83 48
21 42 9 70 79 58 28 6 7
97 39 74 24 48 55 50 13 3
98 27 1 11 23 14 38 88 96
76 91 15 72 40 4 49 90 76
