12 45
17 95 38 73 50 87 53 20 62 41 18 26 54 60 7 45 61 91 62 54 29 83 58 27 15 30 72 84 27 100 9 99 75 55 43 29 51 68 12 30 44 71 44 4 45
16 1 3 67 84 35 19 56 58 59 62 26 91 10 75 89 70 3 36 90 88 69 56 89 30 6 80 58 1 49 55 55 59 49 27 82 42 25 46 12 14 62 85 93 66
8 76 90 52 38 15 15 57 89 95 14 86 94 19 23 36 65 68 10 10 12 46 74 9 53 38 91 72 97 65 62 1 61 91 12 25 1 36 36 27 3 41 57 100 44
6 19 23 53 94 17 8 33 99 15 1 26 88 96 40 34 85 83 38 58 82 85 23 17 47 74 99 98 54 98 56 29 9 62 9 29 77 63 47 22 75 73 38 81 54
15 78 49 69 70 94 7 11 23 32 21 37 46 75 86 54 33 90 65 44 32 77 96 26 86 73 35 1 16 7 74 87 88 65 27 90 37 57 11 65 21 26 18 45 3
63 73 58 74 57 71 4 9 48 19 8 5 83 66 53 8 69 88 100 31 35 95 27 94 46 95 61 23 27 59 15 92 9 16 9 49 70 12 28 37 14 86 87 24 97
48 51 85 20 59 68 16 74 86 8 55 23 74 6 57 84 97 75 31 23 2 12 66 90 55 97 92 67 40 87 90 55 28 60 75 56 88 59 91 23 72 74 95 46 89
76 94 92 64 62 99 58 5 33 17 66 13 5 87 39 17 61 41 80 83 55 42 80 59 69 57 6 100 4 21 48 3 36 64 73 27 24 43 66 57 35 79 69 70 58
60 25 42 24 25 86 8 93 51 30 83 95 96 2 59 62 11 65 5 80 71 29 31 87 73 71 47 7 38 54 81 8 52 67 67 17 72 35 65 68 92 80 29 52 37
44 76 53 4 100 38 66 37 53 27 57 36 97 91 99 35 28 83 13 40 67 63 79 95 12 26 62 63 75 57 92 97 85 88 27 72 27 39 46 67 21 8 81 72 7
24 90 91 20 79 83 58 2 63 6 90 57 36 95 86 95 14 56 34 27 7 83 19 24 36 31 49 33 5 24 25 35 43 88 8 14 81 2 80 83 86 94 69 25 83
33 23 24 8 83 30 99 12 90 17 72 76 29 51 4 59 88 4 15 31 62 40 42 15 64 41 28 81 96 93 94 58 22 29 49 36 5 75 8 63 70 3 87 36 76
