75 58
2 16 89 21 80 48 74 9 97 66 46 36 28 83 57 66 54 98 87 78 48 100 16 70 43 83 9 90 35 81 80 73 89 31 84 34 63 67 85 41 74 26 2 72 90 34 95 79 19 84 77 93 64 93 64 61 11 43
89 57 52 89 44 46 31 18 76 68 3 21 12 100 85 52 100 27 35 5 69 1 53 58 40 46 57 16 50 55 10 89 76 32 48 12 93 60 6 81 68 70 72 65 66 47 1 84 13 83 12 10 98 28 51 51 36 17
12 3 97 12 19 4 77 87 3 29 72 95 64 79 77 53 70 82 45 36 80 14 16 68 67 62 58 57 24 53 32 31 79 91 18 85 2 62 40 3 97 26 92 24 79 61 23 51 97 95 9 58 89 90 30 16 14 17
86 40 38 66 1 91 44 88 80 24 3 50 55 6 10 21 79 82 38 23 97 71 89 29 39 54 16 11 47 45 31 94 6 91 68 83 59 77 89 69 48 40 50 11 15 2 54 39 21 33 73 85 4 66 42 80 7 34
29 30 30 15 64 87 1 24 74 52 61 82 28 52 1 70 19 42 59 7 38 40 63 34 72 19 51 66 88 48 44 33 13 87 87 28 88 90 44 42 32 68 35 9 76 15 52 48 3 27 29 80 40 55 40 71 31 85
23 49 60 65 34 15 66 42 68 38 79 68 98 14 34 53 86 74 45 47 64 69 40 65 9 93 65 82 14 27 70 58 75 71 48 70 59 73 37 6 90 36 45 89 20 99 84 9 58 1 47 72 94 21 55 82 92 30
26 59 30 43 49 71 72 26 17 72 84 94 59 45 84 31 94 25 85 89 74 29 34 99 26 13 90 57 21 16 42 88 57 23 99 21 52 76 85 28 28 47 36 58 42 77 20 6 62 15 98 100 40 89 7 47 58 36
55 88 24 100 66 6 100 86 82 96 39 77 27 33 3 43 65 10 84 75 38 89 57 4 19 81 38 21 8 42 87 71 50 22 2 46 45 100 25 24 70 60 91 98 18 39 72 12 75 53 95 31 91 88 15 41 63 3
1 76 46 23 85 87 62 28 5 90 30 35 2 88 41 34 98 14 49 24 54 37 67 55 37 20 3 88 72 71 71 2 15 24 33 38 60 56 32 1 71 51 86 86 66 96 63 69 5 58 57 80 9 80 93 9 16 76
5 20 28 53 42 11 82 87 56 51 16 54 27 1 14 75 80 69 52 34 65 9 37 46 13 5 88 63 100 38 58 49 69 56 87 42 65 85 16 78 11 35 94 24 40 81 68 84 21 16 26 63 31 59 32 82 70 13
81 19 89 90 38 8 77 53 46 29 19 80 83 57 67 9 60 15 83 88 48 95 93 4 55 42 68 54 84 54 80 95 7 11 55 14 44 13 79 6 71 11 41 9 29 43 100 69 19 80 95 98 50 40 51 84 3 5
9 22 28 74 42 20 86 77 15 81 48 40 71 24 60 88 59 83 52 38 93 56 72 68 73 15 54 74 96 57 34 82 9 56 51 1 24 35 66 23 9 59 70 52 22 29 75 28 56 6 31 96 71 89 54 42 68 72
56 3 31 30 76 15 49 71 27 20 7 64 99 90 36 12 46 99 39 19 46 71 9 11 58 62 98 100 28 25 93 96 64 53 37 91 25 6 32 47 3 99 7 43 33 90 52 97 96 83 39 37 100 92 49 89 44 96
13 30 60 48 47 8 6 5 97 40 42 35 87 60 83 62 83 89 17 7 70 1 52 29 78 40 28 68 33 32 83 81 28 34 49 80 23 58 58 23 8 90 85 48 66 47 83 80 4 93 61 89 94 37 98 77 87 59
60 15 76 56 46 19 64 8 23 21 36 92 9 95 69 92 79 28 76 71 35 19 73 59 14 27 83 47 67 58 39 6 19 17 47 38 93 96 81 64 77 79 59 82 1 24 89 82 17 94 18 25 87 57 7 72 21 10
58 1 5 85 9 70 93 30 77 53 61 89 14 91 5 98 56 95 87 3 84 73 53 35 83 96 3 31 26 55 88 66 26 99 9 31 18 53 74 10 83 2 4 26 4 52 34 53 82 95 40 12 9 20 45 79 52 64
95 61 93 84 29 95 88 99 92 14 94 66 82 84 9 79 95 19 34 28 24 30 46 70 78 15 29 91 43 86 96 41 24 86 45 40 50 61 100 23 80 11 68 34 37 17 22 10 50 3 61 74 64 47 51 41 39 64
79 67 37 55 44 100 68 36 57 18 25 35 9 55 19 81 16 91 59 9 79 47 74 32 81 22 44 24 58 86 6 63 72 3 78 55 15 4 84 89 45 58 93 91 20 37 68 74 19 84 1 64 27 36 81 80 65 84
53 55 82 84 46 35 59 3 17 59 87 17 17 14 71 77 26 39 28 43 99 88 33 5 45 85 75 87 73 72 25 21 79 67 32 100 9 25 1 48 72 5 61 60 90 63 65 6 27 92 54 72 35 48 21 23 40 54
82 4 28 56 46 96 43 91 4 68 58 65 30 28 90 73 59 84 74 76 31 85 2 65 5 53 54 58 20 53 71 45 37 49 48 31 56 25 63 96 21 79 77 71 53 50 87 45 1 1 59 12 18 98 50 12 18 77
39 46 74 87 48 11 52 16 44 51 86 33 25 18 96 22 58 47 19 91 43 3 22 52 16 84 46 10 39 55 48 28 30 91 34 30 89 36 58 61 43 86 45 55 11 65 64 12 49 48 15 81 38 68 55 4 96 24
10 96 38 20 12 86 79 94 92 29 69 7 15 98 91 97 49 71 71 80 86 25 42 51 38 23 17 65 52 21 37 52 42 77 41 1 82 24 54 76 81 44 99 54 41 5 15 28 17 74 88 45 13 33 81 88 55 34
54 19 92 95 22 40 88 47 17 62 21 13 7 7 9 16 57 35 5 53 55 46 45 35 73 42 54 5 90 39 47 72 62 29 43 79 51 12 62 21 26 9 50 18 3 79 87 60 86 15 42 11 71 1 6 2 8 24
9 32 46 40 30 79 81 25 98 52 8 79 56 48 33 76 44 61 24 42 72 36 58 98 38 5 35 99 76 67 4 47 97 7 35 14 27 71 20 45 5 59 21 6 99 98 32 73 8 65 35 58 59 84 17 51 37 94
3 97 38 3 5 38 2 12 98 71 38 42 17 95 7 35 6 13 30 78 49 10 33 43 17 12 49 57 31 52 76 59 47 7 85 93 55 59 93 93 24 37 4 66 78 52 1 80 92 36 62 44 42 99 100 41 96 12
53 82 8 43 15 82 88 93 16 98 94 76 34 26 79 61 37 95 41 91 6 86 21 99 47 65 73 62 52 94 86 14 88 100 84 37 69 70 92 38 72 89 98 90 40 77 53 78 24 91 8 98 71 42 90 13 44 84
28 82 19 2 46 30 46 62 95 54 47 59 80 80 65 18 40 41 56 44 45 10 94 28 50 55 64 31 8 7 90 89 33 50 86 93 51 23 90 32 9 78 80 78 85 9 82 13 58 69 82 18 70 31 83 93 99 87
80 97 65 33 56 84 43 27 3 24 59 47 93 50 63 1 25 54 89 2 87 47 89 21 9 20 98 34 98 83 22 82 99 81 35 27 59 82 10 9 70 11 45 36 2 5 51 46 25 39 26 55 13 7 74 43 49 29
76 67 23 5 53 4 35 14 76 45 23 38 22 28 46 32 65 83 70 60 42 78 53 14 7 83 72 53 11 53 11 57 32 98 83 47 55 17 81 28 58 31 75 21 63 87 52 93 55 95 24 91 33 97 37 90 63 92
79 30 38 72 55 73 14 79 10 73 60 52 32 12 36 12 87 14 17 92 92 65 71 74 33 19 86 3 92 71 8 68 59 53 85 91 68 75 50 85 39 28 96 50 30 17 13 5 36 5 36 17 33 9 49 98 5 75
31 4 94 22 33 56 44 90 54 4 27 94 84 74 51 31 60 15 47 23 7 46 42 98 32 43 63 15 73 40 23 3 63 7 77 37 82 16 5 14 43 73 67 47 8 60 33 51 42 27 44 38 21 23 96 10 89 49
95 6 11 88 12 92 6 89 62 7 15 63 54 48 82 100 13 20 66 7 78 95 71 30 9 67 35 11 31 100 88 57 1 91 79 18 99 41 87 2 100 45 40 35 12 20 2 87 13 24 15 37 54 87 71 75 13 37
85 72 54 36 71 85 8 16 9 26 25 94 64 94 25 33 45 50 7 11 63 6 42 63 25 21 68 27 35 48 92 45 83 88 14 3 51 27 1 16 18 27 33 75 28 89 33 42 70 85 38 71 25 3 60 42 89 50
36 60 81 71 4 42 94 92 31 60 5 41 88 91 32 90 44 85 67 74 45 40 3 100 82 71 84 53 24 88 76 5 16 77 3 37 94 76 28 40 100 48 43 92 68 66 65 3 17 3 69 79 1 56 16 43 54 84
96 75 46 57 72 82 1 78 51 73 69 91 82 71 58 13 39 47 33 28 11 42 53 18 22 2 4 49 26 13 11 36 21 18 93 70 15 33 66 76 15 49 91 60 100 47 48 21 100 12 28 29 48 35 92 32 79 40
42 72 67 100 48 94 79 6 58 38 20 29 53 61 46 95 44 82 7 14 54 7 97 57 61 78 67 61 17 60 90 32 33 35 93 74 7 34 63 30 25 5 22 64 14 40 28 20 41 17 77 5 2 60 72 27 91 82
75 89 49 59 72 84 15 16 34 32 29 49 91 52 1 40 71 44 10 54 76 96 50 22 36 76 22 7 28 2 7 73 98 7 51 99 77 6 48 51 40 18 100 6 84 2 50 6 98 2 72 33 76 3 58 80 22 63
86 88 33 98 48 15 75 87 28 27 86 43 89 38 5 99 48 85 95 49 29 31 83 22 42 44 7 53 86 71 25 61 43 23 23 66 19 97 94 25 55 3 45 79 13 3 47 61 72 11 42 97 82 67 22 7 1 4
17 65 69 36 48 15 13 9 66 64 7 70 91 33 53 96 36 66 90 1 25 10 45 19 75 54 80 99 59 47 3 72 18 92 72 74 11 93 23 53 94 50 97 47 54 10 46 57 70 92 77 49 83 39 19 57 9 28
16 34 90 52 12 84 23 58 82 17 81 11 73 44 7 85 61 71 83 77 65 46 90 16 56 22 48 92 44 18 27 34 41 81 91 51 64 92 6 91 44 89 12 9 9 77 70 69 94 42 30 6 86 99 74 68 3 92
30 68 87 37 43 21 32 71 86 28 2 57 12 87 26 43 35 79 44 64 45 1 85 24 28 57 22 1 65 42 14 28 52 53 82 98 36 45 85 64 83 50 10 82 49 77 55 26 34 32 5 57 93 55 9 78 91 9
61 48 3 42 7 88 54 17 74 26 18 26 91 52 39 75 81 51 26 66 12 83 74 33 86 57 79 5 3 23 84 60 99 42 96 74 65 66 93 53 14 59 33 24 30 52 92 9 47 61 13 27 72 81 33 66 27 39
61 28 58 7 88 96 70 37 48 77 22 78 39 37 95 16 89 2 8 75 64 49 11 51 84 33 100 20 40 3 73 27 65 4 23 75 29 22 85 28 99 94 2 3 13 1 80 54 98 25 50 97 57 11 58 5 9 67
83 92 7 68 44 54 81 52 42 62 89 62 94 56 85 74 27 49 51 28 78 15 32 30 11 19 57 27 71 88 26 8 34 22 31 36 99 31 3 58 74 36 58 95 21 71 42 33 66 84 38 24 68 82 99 86 64 4
66 20 47 71 2 75 89 57 82 40 7 14 18 12 75 58 14 19 100 71 6 91 54 73 72 43 39 83 3 4 12 44 2 64 21 42 73 57 75 9 89 28 7 3 81 7 27 15 80 84 32 64 10 71 76 75 7 30
51 27 17 95 77 59 28 53 70 98 70 46 8 83 93 72 84 47 14 39 95 27 64 27 36 36 20 35 51 74 37 81 7 97 75 6 75 30 60 68 42 45 27 34 65 14 49 28 58 70 36 76 10 70 21 40 93 86
69 9 77 55 12 11 16 89 83 54 43 1 30 9 28 42 11 21 78 98 60 4 92 70 31 85 18 53 57 99 34 87 54 94 82 25 27 26 29 12 39 95 45 6 82 95 92 14 82 6 34 24 84 31 58 97 51 8
95 76 59 67 93 28 38 58 87 88 61 12 3 85 13 53 100 47 44 68 8 43 36 62 82 11 88 90 33 10 80 51 74 1 95 62 78 42 48 40 64 44 8 46 37 72 35 19 53 83 28 54 53 80 38 93 26 71
92 17 37 9 99 27 11 22 86 86 6 5 82 18 48 22 79 24 68 50 39 27 3 2 94 98 14 25 46 11 25 80 64 68 93 79 22 84 85 22 98 28 1 39 31 66 28 42 66 25 76 38 88 7 11 89 82 68
85 91 85 64 31 75 52 50 2 11 30 73 64 17 80 32 58 42 86 69 51 54 9 23 48 100 78 64 57 87 52 48 66 97 83 31 89 19 24 93 71 10 35 52 46 48 32 25 50 61 41 43 54 72 64 100 45 49
37 38 48 5 9 77 66 12 29 1 31 5 60 43 13 90 82 75 80 86 35 57 56 85 19 76 1 99 39 1 34 36 93 36 80 73 7 48 33 46 45 30 80 51 56 37 52 45 13 71 77 27 83 30 93 13 8 59
75 39 54 86 56 97 38 40 43 89 20 6 58 57 89 78 17 44 92 27 15 83 74 4 35 68 58 33 57 93 64 53 20 53 14 3 62 8 32 96 46 45 66 48 70 13 47 37 81 89 96 88 38 18 36 41 78 28
86 6 79 13 39 22 37 100 69 51 41 26 99 25 92 23 15 61 72 92 5 43 1 60 81 82 99 12 74 20 19 23 45 44 67 10 54 66 50 65 88 20 88 50 63 15 74 73 17 16 45 20 50 95 97 24 1 87
47 72 62 47 98 98 93 97 70 31 27 89 74 94 56 48 12 60 44 58 75 35 74 68 4 100 66 66 44 73 2 4 41 15 3 31 42 92 40 63 12 33 7 63 46 29 39 28 21 13 99 81 37 79 1 30 78 77
69 64 11 32 6 53 79 72 37 20 72 37 73 31 20 18 47 31 66 10 51 8 34 76 46 18 88 3 62 98 67 78 74 33 89 84 19 42 1 47 64 62 63 98 68 73 67 36 25 6 17 63 91 87 12 30 6 99
53 98 5 24 42 71 31 20 26 73 63 26 20 29 88 45 16 62 77 85 61 79 91 4 11 18 2 51 86 65 96 97 44 21 26 12 52 40 19 11 96 76 44 22 56 12 9 56 55 49 40 46 20 49 91 45 49 62
50 38 1 19 35 19 96 87 37 49 20 10 19 92 61 91 13 95 4 7 27 20 63 71 41 89 39 64 3 49 91 44 10 77 68 3 34 11 38 4 30 12 75 20 73 20 9 85 74 94 64 99 74 1 12 37 48 35
48 16 37 43 84 7 10 76 76 46 47 83 54 12 17 33 84 51 94 55 85 47 75 62 82 86 82 31 31 14 81 54 88 43 7 88 37 91 90 71 57 15 17 89 50 44 22 60 60 98 90 29 25 63 84 22 3 11
79 41 8 3 4 74 74 63 52 48 45 28 10 9 46 62 59 11 29 95 53 29 86 33 38 5 52 48 85 85 54 62 30 41 86 58 2 73 59 3 80 27 97 15 42 31 20 44 51 73 77 21 67 95 56 40 76 88
50 79 74 84 65 4 93 69 34 69 69 85 38 36 99 61 5 7 42 29 62 68 72 5 43 7 2 100 99 80 45 50 61 90 31 35 40 48 66 70 11 52 86 59 48 13 81 89 36 57 82 47 1 14 62 97 30 64
11 74 21 28 18 67 14 16 52 78 92 82 3 24 34 13 50 3 64 62 30 25 86 76 82 81 32 46 65 87 66 100 67 30 6 32 98 19 32 14 50 69 41 7 34 83 43 26 4 41 39 91 18 15 36 4 79 83
32 1 22 5 5 52 21 3 37 25 88 85 61 42 51 51 46 66 46 66 33 91 75 17 29 17 13 8 62 45 55 88 44 98 71 60 89 47 72 15 11 45 90 55 69 15 96 21 8 51 94 30 61 34 73 94 65 39
51 60 95 96 12 89 25 98 53 59 82 45 74 40 64 15 7 79 17 77 46 32 2 95 4 35 38 77 21 94 88 97 65 90 56 48 100 94 3 75 72 80 45 99 90 7 3 60 71 50 57 1 7 17 9 44 27 77
1 39 94 83 9 12 89 27 61 21 17 35 81 79 65 37 25 56 4 28 12 94 13 64 28 54 1 35 84 89 51 24 9 97 82 54 49 47 53 36 76 64 9 59 32 10 34 83 60 60 43 3 16 68 35 84 63 32
3 61 60 99 92 76 79 58 88 50 67 10 23 79 64 52 74 4 43 38 13 70 11 47 89 88 79 47 96 44 85 91 96 58 5 20 70 40 86 90 100 1 68 58 29 92 43 57 91 92 3 85 4 90 100 50 37 54
72 74 97 82 75 52 86 7 98 79 1 25 63 57 22 57 92 22 97 17 54 11 20 64 43 83 5 71 71 64 64 95 8 37 28 71 68 27 24 12 24 77 33 75 30 16 70 87 22 10 25 92 64 75 36 84 36 70
15 40 24 42 28 57 6 100 18 55 93 54 46 29 74 96 46 74 2 18 81 83 14 47 4 31 62 4 1 68 62 4 97 66 18 35 6 72 95 44 27 13 70 7 32 29 49 62 57 6 48 80 1 17 34 32 94 16
95 83 54 47 40 48 49 85 33 19 22 94 7 56 80 31 6 49 18 46 88 47 76 58 63 76 99 89 51 73 50 96 36 55 19 46 31 79 98 37 46 70 49 94 17 36 67 91 2 5 16 90 72 65 80 55 32 8
87 10 44 31 34 94 44 92 69 5 34 20 4 30 17 21 41 31 41 97 45 50 13 61 90 98 25 78 82 25 62 12 30 17 67 36 65 100 40 98 90 52 94 67 63 11 69 67 71 18 37 62 3 36 56 67 20 90
74 58 89 32 90 43 38 34 44 3 31 8 100 2 87 67 58 100 63 29 79 32 92 19 98 63 28 77 34 35 67 73 19 19 8 76 35 24 41 33 44 21 21 83 23 27 80 86 51 8 32 68 50 69 7 18 99 17
39 4 44 100 41 9 42 59 49 60 15 6 14 78 7 92 53 57 2 93 2 28 100 58 59 52 7 25 31 86 81 79 90 87 6 30 67 44 24 50 51 94 31 98 16 80 16 63 12 34 16 13 71 66 46 63 30 73
33 40 66 17 99 85 64 96 95 53 90 11 24 42 17 84 81 6 25 8 92 26 82 21 74 62 21 28 1 45 70 22 5 19 63 85 43 16 45 40 11 90 96 98 72 33 21 79 49 98 60 19 98 50 80 60 35 44
98 94 80 6 64 1 51 24 49 23 13 62 48 63 83 60 63 77 8 62 62 26 14 68 97 14 71 50 20 65 88 56 68 95 80 26 98 8 62 18 10 79 86 98 23 80 23 7 42 75 81 82 12 47 41 74 56 60
90 50 52 17 77 93 10 53 32 63 90 16 14 50 37 92 6 1 81 41 70 39 4 69 75 88 3 28 90 99 9 100 4 23 18 36 69 7 51 38 77 19 90 65 13 74 46 52 64 65 71 100 57 25 39 96 53 92
35 98 40 92 40 33 72 16 68 77 57 15 5 43 98 10 48 30 52 97 61 33 89 29 35 82 68 61 46 69 47 10 8 49 99 91 85 80 64 57 76 66 88 28 63 48 48 58 78 29 82 60 27 68 49 41 18 79
