26 40
49 59 11 52 33 75 54 59 71 79 76 19 16 63 36 62 62 17 59 59 22 51 79 88 93 18 75 89 79 1 72 95 96 33 55 53 80 19 65 75
85 99 55 81 50 39 92 10 38 55 3 50 41 8 69 89 6 10 70 2 62 31 7 82 64 81 40 100 65 46 43 48 2 86 77 70 36 97 99 10
99 47 48 50 98 28 49 48 49 99 53 85 96 18 29 28 20 23 3 71 36 5 67 27 70 18 6 14 13 4 83 18 36 49 14 91 84 87 43 89
75 80 22 67 86 79 52 51 73 55 78 19 96 71 1 43 80 14 42 45 49 88 46 77 78 98 85 77 52 62 54 24 12 33 43 80 92 53 7 21
74 86 35 96 41 49 57 54 96 39 49 62 98 6 46 49 97 40 81 79 41 20 72 80 95 75 78 96 65 48 69 92 80 99 40 62 61 38 31 63
24 67 87 70 42 44 82 16 68 69 82 74 52 90 33 42 64 41 89 51 13 60 68 42 90 62 27 9 29 30 67 65 41 57 88 9 49 17 42 47
12 53 72 74 73 63 87 47 4 39 2 88 6 86 15 64 9 47 27 32 48 81 57 5 70 38 8 23 48 62 58 65 52 39 31 59 15 91 35 17
71 58 15 84 61 13 34 73 49 43 35 68 76 76 45 83 69 56 12 92 59 85 50 12 57 55 8 49 51 22 61 92 96 65 83 23 97 26 65 7
97 82 17 53 29 90 19 50 6 98 86 99 89 17 46 14 66 5 13 31 8 33 29 6 16 4 98 21 16 68 100 52 14 6 100 91 12 32 88 48
22 100 91 30 38 15 98 89 92 70 92 62 71 59 56 5 10 31 84 66 46 79 11 49 67 5 12 26 25 68 6 67 1 39 16 39 32 33 34 3
27 45 87 38 47 64 68 90 31 15 97 49 8 95 19 94 65 10 13 69 51 60 11 52 30 38 15 55 16 90 66 8 62 2 76 23 37 77 47 85
70 99 57 32 10 45 94 67 91 34 59 5 39 68 89 35 42 33 78 5 97 91 90 50 1 90 97 17 33 85 87 30 64 76 20 45 19 52 89 67
66 63 78 18 88 74 10 36 72 69 56 23 69 10 83 51 89 72 28 23 46 36 30 21 53 13 70 53 28 69 5 52 89 100 59 96 27 92 92 22
65 37 68 75 84 14 3 29 10 20 40 82 48 43 3 37 84 90 59 59 48 42 92 24 65 90 88 99 3 34 1 87 8 73 100 66 55 95 28 14
88 19 4 71 37 45 13 48 46 99 40 41 88 49 51 12 38 23 22 86 25 30 88 9 58 57 35 40 82 46 44 95 53 63 58 67 94 74 18 40
70 9 59 37 43 58 63 63 59 34 82 91 25 50 49 49 51 82 21 73 56 14 61 43 80 95 5 89 34 27 57 86 25 35 2 28 66 99 27 43
89 35 18 80 90 85 32 27 58 51 6 13 58 47 66 52 15 100 13 56 54 59 18 81 90 69 11 30 69 2 18 70 27 19 84 90 33 88 65 78
28 13 38 43 95 18 30 68 10 40 50 23 81 22 5 39 82 16 4 63 51 18 2 18 14 21 62 97 57 42 96 28 16 59 29 52 64 93 39 56
63 26 16 47 29 96 70 58 93 91 23 15 4 64 90 13 33 89 2 8 23 91 49 83 19 29 91 96 52 7 96 36 39 42 43 60 2 22 17 91
22 86 82 77 81 51 6 32 5 48 50 41 82 39 36 40 4 3 68 35 36 45 85 80 48 21 96 26 34 3 94 46 10 42 56 79 18 51 94 74
26 68 56 42 75 87 81 51 16 78 69 1 20 65 6 79 74 6 69 13 74 35 69 15 4 73 21 51 15 96 78 93 31 32 67 32 1 30 60 84
74 25 68 57 95 46 7 11 41 50 27 24 37 79 59 10 25 42 84 61 90 83 98 91 1 33 91 3 17 56 94 58 67 60 7 8 10 65 52 42
44 19 99 36 20 86 58 62 68 86 19 15 90 67 42 93 83 41 76 10 71 50 89 86 63 80 92 27 40 88 57 21 55 23 75 25 54 41 48 92
70 59 33 20 85 1 50 11 38 7 62 87 98 59 99 28 33 24 97 55 82 53 50 88 55 86 85 39 17 82 23 36 6 88 30 51 32 64 74 77
65 60 93 96 27 55 62 100 26 76 88 39 91 16 76 98 96 38 83 62 85 19 97 54 61 82 47 25 50 60 51 38 69 2 9 6 77 75 96 2
25 33 7 26 80 68 61 65 37 61 95 81 55 16 60 90 91 23 86 58 79 29 99 68 65 20 50 25 25 82 35 90 63 2 53 3 85 89 14 83
