50 37
9 31 71 43 19 49 96 34 28 49 81 83 88 97 39 50 1 17 59 37 62 40 45 93 34 37 54 30 96 54 3 7 64 73 70 98 98
98 51 85 69 96 73 13 11 35 37 49 43 69 98 26 79 88 5 26 23 75 91 67 78 41 20 86 23 38 39 31 74 67 75 35 25 68
28 71 89 16 71 86 97 41 78 22 41 25 87 83 86 8 50 69 70 10 85 15 54 59 4 7 76 65 37 4 90 99 41 33 26 44 20
52 51 93 82 92 24 46 71 46 28 42 96 98 13 66 37 64 1 88 5 37 62 36 29 8 13 71 49 16 62 90 53 64 77 1 3 88
40 13 60 29 67 6 36 60 12 85 9 67 29 61 55 9 94 60 34 24 23 25 60 15 1 4 62 100 28 97 40 38 61 92 83 72 77
16 82 75 38 47 21 84 48 70 74 56 26 21 56 55 30 17 25 71 15 28 98 71 74 65 98 47 31 84 59 9 40 72 24 69 26 31
19 2 51 90 53 25 20 38 96 1 28 26 68 35 40 47 2 42 64 40 92 98 90 61 29 6 94 29 88 20 82 59 6 37 83 86 61
36 63 5 42 23 60 18 23 3 76 48 5 79 3 47 75 56 75 67 28 55 54 61 42 11 69 17 8 1 66 43 5 58 11 12 37 12
49 75 91 51 60 89 64 73 69 30 11 23 24 9 81 38 52 30 31 7 91 98 78 67 10 62 34 38 15 56 18 48 37 2 22 100 54
60 22 12 64 85 67 21 42 72 100 41 3 81 71 51 44 61 55 34 69 34 71 32 65 36 12 11 79 23 36 45 28 26 52 8 67 27
20 14 98 73 92 3 73 18 17 27 95 40 72 98 49 34 13 8 12 90 36 42 47 82 25 30 8 51 82 74 73 62 53 40 58 66 85
65 5 24 1 35 7 33 84 83 5 93 96 15 72 20 65 76 29 6 60 76 60 7 59 46 64 76 91 53 24 7 1 22 63 41 65 20
9 46 40 42 72 24 31 44 30 39 96 42 93 17 13 46 78 30 95 22 99 78 97 85 63 58 13 70 23 95 82 65 62 17 43 55 4
99 3 32 100 23 53 31 91 13 37 20 92 63 24 64 54 100 44 42 70 81 28 97 46 99 11 75 26 59 86 60 100 6 39 25 31 88
15 95 91 19 52 51 93 51 31 27 89 54 12 46 79 45 32 20 38 53 74 88 29 15 57 63 44 84 4 86 35 86 51 14 10 43 25
73 73 43 67 96 44 75 20 64 17 50 77 50 92 9 75 99 64 39 95 59 68 99 5 48 25 4 92 33 78 16 25 97 91 20 70 14
43 20 29 37 48 72 68 27 80 38 87 37 17 13 68 76 20 61 91 97 79 67 19 87 44 52 31 12 5 41 32 21 58 61 74 20 64
19 37 84 59 33 62 48 82 30 2 35 65 75 82 92 75 36 43 40 5 53 96 20 2 29 74 85 77 62 96 13 93 2 3 52 31 7
19 91 45 46 74 15 13 93 41 37 19 8 65 21 71 8 48 32 6 43 40 71 4 3 10 60 59 7 79 19 86 89 23 30 28 93 59
29 93 90 36 85 57 50 73 17 40 93 50 73 2 48 61 66 60 16 41 50 86 16 32 74 22 66 45 81 17 34 51 79 81 60 45 94
91 1 14 76 18 99 46 77 76 44 30 58 43 56 84 18 66 18 23 60 61 9 30 1 98 70 70 36 74 17 85 75 99 64 60 11 35
44 17 90 13 35 62 60 39 64 12 41 87 72 67 53 34 41 61 94 90 10 25 89 42 26 15 41 16 52 41 25 30 94 87 40 97 92
94 47 46 32 69 77 70 8 73 58 56 75 35 70 41 92 52 95 11 43 64 58 14 77 6 54 59 70 15 94 13 61 57 23 14 8 74
29 1 20 5 38 29 39 48 23 35 60 42 75 87 72 75 65 61 55 70 26 30 12 42 100 39 20 36 53 5 91 88 6 2 45 18 85
64 85 75 56 52 32 76 5 92 72 58 47 61 5 31 98 62 16 75 50 93 18 11 28 1 99 74 70 87 87 93 55 25 17 65 86 72
54 93 59 97 92 69 3 14 16 45 53 29 25 35 49 53 7 49 72 97 6 9 87 42 86 29 61 88 90 37 36 43 52 58 39 54 29
2 73 52 49 97 8 83 40 14 80 97 10 6 98 69 5 8 8 49 85 91 82 49 81 24 46 41 44 58 8 98 68 90 9 75 98 91
34 58 50 43 67 72 85 36 85 76 40 24 22 90 34 94 23 84 86 25 32 10 94 70 91 83 16 12 12 15 59 90 67 3 25 31 18
17 94 8 37 64 43 57 67 80 79 47 51 86 89 85 87 62 64 30 7 40 32 81 57 1 70 82 71 54 57 89 14 78 2 89 22 20
65 6 27 63 9 49 58 93 58 23 50 70 21 29 4 17 91 24 64 95 1 77 39 59 28 74 50 62 77 97 69 88 47 84 92 51 12
89 36 30 48 96 5 8 100 52 90 15 26 35 66 58 94 44 58 15 68 45 67 9 22 80 65 21 77 74 36 23 16 83 2 70 37 4
81 50 74 38 38 12 57 54 6 51 59 42 76 36 31 75 48 91 47 71 31 57 35 37 6 21 48 98 35 31 51 18 85 34 87 52 43
37 52 94 8 100 76 85 70 84 19 71 21 12 94 66 45 17 17 36 99 21 41 99 43 19 71 87 65 98 82 49 2 34 3 7 37 63
31 49 11 69 24 18 94 12 44 12 13 37 75 12 85 97 31 37 27 52 100 62 22 76 77 42 1 100 53 52 4 31 11 31 31 85 60
8 20 91 81 85 7 2 12 44 50 22 90 53 18 64 28 8 59 42 22 99 90 41 67 98 1 91 3 19 59 43 89 36 94 86 93 51
89 78 17 89 22 68 26 82 72 74 25 25 32 59 6 47 49 50 62 84 93 1 4 56 82 30 97 11 25 95 100 64 17 83 70 75 8
40 50 49 46 45 21 87 70 63 21 70 12 68 39 95 95 80 74 15 52 92 54 44 31 19 97 4 79 79 31 1 24 8 44 34 50 95
62 81 47 86 59 45 85 50 57 18 95 48 81 87 14 80 49 56 46 91 13 40 89 84 83 80 70 41 58 8 31 19 16 61 86 92 88
36 96 35 91 50 65 57 60 89 7 2 61 74 10 41 80 67 89 25 32 27 19 8 81 68 22 29 37 28 16 77 39 31 99 45 36 95
82 59 17 65 67 78 52 99 45 31 2 3 19 13 64 67 22 7 1 33 93 89 63 17 15 73 17 44 48 15 41 64 41 34 94 10 22
76 40 75 49 23 83 89 9 46 88 63 79 8 81 16 35 7 24 77 70 72 62 82 22 97 78 10 43 34 4 80 33 16 26 17 66 15
30 59 89 31 68 56 98 6 50 80 37 11 62 91 13 70 86 35 30 27 99 56 3 40 26 56 83 30 34 81 50 62 92 69 78 60 52
58 32 65 77 22 49 78 77 56 57 59 1 23 7 53 47 3 13 62 82 10 20 38 8 65 35 60 81 66 29 9 7 88 81 48 28 53
49 94 91 72 89 32 22 23 85 7 84 58 13 49 59 33 53 69 8 6 32 65 17 55 84 34 22 75 87 85 44 50 77 36 75 78 10
11 3 67 56 5 24 2 16 78 12 78 85 37 49 51 98 100 52 96 86 7 73 18 72 35 68 73 100 25 20 58 98 86 34 46 73 43
68 91 85 59 38 20 17 8 36 18 100 23 45 44 100 16 52 94 35 26 14 45 46 99 39 69 43 47 40 9 19 1 72 84 56 2 33
60 71 92 21 99 82 54 58 39 24 66 75 50 21 82 96 11 75 44 96 75 13 80 16 92 71 7 7 53 14 13 32 22 5 51 48 63
36 47 85 51 81 7 42 11 52 95 31 6 4 62 43 43 54 39 64 89 99 38 3 8 86 2 5 17 67 27 77 18 31 55 27 69 91
76 72 40 94 22 11 55 11 39 83 22 92 10 14 91 37 84 6 98 80 40 58 18 35 82 55 11 46 94 55 76 67 90 74 74 63 49
60 9 43 42 78 96 26 44 7 72 81 91 49 82 12 99 68 20 15 55 51 30 74 52 11 41 84 79 40 93 46 33 37 41 65 18 34
