57 98
36 37 69 11 96 30 7 53 96 43 12 4 40 29 48 78 3 25 87 10 45 64 67 37 59 91 15 99 66 63 72 35 11 3 57 17 14 1 1 76 96 27 88 37 57 11 33 26 65 57 91 58 78 10 41 96 31 61 27 75 67 42 74 25 81 58 31 10 59 46 44 62 41 61 86 73 91 8 71 67 53 45 91 17 74 20 48 91 71 74 62 85 93 4 96 63 85 2
81 68 75 85 38 99 78 27 64 1 26 98 84 81 47 39 33 13 9 83 69 15 83 78 8 88 8 87 22 17 12 36 36 99 7 86 69 22 3 32 12 72 39 40 52 55 8 54 63 98 55 44 64 7 83 49 25 90 37 42 60 97 25 54 96 1 54 65 78 71 20 55 92 59 33 10 9 21 71 69 62 13 13 95 85 77 32 95 45 95 67 69 33 85 68 89 60 91
49 58 20 91 46 38 2 25 45 100 38 80 84 66 54 25 10 44 32 73 69 61 31 97 78 16 87 5 61 69 70 16 14 46 45 74 8 56 11 27 34 82 10 12 8 88 91 55 70 80 28 24 10 17 57 77 78 15 20 54 37 55 96 41 7 59 83 80 47 81 22 72 24 44 50 32 81 47 69 19 10 9 15 94 84 73 25 9 40 46 49 3 39 41 51 29 8 10
88 75 78 21 77 33 67 95 38 33 54 19 83 20 9 84 23 22 66 99 80 25 27 6 46 33 55 53 15 94 59 64 62 74 65 12 86 70 8 17 2 14 84 80 31 19 7 10 65 89 4 1 65 13 99 69 66 28 22 50 40 8 98 28 65 91 48 58 30 30 54 15 93 48 81 2 15 35 73 6 9 14 31 45 98 84 81 100 23 83 47 19 45 72 93 65 75 51
80 63 25 90 42 74 16 50 60 61 8 77 38 39 10 26 86 37 97 74 52 40 79 63 22 86 87 38 70 17 23 85 56 96 59 13 2 60 28 6 17 62 49 80 26 59 77 28 21 44 15 80 25 79 83 79 15 6 94 85 51 75 60 65 85 87 87 56 92 90 71 45 93 7 88 33 58 33 3 61 1 66 12 50 38 27 7 44 71 99 26 50 55 78 55 41 53 73
71 98 31 29 41 69 71 69 67 84 13 41 2 9 32 67 16 91 61 70 7 82 81 17 19 24 59 84 68 94 90 51 37 8 36 92 24 54 15 17 75 40 3 14 74 63 73 47 23 72 53 18 58 88 14 80 41 28 70 64 7 91 8 51 54 50 50 38 86 51 34 17 96 62 28 66 41 19 49 70 68 12 7 22 90 66 49 4 63 34 56 38 3 62 25 71 22 71
41 85 85 17 79 39 90 69 25 24 73 51 42 96 88 60 6 18 85 61 14 73 62 73 13 10 73 51 7 5 48 48 46 88 63 16 14 46 16 74 85 33 100 37 3 89 91 19 30 25 80 93 41 3 50 69 66 96 53 7 66 15 74 48 88 95 80 54 16 5 72 8 97 51 32 97 64 41 53 50 56 13 94 85 83 74 75 35 34 1 31 54 88 28 10 60 23 62
22 10 72 78 56 100 12 55 70 24 6 80 54 73 50 29 5 38 63 34 88 7 66 71 19 55 7 68 73 31 3 97 88 38 46 96 73 61 6 33 33 85 16 31 9 95 47 41 7 91 86 96 79 80 68 71 77 15 34 27 47 98 73 24 65 99 15 55 95 68 19 61 59 57 27 48 8 85 36 61 81 93 66 34 70 39 78 17 88 13 26 97 52 24 72 15 30 92
33 79 66 17 52 28 74 88 85 93 37 30 71 90 95 100 33 30 90 59 28 74 21 34 82 30 79 62 1 58 75 94 3 32 29 95 36 36 91 33 12 16 89 15 3 2 37 71 59 22 3 41 45 16 64 6 50 18 90 88 23 89 84 20 98 2 1 47 59 7 6 57 43 7 59 7 40 94 15 10 90 88 9 73 49 9 25 60 18 45 15 33 62 65 88 27 76 17
2 40 74 75 39 63 27 20 81 39 87 11 20 95 92 67 79 70 56 28 32 72 23 99 87 58 70 48 76 78 72 97 20 3 96 94 25 96 51 5 89 62 79 43 70 7 36 98 86 5 10 96 100 91 44 64 9 10 28 60 89 79 62 67 79 83 97 27 26 75 19 49 88 21 8 67 95 41 7 87 7 37 52 59 63 5 74 92 23 94 11 63 17 39 71 13 74 57
82 94 84 25 12 100 54 48 31 8 16 27 100 5 87 86 50 72 75 77 47 64 35 5 55 43 8 12 2 88 71 89 81 22 28 14 89 42 95 2 99 69 4 37 23 88 77 98 94 39 9 12 45 30 62 100 93 26 64 90 99 13 36 98 89 61 78 49 18 87 63 32 56 73 57 52 61 4 96 71 46 52 92 86 28 4 16 87 83 30 67 8 55 6 74 1 23 74
1 43 15 19 37 77 11 26 17 60 44 21 31 29 21 11 6 50 66 64 53 33 80 46 27 71 37 49 93 97 69 5 91 19 41 14 42 2 31 79 49 52 82 71 11 89 100 72 49 96 41 24 25 66 33 22 66 62 29 92 68 15 2 14 54 38 99 52 66 91 80 68 9 32 27 54 96 23 89 35 42 25 12 95 59 68 20 14 64 70 88 17 80 6 95 46 87 39
6 9 69 91 83 77 33 78 78 2 18 26 95 84 57 9 88 52 84 76 44 33 55 91 17 71 14 79 78 91 42 63 20 29 83 70 58 5 12 67 43 44 45 87 43 87 86 63 48 73 65 25 42 37 22 60 100 34 88 65 49 90 51 62 51 21 39 53 20 71 60 62 10 74 48 81 95 24 9 8 20 97 99 33 41 66 68 90 62 18 91 21 32 67 5 95 79 91
42 24 78 4 7 57 44 89 68 13 38 28 57 71 13 100 97 80 29 74 22 96 74 31 18 95 73 27 13 58 35 45 28 90 70 17 38 92 24 82 85 6 84 9 83 57 9 18 62 67 58 34 92 71 20 53 63 22 22 24 3 28 23 89 9 16 27 6 57 44 70 12 11 77 14 1 59 73 39 91 73 54 9 66 42 82 28 24 92 99 19 96 23 49 63 61 97 21
9 83 87 1 51 70 30 65 63 10 9 72 40 23 43 92 89 38 91 34 3 52 74 77 98 93 41 8 15 63 40 86 5 9 74 54 10 14 29 3 31 98 45 78 66 82 56 22 98 71 9 42 28 45 81 65 89 53 13 2 24 33 89 15 30 58 80 40 3 99 66 11 47 76 98 54 48 5 32 7 37 95 18 59 67 39 89 99 20 23 78 99 74 2 33 99 96 56
90 30 67 48 31 68 98 99 17 41 58 90 94 4 93 64 31 81 25 75 73 65 5 71 97 6 95 6 64 90 44 77 72 77 44 47 57 43 68 9 42 50 85 38 36 60 90 72 7 75 89 87 50 82 98 76 86 75 29 77 42 30 5 79 18 33 61 51 75 63 1 29 97 70 92 50 52 76 9 69 100 86 88 12 4 20 70 4 77 63 63 79 66 16 75 64 67 97
19 76 23 45 74 95 90 28 55 52 11 16 57 50 76 97 28 19 23 8 62 66 58 34 30 8 2 39 79 54 21 5 100 74 71 97 86 31 53 57 95 10 45 95 6 94 61 65 63 75 63 33 5 26 100 27 36 28 56 13 36 20 90 34 59 29 28 50 2 69 1 69 43 19 29 89 25 95 93 21 92 43 52 72 59 60 64 87 40 35 33 38 90 46 79 4 68 89
74 60 77 65 71 43 11 6 37 31 37 64 37 38 88 25 53 92 44 60 30 33 71 53 77 79 18 100 75 74 76 35 25 40 31 83 19 71 20 65 47 45 98 93 40 96 74 16 67 86 81 71 98 94 75 78 68 87 86 98 88 9 74 81 29 62 12 76 21 51 69 23 8 11 60 22 40 46 46 80 62 70 45 79 20 38 7 67 89 72 97 40 80 16 67 4 77 85
29 38 72 52 2 68 72 31 68 7 55 17 81 76 46 15 8 61 67 36 67 10 93 31 72 74 64 44 69 85 26 62 85 54 90 21 43 92 90 4 61 56 94 76 2 2 27 85 75 38 65 40 68 65 36 23 1 28 76 13 42 66 36 1 44 21 41 44 61 19 92 80 40 90 85 32 41 17 52 1 37 80 60 8 65 86 10 61 31 50 36 86 26 89 39 1 35 13
14 13 31 1 100 36 67 11 76 100 42 45 2 43 54 9 49 97 26 95 79 20 6 68 52 99 35 96 3 86 77 64 85 29 14 26 79 71 68 72 34 37 94 11 98 78 11 59 51 18 32 11 7 26 31 59 83 62 99 61 95 37 54 12 13 100 77 46 65 77 95 42 13 6 64 37 25 99 55 16 4 44 74 85 61 31 73 81 79 92 58 23 25 26 11 87 16 73
100 81 26 4 27 71 19 80 33 80 78 90 26 79 98 98 52 71 82 48 24 44 38 48 94 54 35 80 51 28 24 5 39 16 70 22 40 24 45 35 55 60 16 90 97 63 78 2 14 84 10 9 9 70 13 60 5 25 38 20 42 59 94 59 35 97 4 27 70 18 38 58 100 66 6 31 95 2 76 24 21 40 89 73 79 33 11 36 30 38 49 21 48 51 66 4 31 41
9 40 49 84 100 42 80 48 13 70 48 75 72 6 9 87 34 89 10 56 58 21 90 96 90 52 90 30 100 51 55 29 1 36 70 65 13 86 53 92 77 51 45 78 74 93 24 5 31 96 79 74 100 3 47 99 47 36 88 63 75 53 12 7 32 20 89 27 87 31 57 48 38 77 32 23 1 75 28 6 30 91 85 9 70 9 44 16 81 22 20 70 93 33 49 21 26 16
84 13 44 92 4 66 71 9 87 70 98 48 56 70 24 93 92 28 20 7 98 41 20 82 28 88 4 61 26 82 38 39 37 47 65 58 52 61 26 98 50 63 62 16 60 73 73 15 92 83 22 75 11 75 96 47 47 31 17 38 84 66 65 30 83 41 13 25 7 44 17 53 52 27 74 85 1 92 72 25 38 6 99 26 90 14 77 2 41 68 23 50 2 48 39 84 59 51
42 28 16 65 65 74 57 36 5 78 50 1 23 82 77 81 33 87 55 55 66 26 71 47 36 81 12 38 60 58 24 17 90 48 8 67 26 80 17 11 10 17 23 41 60 3 18 72 86 20 75 56 40 88 88 33 86 62 50 7 68 64 2 63 46 32 18 94 59 87 21 61 96 35 17 53 24 95 32 91 43 97 57 15 44 11 40 4 27 62 69 63 34 1 45 25 58 41
30 58 62 100 12 72 60 3 3 7 91 87 83 70 76 31 25 54 55 80 40 58 97 89 64 10 72 65 30 91 54 6 72 31 65 79 98 14 50 38 69 41 5 70 99 86 40 74 12 99 60 35 91 37 84 62 76 52 60 6 68 30 17 100 17 57 37 11 48 73 2 23 8 94 81 21 69 97 49 85 29 8 78 7 57 3 38 37 55 58 83 29 91 60 89 38 80 41
50 37 25 83 67 23 63 97 41 11 40 48 65 33 32 3 100 48 35 30 54 48 100 30 92 69 32 83 88 41 26 21 80 25 53 95 22 5 18 88 35 34 92 64 37 25 90 7 51 40 80 44 83 64 84 33 81 79 82 13 27 5 93 70 70 98 21 40 28 46 6 66 92 71 30 51 69 10 82 72 95 16 8 52 62 68 29 3 72 74 93 16 69 61 67 93 70 4
7 68 31 62 34 63 4 32 21 67 85 11 64 18 64 39 100 10 15 45 30 5 31 88 82 38 96 90 44 20 30 16 22 42 31 8 54 79 2 17 61 83 60 57 72 65 29 58 59 22 54 22 63 1 56 17 24 45 78 7 98 25 3 62 3 42 50 52 66 74 88 81 75 18 92 52 55 29 27 80 89 76 74 69 85 89 47 46 91 80 73 69 83 6 80 29 84 28
94 64 47 80 32 37 14 78 27 7 68 94 3 39 86 8 24 26 91 32 14 15 48 71 19 7 63 61 91 62 56 12 89 89 84 25 75 89 22 46 2 75 84 76 99 55 75 70 77 10 93 21 95 59 54 62 13 62 12 25 62 92 76 86 81 82 10 69 93 32 43 58 72 47 49 87 31 10 7 94 86 13 79 86 72 99 1 76 38 78 52 57 63 48 26 27 3 69
67 5 65 50 46 30 79 56 57 44 53 5 63 100 62 62 82 18 23 50 37 23 96 42 46 91 96 10 84 25 74 50 13 23 77 20 62 94 85 41 44 57 83 71 53 85 100 30 82 41 69 49 7 27 73 15 7 54 65 85 58 85 68 2 48 16 79 42 16 98 72 87 61 3 15 89 79 95 47 28 65 79 93 60 18 26 46 64 22 6 16 69 47 64 7 73 82 41
28 71 63 6 6 78 100 95 7 38 41 96 8 77 1 88 25 98 7 73 7 66 55 7 27 84 15 32 72 50 41 84 84 24 83 31 75 45 33 39 92 16 97 98 3 37 1 56 23 43 64 40 40 100 86 17 48 7 18 11 27 34 57 35 75 4 88 99 89 56 44 13 69 79 69 63 76 39 90 71 16 60 19 47 8 59 4 92 61 9 41 67 24 92 44 45 32 8
15 55 38 57 62 56 44 8 41 1 51 59 34 17 40 41 88 95 69 6 76 56 91 79 98 54 34 5 28 1 93 56 99 92 72 61 27 7 55 11 55 38 11 78 83 14 31 33 85 66 61 78 47 98 61 4 32 70 15 56 9 53 60 55 64 84 89 31 53 72 11 79 53 49 26 20 93 79 28 77 20 62 77 87 39 72 69 22 44 33 9 38 1 20 42 9 3 89
10 61 74 54 28 33 98 57 46 12 66 94 77 33 61 29 64 52 90 31 9 33 100 74 17 87 30 82 51 76 99 45 74 27 93 57 54 16 23 68 80 27 21 8 52 56 74 1 56 98 80 96 18 58 91 5 87 6 99 87 34 1 96 10 43 6 67 81 40 29 15 37 87 40 11 2 74 90 85 21 39 60 95 17 32 9 74 90 54 12 57 51 8 95 3 87 59 22
55 30 12 64 26 68 49 72 77 91 59 36 82 84 51 79 77 12 27 57 28 41 80 60 62 18 62 52 87 27 23 66 69 68 92 68 68 81 32 79 68 82 62 86 79 72 50 34 38 96 11 95 65 18 3 11 89 32 50 60 12 68 55 74 25 27 77 13 86 44 89 28 44 25 45 55 22 40 85 50 68 16 31 74 89 97 88 36 15 73 69 96 34 61 27 24 24 8
99 96 11 74 92 92 7 27 34 52 82 100 83 55 73 22 72 3 1 70 51 12 6 82 46 96 42 70 94 61 9 69 57 5 12 37 1 86 43 63 94 72 28 40 34 52 68 25 54 14 96 14 28 22 97 1 83 51 83 47 38 80 32 43 93 83 75 82 96 63 47 43 93 36 18 4 40 86 14 5 97 62 63 47 74 59 8 3 14 13 98 20 89 43 94 91 45 67
26 42 72 86 24 6 3 92 11 44 58 40 46 38 97 63 52 78 30 55 32 97 80 88 26 73 32 54 70 39 26 12 77 27 18 24 57 24 63 71 24 1 36 39 16 100 81 19 77 28 28 81 76 85 89 73 63 99 3 94 84 13 16 71 71 34 38 20 10 37 18 69 71 93 2 50 84 35 82 59 78 31 12 54 92 41 89 91 5 76 61 15 69 71 30 84 47 76
24 59 23 13 49 3 23 57 39 14 23 83 68 70 89 9 54 57 9 100 91 88 5 33 16 8 36 3 26 46 72 76 20 97 81 57 5 81 52 78 89 74 84 16 47 26 76 29 6 55 34 97 84 64 14 11 66 78 73 100 90 14 71 45 57 65 47 3 9 66 55 54 70 55 28 42 91 59 62 74 43 16 87 34 21 48 76 36 92 96 85 49 51 31 34 9 52 4
98 16 48 47 55 38 95 17 61 30 12 30 68 10 58 47 32 78 28 24 64 14 34 79 15 4 5 69 13 7 77 93 84 1 81 39 40 27 59 95 37 18 25 18 41 52 35 100 78 61 65 67 45 3 12 14 55 20 52 86 18 95 56 85 3 84 73 43 59 36 80 66 52 76 15 29 57 64 70 32 76 47 30 42 47 73 69 34 5 13 91 100 23 77 65 7 67 98
88 55 19 92 60 13 12 2 34 92 21 58 87 39 95 68 57 4 95 79 71 43 82 67 100 19 63 9 68 96 26 76 30 90 60 9 21 61 71 34 10 93 63 62 57 96 74 84 52 2 72 25 96 48 41 34 49 40 67 91 48 92 82 9 71 61 15 14 73 73 93 34 98 76 46 88 73 12 69 59 85 71 94 94 17 38 55 63 55 55 93 11 6 78 11 92 18 63
74 51 77 90 20 36 100 77 23 28 83 42 80 53 100 40 33 56 85 4 71 32 62 7 95 1 2 10 67 87 84 89 64 44 48 24 6 71 46 18 12 58 51 47 16 91 47 61 62 26 78 79 13 90 57 69 85 45 76 22 84 85 17 50 98 69 56 26 82 67 73 18 24 3 65 59 68 99 41 9 8 4 90 2 53 49 30 68 6 76 23 47 73 78 69 87 90 14
87 93 93 52 89 47 99 33 28 21 36 34 33 17 100 38 71 22 8 22 35 21 62 40 61 36 91 22 60 91 79 87 18 24 26 22 1 70 70 5 2 81 97 53 80 76 89 57 87 27 37 15 1 3 49 66 24 3 37 73 14 19 65 8 9 96 13 69 23 74 100 92 61 64 42 10 74 35 91 75 90 80 12 74 60 51 64 35 33 76 91 19 26 11 13 13 40 56
66 53 37 3 13 44 74 30 71 27 79 29 50 85 58 81 18 6 43 16 58 41 64 56 9 48 25 2 46 91 78 29 74 62 28 63 62 67 24 86 65 91 58 23 39 31 17 76 14 18 24 51 15 94 44 51 96 44 79 81 17 8 13 10 72 88 52 76 26 76 49 9 15 85 48 37 89 74 81 14 8 16 41 24 48 53 23 8 95 27 92 99 72 14 15 72 37 87
33 26 13 70 7 51 89 31 54 78 28 20 48 22 84 7 3 30 59 57 31 83 66 82 35 25 53 43 13 27 60 80 66 54 60 3 75 71 68 8 49 82 45 63 7 29 39 59 26 58 51 68 93 42 78 23 54 58 64 9 86 58 9 85 16 60 98 70 17 1 11 68 12 74 59 6 29 10 12 76 90 15 85 21 81 51 46 32 59 83 35 10 68 94 96 23 52 63
19 51 85 18 22 91 58 70 46 4 76 43 24 26 83 2 51 40 23 22 62 91 35 12 60 60 9 98 14 47 8 43 11 10 47 34 13 25 2 9 83 63 26 16 2 77 24 79 68 61 62 40 31 46 98 44 26 86 19 15 66 4 60 38 91 91 26 72 13 82 1 20 37 2 44 91 90 29 42 25 81 4 4 64 100 75 39 40 18 100 52 24 64 45 54 73 66 90
67 93 93 6 43 91 36 57 82 33 40 82 65 80 33 37 63 27 29 24 16 15 11 94 25 14 68 52 32 67 45 47 67 68 2 41 56 65 8 11 48 89 85 64 57 9 24 44 48 69 59 36 91 10 9 43 33 49 15 4 47 94 58 90 71 74 34 32 4 46 70 98 97 72 100 75 53 96 18 26 51 69 5 18 29 52 49 73 62 64 89 48 87 54 36 92 86 95
27 85 50 59 37 2 11 41 6 8 59 20 44 97 51 52 27 12 30 66 89 92 18 4 12 30 4 4 100 75 99 22 33 9 68 20 18 17 84 58 1 93 81 50 85 54 13 41 34 93 33 95 55 86 58 52 26 93 62 56 100 12 17 20 78 9 28 4 84 60 69 95 63 56 32 10 25 46 58 77 40 33 12 76 31 28 26 69 78 81 52 13 51 24 5 64 4 91
39 40 67 91 38 33 16 55 24 51 73 99 88 68 76 36 77 1 96 38 54 18 65 34 44 40 57 49 11 98 63 93 80 19 59 90 14 56 90 52 9 45 100 27 28 29 15 6 9 21 90 84 57 40 57 97 4 20 91 37 67 12 49 18 1 50 49 50 75 91 31 66 6 57 6 20 25 20 11 80 92 77 49 87 9 82 72 72 5 30 12 59 96 100 4 33 20 73
88 13 83 7 62 56 72 75 52 24 41 6 91 24 46 32 38 77 64 65 6 100 54 69 48 94 8 62 48 8 58 11 84 5 55 75 20 76 35 10 93 62 62 59 31 7 27 43 48 8 99 85 66 85 65 62 83 12 25 43 75 10 39 85 14 100 63 48 80 13 23 67 13 74 25 58 84 62 94 57 31 74 45 41 68 100 16 57 34 60 32 59 63 3 27 66 41 20
63 45 34 55 4 37 24 84 54 56 81 19 44 75 4 25 84 14 44 43 28 93 76 34 28 33 99 19 18 22 29 3 62 63 87 86 46 5 99 27 25 17 98 12 77 61 42 24 86 83 35 84 53 30 46 14 67 97 80 22 11 75 3 71 58 42 81 90 20 10 73 61 1 72 56 35 93 30 49 14 41 9 60 57 15 90 43 96 88 89 16 8 79 39 45 27 33 57
78 51 3 21 11 54 67 97 86 18 100 90 57 93 23 87 83 28 10 50 27 56 18 54 62 5 94 50 6 23 56 61 82 17 75 58 68 56 92 77 32 87 5 11 63 100 61 90 12 28 97 77 54 54 70 15 83 73 68 37 23 27 14 45 4 36 16 68 96 4 98 100 51 4 53 46 86 63 70 66 36 88 81 97 41 98 44 94 57 5 81 52 34 87 85 10 40 89
78 20 11 78 61 97 6 60 92 78 79 90 20 66 87 38 62 58 31 12 23 95 7 27 80 70 2 71 63 63 58 86 16 77 22 78 79 73 77 47 42 9 17 69 97 19 71 5 80 33 65 5 49 27 65 28 87 23 56 91 62 17 43 41 19 56 64 21 30 7 52 89 23 35 8 8 78 24 14 85 47 54 9 63 80 70 44 33 24 5 78 47 16 28 54 28 51 32
37 65 19 84 100 6 90 9 20 28 55 90 47 2 38 72 61 92 93 47 67 96 16 25 23 15 13 23 63 93 8 6 34 60 34 63 100 22 9 7 82 31 44 68 47 16 70 68 77 78 56 23 34 39 26 94 28 59 95 6 87 74 58 34 42 64 83 13 41 89 38 28 85 70 44 79 4 19 31 9 75 23 17 1 94 81 20 70 3 56 88 54 21 81 36 31 77 23
94 74 26 95 14 33 82 14 77 54 53 100 73 88 69 45 15 26 2 73 64 73 11 28 6 19 5 85 51 33 52 28 14 61 35 56 40 33 19 13 49 98 3 81 56 56 35 78 76 49 94 1 99 48 80 89 83 57 56 57 12 38 70 54 45 63 92 25 22 1 38 100 53 55 80 83 7 86 75 5 42 31 18 16 33 95 35 25 4 98 36 71 64 95 99 91 73 43
34 16 2 68 43 24 36 12 19 27 60 78 19 90 46 4 67 66 42 73 91 46 76 53 88 94 58 19 36 78 7 38 76 47 29 87 64 48 32 94 64 31 45 51 62 13 68 75 76 31 42 63 28 71 93 64 61 94 81 71 68 39 38 59 74 28 83 2 63 51 59 100 76 81 3 86 25 38 15 61 94 27 48 4 87 3 33 87 21 7 52 82 15 74 16 23 37 9
84 80 91 63 23 7 22 59 6 18 87 9 9 13 48 98 17 93 34 32 97 84 75 33 100 62 89 39 39 90 76 100 20 13 1 95 50 94 50 83 65 76 28 86 92 96 74 56 37 85 68 93 1 20 11 68 85 19 99 34 92 59 87 15 50 18 68 39 53 18 53 99 62 75 52 13 29 13 88 13 4 57 46 34 85 73 26 81 39 51 80 11 51 71 7 93 4 35
96 39 27 7 1 57 43 60 92 82 68 73 87 10 78 45 54 91 8 59 63 98 98 7 96 34 40 37 86 14 44 60 21 51 62 32 9 68 65 94 43 1 45 95 6 57 94 40 39 12 48 2 43 48 65 70 40 56 39 14 87 81 38 47 4 15 92 70 70 44 16 2 61 59 83 36 65 60 89 59 78 61 3 33 64 96 49 37 99 3 11 97 47 72 60 11 68 87
10 4 90 29 87 64 31 94 55 64 25 25 68 77 73 18 90 88 4 64 94 3 86 93 77 55 84 90 17 50 66 7 28 95 84 99 44 83 32 96 93 14 25 26 72 23 58 47 49 48 19 50 80 50 79 84 41 63 29 75 84 61 41 59 10 6 13 98 17 20 4 99 9 71 17 97 48 52 93 93 67 33 7 40 59 18 16 22 63 74 87 64 42 91 1 48 71 46
83 98 75 62 16 57 7 86 98 80 79 45 33 14 58 34 82 28 50 72 29 1 19 44 76 59 43 48 82 56 17 94 45 7 90 18 31 36 39 88 7 6 48 38 58 87 16 20 100 37 11 32 12 31 40 72 94 93 39 34 49 53 70 71 60 30 38 87 41 90 48 44 64 10 12 22 16 5 94 98 59 19 100 77 23 35 11 63 17 70 53 66 25 53 75 41 70 5
