16 73
5 10 20 9 14 70 26 75 47 35 53 52 7 67 45 39 55 47 92 92 10 70 44 92 40 84 57 62 6 52 41 81 92 32 79 71 23 92 96 86 22 82 75 61 48 92 72 41 52 58 87 97 28 82 22 42 6 33 52 15 88 75 7 88 65 6 69 73 88 91 43 17 17
22 85 91 66 100 69 42 36 69 1 24 50 75 95 36 48 83 72 60 24 62 100 72 85 81 38 57 9 88 89 56 65 53 21 54 14 91 91 60 2 17 83 51 3 17 45 22 88 72 70 99 13 76 15 62 84 15 70 31 45 2 76 75 37 14 54 2 35 62 80 4 55 81
79 56 76 41 35 100 15 80 64 62 77 45 36 10 37 79 13 13 77 45 58 33 46 58 84 51 30 35 23 33 38 57 7 88 13 5 12 53 64 61 40 54 61 22 55 19 24 86 47 85 44 22 73 44 48 16 79 92 91 97 24 97 4 46 45 67 13 32 6 90 76 89 48
50 35 21 20 79 35 30 52 36 11 4 8 6 2 28 39 82 97 57 3 58 77 99 71 80 36 3 92 35 66 76 70 28 95 89 23 32 32 82 4 23 98 19 63 72 77 14 97 53 56 93 28 5 24 40 64 89 32 28 98 100 88 80 89 34 89 95 76 43 15 58 83 3
48 92 90 13 48 39 15 33 97 72 16 10 18 10 99 52 6 14 32 85 6 7 84 18 27 41 35 60 65 19 97 75 65 9 57 23 32 14 58 25 8 26 1 33 38 92 54 2 57 62 86 73 89 36 69 98 40 54 9 19 65 72 55 5 6 53 44 44 52 91 22 35 32
80 64 86 40 78 68 7 39 31 100 37 49 64 55 98 86 22 88 75 72 98 63 31 23 97 83 10 73 71 36 37 6 21 69 100 22 44 49 38 28 45 62 70 1 58 86 80 78 66 9 5 54 59 63 23 55 47 22 71 67 29 90 40 85 98 97 28 82 39 37 37 29 88
44 45 74 38 6 2 19 97 61 69 14 29 57 58 67 66 21 63 45 21 46 60 22 85 10 42 64 58 68 46 34 9 66 29 31 96 23 34 5 87 14 83 1 28 19 47 14 82 28 12 27 16 95 13 57 56 86 34 21 10 46 14 94 79 33 41 13 5 45 42 22 73 22
15 2 82 51 8 41 16 68 28 38 89 60 86 85 42 52 48 9 46 43 57 82 34 59 80 100 16 12 31 12 86 16 53 78 33 55 23 84 19 83 77 82 64 99 4 63 72 47 47 59 62 92 95 65 39 13 7 79 26 29 44 7 82 15 4 96 68 34 49 38 67 67 5
98 10 31 59 34 1 1 16 44 34 59 52 96 85 12 98 78 37 34 59 32 50 85 29 69 84 52 10 51 1 58 17 35 38 12 47 3 13 85 27 43 47 45 51 22 92 55 49 2 39 64 90 3 69 73 76 45 88 9 2 69 88 14 36 49 72 94 36 29 53 55 4 45
100 83 93 80 9 53 76 91 60 88 54 91 83 11 77 47 36 37 53 85 56 6 40 3 48 97 26 29 60 15 55 41 1 35 74 98 11 4 14 96 6 8 7 24 28 43 88 8 56 32 66 94 62 21 23 1 47 69 24 10 70 21 80 68 39 67 30 59 2 87 88 42 31
90 5 24 37 33 48 31 61 90 78 38 25 97 66 20 60 62 39 73 79 41 58 2 77 37 1 7 51 29 6 93 35 1 76 64 5 57 82 97 38 7 29 57 25 85 41 80 24 92 83 6 12 27 62 90 27 43 62 40 81 40 96 20 56 4 15 51 85 7 38 57 52 43
95 44 3 53 36 72 85 71 4 20 88 79 80 56 10 76 90 47 84 79 74 3 84 65 91 39 95 27 48 72 13 90 92 86 93 85 91 97 5 15 54 88 88 49 88 65 92 96 1 11 40 54 7 63 82 47 72 12 46 74 64 78 48 41 99 25 97 45 69 27 88 69 88
69 18 34 49 21 20 27 79 34 98 21 84 60 63 10 66 75 11 86 25 82 50 86 6 58 71 81 51 77 81 75 95 84 84 48 45 4 79 60 80 12 29 21 82 29 78 50 81 28 56 52 25 32 37 15 67 80 70 57 5 67 80 47 39 4 86 88 10 96 7 17 59 98
2 72 58 11 63 91 96 54 80 13 6 85 96 82 75 68 42 85 51 62 21 59 48 66 14 67 1 60 15 86 46 68 11 79 95 21 26 61 60 34 3 19 69 5 95 77 57 29 63 62 65 30 57 53 58 26 90 79 26 30 28 21 3 21 14 62 28 16 92 16 93 3 14
8 29 27 46 50 15 25 6 30 6 46 14 35 4 31 98 34 44 78 12 75 31 49 99 22 8 28 28 12 15 54 24 63 28 32 10 91 15 8 70 14 87 31 67 79 96 17 48 23 5 22 81 32 65 2 44 9 76 60 79 73 54 70 9 83 88 72 87 47 30 23 83 23
44 40 97 56 40 49 46 89 43 47 63 76 47 82 91 25 28 56 67 20 1 24 37 86 86 70 23 70 68 70 2 15 29 6 70 38 85 11 91 90 11 88 57 92 87 53 12 80 8 69 62 39 90 16 9 3 54 94 80 8 73 40 42 96 14 100 93 93 78 15 48 29 85
