71 77
36 83 40 59 24 11 15 84 19 50 9 29 97 22 84 49 28 68 2 39 81 39 45 58 79 38 81 30 89 66 65 30 14 64 25 91 59 90 83 28 75 52 1 79 18 17 86 95 100 79 20 37 87 27 86 84 84 52 6 48 18 47 37 87 31 3 73 98 19 58 43 98 82 63 89 66 82
54 6 59 53 25 45 43 67 84 58 46 15 11 35 71 58 30 27 85 37 14 65 33 1 78 94 19 20 4 42 79 81 81 60 46 54 90 57 37 1 28 55 93 25 15 90 36 66 3 31 3 24 11 79 40 64 93 58 58 43 57 64 62 39 94 52 40 20 18 7 59 27 1 55 45 9 32
25 98 61 2 92 23 26 76 71 86 64 69 5 88 57 40 63 86 69 37 69 28 41 57 48 71 47 86 59 29 75 62 65 42 24 47 79 37 29 19 95 64 82 17 96 60 10 36 46 44 82 38 24 39 92 51 72 96 92 87 83 46 11 37 6 72 26 42 44 14 93 18 78 57 28 93 75
60 24 92 31 87 51 73 45 76 86 76 71 76 87 20 35 39 82 90 48 51 71 35 27 26 52 84 79 70 77 77 41 52 5 58 64 92 75 34 16 84 53 45 77 47 83 85 7 57 63 15 23 32 23 94 88 52 28 24 31 66 94 89 80 5 36 77 2 23 14 29 5 79 96 28 53 70
96 66 74 91 42 9 38 94 7 100 39 81 12 48 2 70 73 73 62 31 74 97 65 35 92 15 67 20 67 70 5 25 34 27 37 6 52 33 66 38 78 51 43 76 13 95 95 57 73 49 44 13 94 26 12 44 62 62 80 71 27 76 71 55 34 80 12 6 36 13 52 23 16 61 21 38 78
5 88 64 42 89 74 44 8 8 41 19 99 60 70 74 83 84 60 57 95 89 71 70 82 11 9 98 66 24 45 11 39 14 87 51 29 13 80 55 80 19 50 56 47 11 86 6 19 100 51 51 78 99 6 82 59 81 56 71 99 86 39 46 68 63 9 33 73 26 13 87 15 67 8 75 7 1
95 58 32 59 26 52 69 68 24 39 42 17 12 5 11 5 15 31 86 18 70 87 11 42 11 88 96 24 87 82 42 96 55 55 97 28 71 60 54 41 26 73 23 74 68 88 35 59 36 67 20 48 22 76 5 31 64 77 88 63 95 80 76 50 36 68 30 45 39 4 9 11 92 59 3 40 49
66 22 39 88 94 47 53 24 89 81 7 81 14 93 22 75 91 97 26 35 71 63 9 90 100 72 80 62 78 93 2 19 8 24 84 73 55 17 2 34 73 27 4 26 72 1 70 13 63 86 8 32 48 41 52 52 91 13 10 56 22 85 14 78 41 22 52 84 39 64 57 82 97 21 68 82 59
72 44 55 37 19 56 27 57 79 38 89 42 92 36 17 50 47 95 61 15 18 46 28 74 64 52 33 57 9 97 19 58 48 78 90 73 66 85 8 27 14 99 32 8 67 45 11 2 60 93 73 70 51 54 39 26 3 13 23 68 62 34 91 94 47 74 77 58 93 58 46 32 17 63 22 2 24
43 84 55 15 29 27 7 14 12 31 38 79 38 91 75 45 7 75 31 37 94 74 37 27 84 2 16 80 58 99 63 74 81 5 29 17 81 29 14 1 4 41 60 4 53 47 41 17 27 99 40 56 8 47 77 24 88 57 35 99 44 71 84 94 59 30 47 44 98 31 70 63 67 57 49 32 20
1 91 70 52 78 69 26 43 62 3 65 14 8 12 87 18 54 53 19 93 34 10 59 60 19 11 48 15 91 68 97 98 34 72 85 57 50 3 46 31 53 63 97 18 42 83 99 66 95 41 45 51 79 58 31 48 43 35 97 81 71 22 42 43 66 21 40 98 65 70 25 64 28 32 93 9 98
57 35 81 16 53 100 13 79 38 42 36 33 91 81 78 44 54 24 79 17 1 77 48 68 5 86 6 65 70 51 73 67 82 8 88 39 8 5 75 35 6 19 6 47 22 32 4 47 21 78 30 10 97 96 61 19 49 93 81 6 3 69 15 94 81 5 74 21 91 39 17 3 91 2 28 82 26
43 36 68 46 80 48 75 85 60 74 66 17 90 81 37 4 71 24 47 51 30 58 93 37 15 68 22 61 8 16 5 95 1 39 83 30 58 89 74 100 25 7 8 2 70 66 8 80 75 99 74 95 96 30 53 43 35 2 86 59 64 72 22 42 90 52 52 81 77 73 40 31 79 29 67 64 64
24 40 52 95 59 14 26 26 72 3 96 69 48 9 38 42 6 71 39 87 70 22 82 52 48 76 93 67 54 49 10 17 11 60 75 7 38 92 95 88 38 48 5 9 47 92 21 94 21 29 81 31 67 62 54 75 3 92 27 100 84 47 48 87 16 62 19 77 19 85 95 99 11 96 6 77 90
87 41 17 89 76 89 22 34 92 92 47 84 62 60 78 33 9 35 9 57 44 84 39 34 91 26 14 39 59 54 59 48 1 69 18 78 28 2 57 75 20 1 51 73 31 81 2 67 34 27 96 88 39 91 52 26 58 27 73 38 17 34 67 11 60 86 82 24 4 25 23 14 6 92 79 52 83
98 63 29 8 59 38 59 87 20 5 29 92 14 88 20 21 17 39 82 42 12 72 27 94 14 40 19 30 50 100 35 70 82 49 50 69 72 5 56 60 6 77 54 15 9 56 65 24 68 13 48 16 42 64 55 56 16 88 46 91 99 65 64 48 21 44 40 10 14 12 25 70 46 80 26 5 73
44 17 50 39 16 79 98 77 10 40 51 39 8 27 10 74 66 53 8 69 57 26 11 72 16 52 96 88 18 23 56 77 37 57 95 41 9 58 28 60 43 78 47 12 35 14 91 11 44 45 80 63 27 16 35 10 23 80 87 74 60 70 53 31 61 55 19 10 43 17 30 40 6 2 75 55 34
7 30 96 78 48 26 34 55 2 4 97 81 57 99 71 65 7 95 19 22 24 57 39 98 8 83 40 83 38 77 79 95 23 2 46 32 37 82 36 68 24 52 13 16 94 52 33 57 58 8 66 72 37 10 12 18 27 52 93 11 15 91 53 40 56 9 92 11 18 54 81 90 70 72 73 98 37
42 77 53 96 66 4 37 100 87 100 8 54 21 2 97 62 30 36 85 87 69 68 65 66 81 6 73 12 76 70 46 61 60 38 100 7 30 72 59 19 61 36 63 86 94 81 66 1 74 9 4 13 19 18 61 49 74 3 94 71 28 35 53 43 43 44 70 61 16 19 54 96 11 7 79 33 63
47 80 26 6 48 3 44 51 59 100 8 46 87 96 49 43 77 57 21 91 49 68 44 92 96 52 37 88 26 45 56 3 94 89 28 48 48 50 42 44 15 36 9 17 3 48 63 27 76 44 36 8 95 21 26 45 100 63 9 75 97 8 32 47 58 80 94 54 66 35 46 28 85 68 21 71 78
12 50 70 83 42 28 6 46 21 54 17 98 2 47 61 79 49 83 43 10 54 14 21 45 16 83 89 42 100 12 63 5 14 88 81 62 90 33 93 31 57 96 2 67 70 85 38 88 70 87 95 3 58 43 9 22 44 27 28 97 89 15 91 27 74 47 24 50 8 24 84 93 8 31 13 91 6
54 66 2 41 30 27 57 16 65 86 24 64 65 5 71 30 28 13 49 74 38 82 87 24 67 32 74 82 93 86 25 98 54 76 50 57 86 14 35 28 100 19 68 47 5 96 59 67 49 98 98 56 24 57 92 47 100 89 35 19 25 4 2 79 81 38 23 75 42 86 41 43 64 50 61 65 31
64 94 21 8 46 60 91 19 39 22 96 53 47 30 84 91 77 93 23 63 86 34 46 33 57 20 20 9 53 36 10 15 59 87 55 99 64 8 12 82 37 41 35 96 33 35 36 67 31 11 52 64 61 54 18 13 64 24 60 15 73 49 11 41 51 20 81 85 94 8 14 89 79 88 40 24 77
86 100 46 43 7 66 9 75 77 32 49 63 44 46 67 26 79 83 77 29 14 20 89 46 52 17 68 12 75 32 1 77 6 55 70 49 10 8 92 72 55 23 25 61 13 70 39 95 63 11 40 68 3 39 41 69 20 5 91 42 23 75 58 6 11 49 96 1 87 34 38 3 98 55 37 88 75
36 48 70 60 65 92 34 23 50 64 83 46 23 50 87 92 79 57 36 42 86 64 34 79 44 4 89 3 88 37 90 4 61 71 41 59 88 50 37 85 73 14 40 97 46 49 24 17 66 57 74 63 35 31 45 70 51 12 50 64 11 86 36 95 4 82 37 99 73 11 51 78 45 15 31 23 7
76 45 7 35 86 70 25 91 99 10 15 10 20 46 93 35 30 46 6 37 95 54 81 50 53 62 94 77 87 17 1 1 3 66 9 31 36 2 9 78 90 61 11 57 46 41 30 40 30 95 42 45 48 91 28 6 70 11 64 94 50 62 30 88 83 18 48 8 63 91 50 17 38 50 93 37 80
99 34 31 30 77 78 87 83 90 22 89 40 25 64 63 92 34 34 84 14 27 88 36 60 93 73 51 29 81 10 9 37 87 61 39 91 38 31 39 39 53 64 11 21 22 12 64 30 69 31 38 50 27 32 59 45 32 29 56 30 45 78 73 36 46 88 61 19 47 28 81 87 25 20 77 88 100
25 89 82 39 22 25 21 83 24 68 43 35 59 37 89 19 56 45 63 48 47 83 40 88 66 14 33 86 42 23 65 80 70 75 29 87 74 81 77 39 85 95 39 67 59 56 37 67 12 50 97 41 97 91 92 1 84 10 44 52 37 75 24 70 48 69 56 94 5 71 16 94 7 56 51 65 20
8 88 41 19 91 54 68 55 96 97 81 95 87 24 74 42 59 20 98 6 63 41 76 91 22 16 2 25 8 33 63 86 78 41 77 25 49 82 51 24 75 94 37 55 75 5 78 49 90 23 7 26 62 66 17 69 54 40 69 44 54 67 69 95 84 4 98 17 19 25 8 37 59 67 5 23 17
23 86 69 49 89 34 68 13 41 73 31 83 32 20 80 74 71 29 72 1 5 13 60 37 95 96 45 80 51 37 68 65 43 27 10 10 16 64 65 12 12 3 92 54 51 67 88 61 24 21 4 2 56 18 89 19 5 11 61 95 68 69 33 52 27 1 69 12 89 2 89 96 22 68 25 38 7
9 64 17 73 30 97 53 14 65 81 94 61 12 21 90 81 61 99 53 72 75 66 48 8 43 55 47 79 100 61 68 91 32 45 61 100 40 51 16 85 22 88 65 72 69 16 16 6 92 57 89 42 23 44 12 89 98 52 96 91 67 21 7 75 38 75 50 48 43 23 47 26 76 33 84 15 84
63 10 76 91 40 58 66 15 40 23 97 98 39 12 65 41 17 11 84 88 5 22 97 31 93 28 46 37 48 80 92 62 1 46 1 78 83 38 2 32 78 65 42 96 21 49 75 61 16 64 88 58 60 60 87 99 64 10 95 35 74 92 13 79 63 55 14 57 67 53 76 86 9 47 90 64 6
34 25 73 14 79 72 12 71 93 62 81 33 62 11 15 59 4 44 15 36 97 23 52 44 33 47 97 37 72 15 94 13 8 85 55 61 31 40 1 47 59 62 43 15 21 80 48 55 81 59 17 33 93 25 6 41 24 38 48 95 8 15 62 98 57 24 60 94 20 13 31 68 9 27 26 23 84
4 88 56 62 25 39 89 94 94 84 59 49 7 32 71 48 61 35 26 43 10 39 83 79 53 88 21 4 30 69 88 43 66 41 33 99 9 67 33 44 87 34 5 45 73 41 44 83 80 63 5 42 11 50 80 99 14 85 66 54 9 54 3 16 97 36 60 25 45 94 49 16 49 96 28 87 92
7 15 93 14 48 78 73 28 19 1 32 58 18 40 6 33 59 48 53 47 53 21 79 68 48 76 9 99 90 52 35 16 26 11 26 82 83 2 100 23 8 13 95 67 2 87 92 71 37 62 29 47 28 73 17 6 92 15 19 76 60 4 90 97 70 17 23 92 43 100 99 30 51 76 95 4 75
22 89 25 8 5 81 41 77 80 35 23 28 53 39 2 1 88 66 19 42 40 83 96 94 45 91 43 48 79 72 80 91 38 12 97 96 35 76 25 43 49 78 83 58 39 84 80 30 85 22 66 87 45 3 98 18 9 75 92 41 94 91 57 27 31 61 18 61 57 38 75 51 57 65 14 91 77
2 94 15 11 59 18 81 56 42 82 16 43 27 72 68 20 79 78 11 40 77 51 66 10 59 87 82 91 65 9 3 94 34 80 80 25 95 59 76 84 84 16 80 4 3 74 79 82 24 35 26 45 15 30 80 16 20 34 33 44 52 94 73 6 82 54 96 60 53 1 20 66 77 16 86 87 68
92 84 27 78 68 6 31 39 82 3 59 100 6 27 20 84 62 87 26 13 80 29 91 73 57 36 65 98 83 94 65 69 17 4 24 18 69 5 62 93 71 11 44 71 12 99 90 61 70 95 86 16 42 25 31 36 37 81 30 14 27 55 17 27 73 58 5 51 42 32 1 98 89 12 3 2 73
76 71 93 40 54 9 81 68 85 68 69 19 83 72 93 82 2 60 9 48 40 85 78 43 15 61 21 64 17 55 88 91 3 86 38 62 24 44 55 38 97 65 44 45 74 56 28 90 27 89 95 98 40 76 61 9 2 89 39 20 11 13 54 24 44 31 32 54 33 94 82 80 68 91 46 57 86
74 38 81 2 5 9 43 91 11 27 58 92 42 75 49 78 12 82 70 87 12 85 74 44 56 99 39 60 21 34 61 90 37 7 65 55 80 52 35 93 82 25 59 7 16 61 7 6 77 22 83 99 39 23 37 31 50 41 5 51 76 48 31 59 85 80 100 69 65 71 27 82 36 69 29 85 50
77 51 55 59 81 62 74 64 81 62 60 51 68 56 42 43 9 38 38 80 96 29 9 13 91 1 65 78 70 34 55 88 48 99 84 31 96 90 54 12 8 67 76 27 69 46 21 59 75 86 4 7 87 8 31 23 14 74 52 40 28 56 97 15 41 8 27 93 98 65 72 19 27 99 23 72 95
17 60 91 57 79 8 77 50 76 75 96 22 63 21 73 43 58 74 27 100 95 50 32 79 34 43 88 42 74 80 31 58 23 18 56 4 17 37 24 7 55 69 43 75 46 89 21 8 87 76 87 54 78 58 61 28 93 5 71 2 72 33 79 67 2 40 74 50 36 10 4 77 48 25 85 75 5
76 85 11 73 73 4 70 43 91 15 91 86 81 54 65 37 68 78 21 73 62 72 34 68 56 34 73 43 42 78 72 50 1 93 34 91 58 94 28 36 92 91 15 77 14 66 37 17 10 16 16 40 100 19 9 45 35 86 69 8 41 89 94 27 26 92 87 37 11 44 89 7 43 36 37 38 33
46 34 89 19 38 13 51 94 22 41 99 47 23 68 92 62 90 75 47 45 23 9 83 95 82 56 71 26 63 23 98 22 68 51 27 22 79 30 42 68 34 72 27 92 97 66 97 29 31 37 50 55 49 1 57 64 81 9 72 94 99 68 95 48 84 24 40 57 65 14 93 33 42 90 23 9 22
24 36 89 97 71 44 24 91 90 63 20 17 76 90 71 5 28 86 37 51 5 69 90 77 74 4 22 79 93 16 71 63 61 42 76 19 50 37 92 28 100 25 24 41 62 69 16 93 88 12 27 5 23 88 62 58 16 87 87 48 27 35 90 83 25 93 72 31 93 1 30 29 15 47 84 46 50
17 91 66 95 23 15 81 17 67 81 37 3 38 96 30 12 34 14 28 93 87 82 77 28 40 51 86 16 49 68 95 1 78 62 53 53 61 49 28 71 12 27 5 95 70 9 77 82 43 27 38 36 66 34 74 95 26 36 18 42 68 55 65 54 92 98 73 99 40 97 33 50 25 47 4 49 41
1 48 15 17 48 46 54 24 3 46 47 95 66 98 29 54 87 100 25 31 3 35 64 66 14 57 61 9 95 6 12 28 37 12 35 12 67 40 8 71 23 92 47 47 96 89 74 9 18 55 78 71 21 6 72 85 42 3 20 31 25 4 64 56 1 76 40 15 46 63 85 65 8 84 3 50 17
84 36 15 93 90 18 81 27 43 76 99 39 80 95 93 94 50 10 99 29 21 80 16 78 20 5 13 31 68 100 5 52 58 67 38 40 78 64 63 70 94 91 55 22 4 59 58 29 83 17 47 77 39 42 66 98 2 45 3 16 98 5 74 66 84 84 56 10 59 80 54 71 98 93 49 55 98
99 26 32 36 81 39 89 57 99 85 76 62 44 75 39 34 59 91 91 90 62 35 5 16 39 23 79 84 18 97 93 95 48 93 33 32 59 26 92 79 94 89 82 40 6 81 31 45 48 18 31 91 5 18 47 42 96 37 21 71 99 91 78 66 81 55 6 52 2 14 3 18 87 30 93 67 91
93 74 6 6 17 22 32 46 1 13 1 11 27 24 72 31 75 100 24 86 8 21 63 58 22 58 58 14 88 89 99 60 27 38 66 76 15 75 76 80 59 99 64 65 59 51 18 35 77 72 20 95 45 90 98 67 82 13 90 24 12 82 17 96 51 80 49 47 39 99 48 59 86 84 11 41 64
67 2 93 5 62 83 21 24 59 5 66 46 7 83 76 48 60 25 16 81 8 86 18 83 78 95 3 89 6 95 71 70 12 7 51 16 22 80 51 6 47 95 18 78 38 76 6 41 42 14 58 18 85 14 33 2 96 54 89 56 51 44 99 72 90 38 49 16 23 52 17 80 69 1 84 94 52
82 99 72 85 73 96 40 60 12 17 88 41 88 92 64 28 25 82 100 77 27 54 62 90 15 68 36 18 78 83 90 18 25 14 47 53 41 26 12 2 65 100 97 69 82 77 63 65 79 83 45 52 61 94 91 71 60 59 64 18 43 31 78 56 32 23 12 42 19 42 47 65 1 33 17 75 12
74 58 42 57 15 67 65 17 61 89 62 48 90 82 33 99 4 55 41 40 43 73 20 99 66 3 58 87 69 100 24 45 9 69 94 16 65 23 34 98 40 26 15 50 42 12 58 43 7 95 67 24 69 72 22 24 82 26 40 95 78 34 48 74 34 65 7 84 69 35 47 97 77 53 2 79 38
41 66 26 7 59 12 36 73 48 90 35 96 75 97 42 39 4 83 10 27 60 55 100 71 60 98 29 15 69 46 18 82 16 26 62 32 56 13 2 40 5 98 27 18 58 59 16 12 60 4 62 98 24 31 40 96 18 46 71 23 24 24 96 87 23 80 48 71 9 54 52 33 14 95 53 79 62
47 48 98 83 21 57 19 35 83 93 79 98 90 51 31 17 36 77 43 45 4 42 7 89 43 58 92 45 96 88 44 65 37 7 80 26 44 16 84 27 42 51 64 50 31 60 34 28 30 36 25 62 16 96 52 22 71 1 37 1 55 33 68 18 89 5 82 31 58 51 55 11 62 13 44 28 5
43 85 53 10 54 10 22 98 81 15 75 19 69 97 14 58 47 35 61 14 93 9 16 15 29 88 82 81 20 54 46 56 3 99 36 99 18 60 37 3 26 63 3 51 89 47 21 67 11 25 10 13 27 44 24 2 6 61 86 92 88 10 90 23 33 88 5 42 93 78 52 24 19 60 40 55 61
8 48 76 65 47 37 75 44 11 66 81 36 88 14 75 4 69 39 24 52 20 36 99 46 49 9 18 39 62 73 67 63 10 64 49 4 36 90 2 48 51 20 10 56 8 10 93 64 2 40 73 69 100 89 22 90 31 53 84 18 58 66 15 45 64 65 56 49 57 38 54 54 47 93 22 97 86
98 32 73 25 7 91 48 19 37 11 41 98 60 20 85 27 35 74 27 55 80 35 11 32 27 13 83 91 61 53 81 16 18 30 7 62 19 34 12 2 70 57 58 66 35 32 56 46 80 45 10 85 35 60 59 20 90 9 30 91 64 38 84 25 58 80 17 22 52 61 9 31 25 2 5 97 52
22 70 50 45 44 65 97 60 73 16 98 72 27 32 32 74 55 43 62 58 90 96 84 50 2 8 20 27 72 55 65 17 35 60 7 27 43 69 11 77 58 67 44 3 39 96 9 63 10 86 5 3 60 75 77 89 87 73 45 42 52 24 54 32 14 45 41 4 98 10 96 48 65 19 97 61 5
75 95 67 88 28 97 63 5 95 8 41 21 55 36 92 73 63 26 3 45 6 77 37 20 15 95 95 13 2 21 5 1 93 9 22 69 78 6 55 99 36 93 83 8 63 95 44 61 69 91 97 10 79 94 35 74 49 32 8 25 37 12 10 90 81 47 32 9 31 29 16 28 85 60 49 56 65
77 45 86 10 32 50 98 23 40 88 76 55 75 74 30 70 59 70 94 12 17 30 96 80 25 92 5 70 50 48 76 16 3 33 77 61 14 93 1 22 52 6 62 82 69 49 56 37 46 24 79 97 8 46 57 36 14 17 58 28 82 81 18 32 88 19 82 6 80 60 79 86 65 43 56 18 73
85 3 65 83 28 6 93 47 49 21 68 77 38 38 35 52 50 32 18 72 35 1 34 82 50 32 12 7 73 34 94 88 66 6 3 44 86 82 91 46 68 88 72 57 50 47 74 33 93 3 38 64 61 54 13 52 91 91 59 35 15 23 78 93 12 39 27 32 54 73 60 26 33 26 31 58 99
7 2 80 72 58 75 90 89 80 78 67 47 29 69 36 4 8 51 16 71 76 68 76 32 61 76 50 6 43 21 13 80 95 19 89 25 91 10 17 99 41 42 14 47 18 82 54 30 25 97 57 59 62 14 98 8 15 22 30 82 10 8 48 1 7 60 37 46 96 42 94 83 15 60 26 49 70
59 65 56 62 7 33 56 80 14 89 46 27 87 87 21 8 81 22 90 54 41 75 1 43 96 75 17 34 57 14 82 97 52 6 2 58 82 3 79 48 4 90 66 37 2 88 46 53 23 80 19 10 47 3 53 66 88 3 58 52 1 66 2 14 4 72 32 79 61 3 2 88 43 15 64 41 72
77 19 61 36 72 80 93 6 66 62 37 25 18 12 8 35 82 34 11 11 92 26 3 61 18 6 90 20 31 57 22 40 42 27 20 16 1 77 44 53 82 24 70 35 21 68 25 71 43 68 74 3 17 85 67 34 39 68 48 7 38 39 81 95 88 94 53 48 35 66 27 61 22 99 40 75 75
99 84 3 36 26 64 89 63 83 23 43 75 30 95 71 29 24 42 28 90 8 58 76 7 83 86 81 91 43 30 21 36 87 49 24 97 62 8 76 74 17 46 57 4 66 94 68 59 70 77 8 73 89 29 99 36 49 24 70 83 16 93 76 89 6 72 41 39 62 40 94 55 99 98 87 92 51
87 15 76 91 50 75 39 58 99 41 79 62 95 55 29 74 17 33 49 71 24 64 84 13 94 27 73 86 57 49 10 24 76 48 25 78 72 76 3 97 39 20 46 44 37 78 9 74 61 76 24 49 95 77 39 31 75 20 52 20 24 37 11 23 74 94 45 38 80 36 86 59 91 6 47 89 11
48 80 34 19 44 83 58 31 41 13 99 91 41 53 59 87 13 22 19 93 10 36 29 94 82 94 24 61 27 54 51 65 51 9 43 89 69 25 61 61 55 68 3 54 13 91 9 50 17 83 48 17 35 26 58 54 19 74 45 30 72 61 88 30 47 44 54 72 72 74 38 69 29 7 54 12 85
10 92 40 98 82 78 29 38 8 77 88 90 18 32 14 84 30 86 60 35 42 49 72 1 18 53 58 72 43 100 80 64 87 79 38 40 16 45 55 78 97 26 76 48 31 35 33 65 48 68 93 24 6 14 65 23 74 18 54 10 71 21 15 47 21 22 40 6 24 81 85 68 42 89 49 85 60
97 75 72 100 82 22 62 16 32 59 35 85 25 63 39 27 62 5 53 76 56 34 96 95 18 48 48 14 70 96 32 33 61 31 23 93 19 59 35 33 82 33 52 56 18 18 27 95 65 78 27 76 67 92 56 60 89 76 49 85 17 89 97 54 41 63 58 67 89 3 42 92 14 8 83 86 89
99 17 36 75 30 73 10 54 38 63 27 20 36 56 51 67 20 93 76 44 37 73 23 83 72 85 41 39 100 96 71 78 9 93 21 32 60 14 21 33 15 80 84 44 2 80 37 98 68 76 23 10 53 54 87 41 4 9 9 37 1 10 67 78 38 16 34 45 73 67 90 37 92 1 32 54 12
