66 64
9 79 43 90 90 95 66 30 11 55 67 86 46 11 90 74 41 74 26 14 34 76 16 68 38 24 32 10 14 100 31 35 66 76 37 27 97 83 38 35 89 64 63 44 71 17 6 98 46 61 90 18 57 71 11 99 53 41 46 23 79 98 67 45
66 11 96 58 37 4 37 19 80 34 89 37 51 44 16 46 10 95 93 98 95 22 94 36 57 66 45 48 71 77 78 17 13 41 46 95 64 40 6 80 35 61 56 90 9 9 57 58 66 64 28 44 66 37 62 88 23 45 90 35 57 98 39 44
70 58 36 76 56 28 59 68 44 5 33 51 85 16 76 87 44 95 70 12 68 48 50 70 17 56 93 66 49 9 98 36 39 22 9 35 100 23 52 6 94 66 47 66 2 57 94 32 13 85 24 48 83 35 66 14 45 52 25 52 79 42 16 80
83 97 62 36 35 71 50 95 1 48 83 9 66 40 70 70 2 98 18 62 6 1 64 61 73 89 50 62 59 85 21 41 34 18 86 1 51 98 21 82 85 54 80 47 64 97 41 51 73 6 3 94 48 3 98 30 35 55 90 63 85 77 20 62
20 90 62 48 47 21 12 91 62 29 39 77 64 75 47 9 92 44 87 38 39 17 100 85 97 10 51 47 33 79 90 31 70 17 57 92 11 76 71 94 13 17 48 89 86 47 39 23 82 58 4 60 54 71 43 35 25 53 37 70 31 3 86 12
10 79 68 74 10 19 28 40 52 66 18 38 63 1 73 78 39 90 75 79 85 81 6 67 50 49 5 49 19 17 1 86 1 88 15 61 94 89 12 52 28 95 90 1 45 13 47 77 54 89 83 12 8 14 43 45 32 2 70 27 21 37 71 72
99 59 37 53 63 52 34 2 85 26 55 24 65 78 30 28 53 7 98 37 11 59 79 81 35 52 41 12 46 70 67 38 65 14 2 42 63 18 72 39 68 49 66 42 36 14 5 56 59 64 80 97 66 25 16 28 18 7 46 73 48 42 73 29
85 7 68 49 91 24 14 58 87 25 30 19 88 19 86 27 28 51 50 57 97 37 98 21 43 46 40 1 65 31 47 36 17 31 81 21 27 90 57 63 52 18 84 16 67 18 1 88 80 30 52 79 73 78 73 37 2 54 68 24 15 2 82 59
47 81 81 3 99 91 37 71 69 96 48 88 67 51 87 96 3 31 17 90 80 15 95 63 85 79 65 27 36 6 21 79 29 59 61 97 84 21 29 77 48 62 69 51 66 45 48 85 18 19 38 6 51 35 31 35 13 81 24 21 78 81 69 51
82 95 44 73 8 26 86 53 28 89 87 82 54 18 67 2 7 65 62 76 7 11 83 65 46 48 28 50 43 85 49 47 90 98 71 59 13 7 63 52 45 22 32 20 9 68 64 7 55 11 62 7 10 3 64 42 69 75 50 83 78 63 51 80
68 40 10 73 21 84 29 69 39 70 85 65 18 16 41 33 47 31 65 71 78 59 93 1 68 28 58 51 83 43 43 72 2 1 20 37 74 29 87 44 77 88 61 13 57 2 96 31 61 38 28 65 74 11 94 90 64 41 71 46 70 45 66 66
71 61 50 95 58 1 18 29 29 59 58 21 78 22 9 57 14 48 27 48 9 10 37 66 10 51 2 56 2 5 68 39 55 71 3 85 47 82 10 89 31 70 100 40 85 87 97 52 19 49 97 8 49 97 27 64 52 66 54 30 25 78 68 85
2 84 12 13 92 2 22 31 13 50 4 83 66 99 19 95 55 93 94 62 1 64 47 100 76 29 88 79 67 9 31 75 89 92 96 6 29 14 91 44 76 27 42 25 89 8 77 14 97 39 4 52 61 91 19 31 29 54 87 8 70 27 61 25
26 87 68 89 74 89 24 22 16 65 9 66 70 23 40 14 91 85 64 85 37 42 3 96 59 91 96 48 91 13 64 64 90 1 96 49 63 21 38 44 65 100 93 6 77 67 90 78 12 93 41 26 53 68 72 7 77 93 10 63 38 6 95 63
21 97 71 66 76 20 24 31 84 35 72 70 91 90 51 34 68 63 21 73 49 74 2 60 97 16 22 41 4 93 76 39 96 80 10 48 13 84 47 13 67 79 79 45 10 86 14 54 31 5 48 13 81 53 12 60 62 19 44 35 91 81 76 18
85 91 20 36 18 99 11 37 76 76 9 79 47 45 52 23 9 22 27 99 53 14 59 22 48 100 79 88 20 3 98 78 30 35 66 25 23 33 59 55 69 74 44 81 99 1 73 4 6 25 82 9 53 56 42 75 31 21 24 76 64 3 22 35
65 27 3 44 4 80 47 36 72 89 88 90 40 15 60 70 58 95 64 17 18 62 2 90 19 87 30 100 6 85 6 83 28 50 76 11 90 82 69 90 7 76 42 38 68 30 5 72 69 16 13 27 62 3 19 51 85 2 6 91 81 68 40 32
90 19 89 80 55 37 54 8 32 25 94 54 90 12 6 42 39 76 31 1 22 68 80 86 35 42 87 5 7 30 28 33 15 59 1 95 93 27 49 91 34 94 87 25 30 11 36 52 5 94 36 33 15 69 13 4 38 50 62 31 83 61 79 19
38 58 28 58 74 57 99 17 1 48 58 3 63 64 73 91 97 68 8 7 4 2 56 56 67 43 79 15 89 78 45 29 93 48 16 7 92 14 63 77 85 18 34 33 43 63 73 22 48 92 52 5 36 83 82 70 88 69 45 36 56 12 13 51
75 56 26 2 50 44 67 76 6 42 64 53 45 16 28 53 23 63 95 5 9 47 10 23 7 52 21 27 98 53 15 17 84 20 49 1 67 9 51 57 80 90 92 2 53 22 41 41 17 53 55 10 34 83 29 66 86 80 26 90 42 72 25 36
80 6 98 22 17 22 25 12 59 7 81 5 71 62 52 17 25 33 5 53 38 3 6 63 27 49 5 84 32 96 52 63 28 59 12 12 15 23 74 13 55 37 19 56 83 41 46 89 77 45 47 61 67 99 11 91 61 54 93 66 29 70 87 31
18 19 17 12 65 64 25 41 20 28 23 74 25 80 11 82 64 67 5 22 76 55 24 69 19 96 47 50 39 30 52 83 11 2 97 25 47 20 75 55 31 32 93 71 14 58 46 59 45 48 22 89 9 38 66 29 63 11 50 82 55 91 51 75
31 87 98 15 29 21 67 91 2 4 24 24 12 34 56 68 14 40 7 68 54 5 97 48 56 39 75 2 17 63 25 7 39 31 17 6 91 81 47 34 42 33 69 4 36 91 16 29 58 95 52 6 52 29 16 80 58 56 86 76 46 100 22 92
53 22 12 23 97 1 3 43 64 83 3 76 15 98 83 11 69 4 12 64 89 35 68 28 29 73 70 2 12 51 33 85 99 52 63 77 27 37 64 22 42 50 91 30 27 11 81 25 99 64 59 44 70 10 68 97 93 8 72 36 5 80 87 54
96 17 78 13 42 92 34 24 18 34 25 24 2 70 77 64 36 3 99 65 79 17 37 81 10 79 59 96 91 3 87 80 31 17 16 69 16 32 88 76 67 6 84 73 15 71 79 26 1 21 17 83 21 43 75 79 68 38 60 96 56 27 46 53
90 83 97 79 46 67 79 50 92 40 41 54 57 93 68 30 76 90 100 43 10 97 85 35 24 83 23 12 99 10 83 76 56 24 66 3 5 98 62 31 35 78 23 74 74 6 68 61 14 82 49 88 48 71 43 42 32 37 23 46 4 26 23 94
81 80 91 63 51 45 38 82 99 33 51 65 85 96 42 93 32 40 31 54 13 45 39 67 45 99 24 96 34 76 66 69 44 95 27 45 22 48 10 43 52 88 100 24 66 36 91 5 8 9 96 6 39 19 62 54 16 38 15 21 71 76 19 36
31 16 91 93 9 66 95 66 30 97 71 6 37 21 62 57 60 41 88 71 5 12 15 32 95 58 8 42 78 61 63 44 53 97 90 81 79 13 45 16 1 14 55 31 34 33 4 86 98 52 44 1 38 29 3 100 68 31 6 42 99 57 21 84
23 56 53 11 22 19 87 68 97 33 1 43 45 34 45 75 4 34 88 48 52 98 77 74 50 36 38 97 94 38 54 96 19 50 67 78 73 5 90 7 86 47 49 51 38 13 48 48 20 42 3 21 70 63 23 79 20 87 19 11 76 69 65 60
18 7 45 43 48 42 29 64 97 55 94 58 97 10 90 13 56 73 62 60 4 56 37 86 64 98 26 21 99 98 99 41 96 22 87 57 47 88 89 83 60 60 57 29 22 49 82 87 23 91 28 95 42 28 24 75 57 90 91 18 72 29 39 74
30 97 52 68 54 89 25 52 4 65 81 86 61 78 13 62 61 32 90 92 60 84 60 75 79 55 37 26 87 81 78 11 58 66 57 16 65 11 2 36 26 80 3 19 79 60 10 12 42 100 60 6 78 17 64 88 74 48 8 30 13 99 80 81
21 2 9 42 28 68 92 78 16 47 46 8 22 48 78 55 74 34 5 53 36 68 61 1 18 35 13 9 40 11 52 55 92 49 41 9 72 100 38 34 36 46 95 63 20 14 92 18 61 48 53 82 55 72 82 3 55 14 44 3 38 65 7 53
74 51 4 78 75 97 28 5 8 31 90 90 15 50 69 78 7 20 53 32 1 44 68 4 89 86 20 81 57 29 32 72 2 91 47 3 30 37 24 34 26 21 94 21 69 100 69 49 80 35 49 72 95 55 99 87 64 91 50 74 67 91 56 83
82 87 37 34 14 18 23 45 77 71 95 82 25 27 87 65 84 44 36 100 2 94 30 12 49 37 70 38 51 58 14 74 45 93 3 51 85 22 36 6 17 74 6 31 38 84 64 34 84 73 3 6 40 5 53 56 50 67 67 94 9 59 15 42
27 2 61 88 17 18 8 62 65 30 95 51 86 75 79 38 14 12 66 46 7 20 42 34 4 99 25 57 20 6 75 29 91 42 54 51 64 29 66 73 43 35 57 87 88 24 85 47 8 95 24 66 50 19 2 10 12 15 81 35 50 35 53 22
3 8 79 99 36 1 36 37 2 60 41 78 52 39 77 33 92 16 73 76 64 5 20 93 44 68 31 100 78 98 46 50 62 38 59 25 16 60 90 4 58 42 91 60 62 20 56 18 32 47 66 47 63 35 49 2 66 17 62 17 32 34 57 27
61 66 75 44 75 23 74 97 64 94 34 29 22 14 98 68 90 26 75 12 74 17 92 33 76 24 51 13 56 4 35 4 30 1 31 72 67 26 69 88 66 90 62 10 52 58 18 59 28 95 35 98 73 15 51 31 76 83 33 45 42 88 31 81
94 51 54 82 91 25 5 90 13 46 89 22 84 8 40 45 37 100 3 61 52 9 6 47 93 96 65 60 35 86 6 71 81 31 28 45 63 91 46 30 85 84 16 46 3 76 62 28 77 55 90 49 87 34 78 13 91 65 31 70 89 82 28 61
16 59 98 57 51 58 100 45 27 54 73 89 39 53 53 51 39 77 69 43 66 79 95 74 66 62 2 15 45 47 4 84 89 17 96 78 67 36 14 17 17 18 44 23 73 25 28 39 81 21 36 82 29 53 88 85 10 65 10 64 60 11 82 86
57 30 13 61 43 62 76 8 32 66 5 44 70 26 5 23 58 13 74 67 64 13 2 42 51 53 8 44 36 16 55 57 9 58 62 89 92 24 47 22 17 31 87 49 8 77 8 83 58 11 95 93 75 78 52 93 81 73 8 47 95 59 51 65
64 29 14 38 72 93 99 9 43 80 82 57 81 54 74 43 2 80 64 52 15 47 27 59 24 46 45 90 71 27 73 56 77 74 34 81 96 67 7 31 85 51 3 16 99 84 43 72 8 88 41 96 50 71 91 7 4 92 12 88 82 26 2 20
66 63 74 81 25 56 56 27 17 82 90 6 56 49 62 17 29 3 73 38 65 27 83 49 41 70 93 49 63 10 54 28 50 34 77 71 29 29 69 50 10 50 2 32 59 83 87 35 81 32 65 21 61 75 11 10 92 10 95 42 61 24 56 93
45 28 75 1 70 6 47 27 68 3 28 62 32 39 84 96 81 21 81 81 17 59 65 57 43 74 14 65 78 68 40 74 99 89 98 25 18 59 93 66 27 89 75 22 78 25 86 82 11 44 71 51 32 15 2 71 80 63 75 13 57 90 15 39
27 32 55 22 31 47 56 20 55 27 12 70 23 69 72 17 53 54 18 22 52 26 57 74 85 17 90 3 62 94 61 72 12 75 25 33 44 52 88 83 88 75 30 25 2 50 28 39 17 3 52 14 40 65 67 4 80 8 26 53 5 3 1 98
63 36 33 57 77 4 52 2 58 55 78 32 35 34 10 98 85 78 34 79 3 60 19 8 43 80 80 38 14 95 96 56 93 76 2 58 65 88 49 58 97 32 28 33 59 75 19 54 99 41 79 26 39 55 31 79 92 80 67 99 97 64 49 95
46 19 10 29 26 11 86 53 69 70 75 31 20 78 63 9 37 82 60 94 55 82 67 52 74 57 32 34 15 26 37 41 30 28 57 89 95 31 16 94 39 36 8 55 87 3 21 49 74 70 8 84 75 24 64 43 33 99 71 5 6 19 80 69
90 5 73 50 20 26 26 37 1 4 70 99 76 29 14 69 18 73 44 23 39 22 66 81 48 62 75 36 27 30 33 92 64 52 35 24 65 94 49 47 84 12 62 14 52 21 37 74 77 59 47 67 4 1 88 1 65 6 56 10 19 2 96 76
93 74 21 80 11 53 57 67 81 41 11 84 25 32 27 47 55 71 18 36 72 2 27 87 59 58 56 39 68 96 43 24 82 47 95 17 52 7 93 85 18 35 34 18 93 100 28 52 24 18 85 7 32 60 10 99 7 51 96 31 44 96 19 56
2 51 77 27 33 82 77 38 21 13 3 87 34 50 87 29 88 17 63 23 20 22 14 78 15 21 35 54 65 34 79 100 20 33 14 67 50 52 38 33 45 97 81 91 6 57 64 63 15 82 61 52 21 27 51 7 88 8 78 73 69 65 85 33
10 47 42 20 44 83 76 30 81 73 24 59 87 91 92 17 10 1 10 91 33 64 76 15 34 84 28 12 3 31 37 39 3 79 86 62 41 57 31 94 83 38 46 10 67 98 7 67 71 64 99 99 42 45 49 8 25 97 39 57 66 58 12 48
67 22 34 34 47 79 17 39 6 52 12 96 21 19 24 98 31 29 7 28 78 98 76 72 62 58 95 90 8 95 93 70 34 35 57 35 85 36 61 56 2 51 53 61 37 42 28 9 23 93 39 27 55 75 94 3 15 20 33 18 92 41 6 56
68 20 56 61 94 74 89 46 23 34 15 82 87 11 83 8 9 56 55 7 4 75 26 7 54 71 17 82 98 18 12 75 1 39 18 37 28 87 5 23 21 43 10 90 91 57 20 16 55 54 38 36 68 23 25 6 9 67 98 13 54 65 85 66
93 34 92 14 90 24 23 46 12 52 67 50 53 61 83 64 87 91 65 15 9 27 58 32 82 35 89 3 4 41 69 53 8 43 81 4 100 89 24 52 44 74 10 53 57 64 89 64 35 42 67 71 38 83 63 23 4 41 89 40 40 59 20 32
6 42 14 84 89 2 70 19 65 57 18 51 71 84 26 5 58 20 69 60 79 7 52 1 39 15 91 45 39 19 29 84 79 13 75 20 43 38 61 77 56 84 95 24 11 65 93 18 16 73 50 30 8 66 46 33 14 62 11 25 23 72 64 96
20 39 39 15 61 27 69 62 27 13 35 49 10 37 59 47 96 85 83 62 13 49 73 60 95 22 20 89 65 60 34 68 51 3 7 22 92 83 41 56 60 66 23 61 14 82 71 85 60 12 95 27 34 97 32 5 41 2 50 35 58 73 55 13
30 98 70 31 62 39 33 53 61 72 2 60 21 33 82 62 63 10 71 62 59 3 100 100 12 52 55 61 68 56 14 54 79 48 41 25 52 19 6 93 8 27 70 71 9 82 51 61 57 38 23 61 25 50 24 89 32 82 44 91 17 41 44 91
52 17 91 12 58 94 32 90 43 66 51 17 40 1 11 35 99 97 50 15 18 5 29 29 25 49 56 43 75 12 48 73 67 100 85 65 25 94 18 74 72 59 26 14 56 54 38 22 71 51 9 77 39 87 79 87 52 73 49 63 92 8 3 55
46 2 6 83 7 29 17 85 34 80 67 71 83 52 11 1 62 4 15 61 73 5 77 8 63 78 71 94 34 87 28 5 72 28 67 94 18 36 52 73 68 70 69 95 32 33 23 96 20 63 41 74 50 83 35 14 15 27 67 5 19 59 16 8
61 52 68 87 12 67 56 68 12 45 17 54 22 47 33 12 30 6 82 20 56 37 39 75 29 18 64 95 78 21 35 18 97 50 32 13 63 62 68 9 69 53 22 41 95 71 46 96 38 43 59 64 18 31 14 39 55 17 20 88 91 57 24 42
60 72 44 84 25 12 1 85 39 14 17 46 6 64 73 72 62 23 16 32 51 52 95 60 47 29 12 73 54 70 63 25 30 68 7 41 4 99 75 23 58 83 94 24 59 40 99 13 76 34 88 79 49 5 87 76 87 61 46 96 11 18 10 29
87 59 86 51 19 21 85 99 26 85 68 84 6 65 84 34 98 63 31 86 91 18 9 3 93 59 46 40 58 11 91 25 11 2 69 78 38 63 100 33 8 48 43 36 15 24 91 27 3 36 99 99 69 67 79 63 44 33 100 70 3 42 78 61
42 22 99 47 45 96 27 22 34 40 52 15 71 93 61 33 66 47 61 89 59 20 61 94 87 37 78 24 38 31 80 66 92 18 44 76 8 14 51 45 1 60 79 85 40 96 77 99 65 97 16 57 85 92 92 47 4 53 51 61 72 78 48 11
70 56 65 48 43 95 95 86 73 82 3 39 71 45 23 21 75 18 18 30 87 24 84 47 6 73 5 5 59 6 7 81 82 38 78 4 46 69 56 46 43 44 93 96 60 39 97 71 68 13 79 64 21 73 52 97 37 91 89 73 40 56 57 2
34 70 90 82 65 22 6 36 5 91 40 73 24 31 1 34 16 28 100 79 59 48 89 49 73 33 6 44 36 92 37 16 32 29 98 81 28 90 24 76 85 39 93 76 21 25 11 5 59 69 77 52 53 84 94 63 22 1 16 26 49 94 60 7
14 58 57 25 47 99 94 67 42 4 28 47 65 13 12 93 33 85 57 26 8 96 40 12 60 61 41 20 65 98 45 5 50 43 12 39 51 91 13 88 31 5 40 49 15 39 60 81 74 60 17 1 6 19 75 79 59 86 23 57 19 24 57 16
74 98 3 70 14 64 13 27 10 67 18 79 78 34 54 65 51 46 20 10 16 14 86 61 92 51 26 29 94 79 95 95 89 48 85 30 94 68 1 21 34 82 73 24 16 51 67 21 30 35 55 44 87 89 33 28 29 2 11 21 24 92 36 71
