42 11
26 63 36 69 44 16 27 44 16 55 33
16 82 8 85 25 77 25 50 83 21 26
39 51 57 41 59 4 30 89 92 53 60
56 42 56 92 71 61 35 69 65 55 79
51 52 91 75 89 43 71 66 93 79 7
39 30 60 70 79 97 38 20 20 40 89
4 29 87 46 80 41 48 96 52 45 54
41 67 88 92 80 100 58 34 3 31 1
12 64 94 17 14 66 86 59 12 81 82
34 75 33 64 42 3 23 49 94 87 89
42 71 62 28 24 91 79 51 16 89 3
13 71 95 17 91 55 98 19 59 91 17
15 12 4 28 48 96 33 62 26 54 51
37 11 11 88 53 76 94 69 68 67 7
67 48 58 86 35 41 72 17 72 17 15
15 92 5 66 29 78 18 95 20 39 48
15 29 28 33 29 94 39 81 1 78 63
41 70 11 37 73 81 21 20 67 67 57
69 20 33 75 16 21 71 25 90 43 83
45 35 78 50 93 17 16 99 33 9 96
99 45 54 21 85 36 92 94 11 48 43
34 97 26 4 96 40 24 63 38 53 65
94 97 7 57 68 38 90 45 69 4 78
54 9 58 60 69 32 90 35 74 65 86
34 5 22 25 75 24 54 98 35 59 76
93 44 68 63 58 35 26 39 78 20 88
75 67 10 62 43 71 11 16 96 56 20
10 41 22 1 54 41 58 31 3 14 98
57 66 48 96 92 24 66 28 87 20 60
12 39 89 49 18 60 37 99 40 31 39
54 95 16 30 65 6 15 11 95 40 27
9 40 21 87 55 90 57 25 42 83 97
87 67 36 70 84 55 15 11 75 29 16
42 42 52 17 39 53 98 100 40 12 71
1 44 43 6 76 1 24 97 32 79 54
44 77 31 100 40 92 52 92 16 68 65
46 75 90 28 51 47 96 13 54 54 99
21 16 67 80 52 30 51 40 17 77 8
39 98 77 49 81 92 86 44 77 19 11
9 55 61 76 15 13 39 79 36 41 21
61 32 77 99 66 54 47 88 54 14 7
94 29 58 14 6 98 88 100 93 71 44
