21 63
13 27 73 32 64 83 47 46 61 91 77 61 45 15 3 34 74 100 5 46 96 99 40 78 22 15 25 5 3 94 40 36 20 80 70 58 24 69 24 72 51 48 81 55 71 28 1 54 73 94 88 53 26 99 6 62 65 35 76 62 40 17 72
91 33 25 24 49 15 16 20 13 80 39 61 17 58 23 33 34 65 99 32 58 19 42 99 86 35 39 16 59 10 54 41 74 7 57 5 50 28 47 24 29 29 15 61 31 1 72 73 74 83 76 51 81 3 11 71 44 40 57 79 44 28 14
7 67 18 68 35 25 92 94 91 48 2 85 45 73 1 92 31 76 50 44 3 98 77 59 47 33 82 48 54 84 83 20 26 88 72 75 16 26 46 38 72 33 62 19 22 34 37 10 45 43 15 87 34 37 81 24 41 85 50 28 42 32 39
72 90 94 27 93 30 24 67 38 21 90 61 51 18 100 58 34 57 78 14 50 3 45 32 85 42 40 95 46 25 65 67 82 87 40 31 62 15 45 7 94 21 21 44 77 75 65 23 81 38 62 10 4 49 92 86 34 66 69 18 45 37 5
79 75 38 92 93 87 50 31 24 55 24 35 79 51 15 86 97 14 92 7 24 17 66 28 38 40 62 82 54 25 60 100 60 18 97 44 77 31 35 47 21 43 78 43 21 91 48 34 19 73 55 61 95 17 57 62 25 50 12 57 85 55 92
52 70 91 82 65 6 86 82 77 4 1 31 27 55 9 93 3 2 10 95 11 60 61 46 89 59 24 66 47 91 58 11 11 8 19 79 27 24 8 23 56 86 38 63 69 52 11 53 39 34 22 80 47 11 100 1 87 23 67 66 100 5 22
47 51 51 37 38 2 69 78 66 42 90 16 54 59 77 35 18 75 42 52 10 59 27 15 10 58 9 94 94 7 55 64 43 30 79 93 41 2 34 7 75 45 45 74 48 51 81 8 55 27 63 85 17 76 48 45 73 19 18 29 93 94 20
26 27 60 11 80 70 6 6 100 58 94 86 92 57 73 45 23 48 71 68 19 65 97 71 94 42 78 90 81 6 55 77 83 39 75 47 33 40 99 55 24 7 5 26 99 21 23 37 99 97 62 78 64 19 92 84 58 18 95 36 65 43 87
53 100 39 58 88 36 95 65 17 71 30 81 81 34 53 100 80 16 18 14 48 76 73 63 62 98 47 14 81 41 79 94 5 39 99 80 14 81 14 96 81 1 84 44 42 82 55 39 95 50 75 57 43 50 88 88 42 33 94 66 52 49 54
44 77 23 43 34 72 73 43 16 27 63 39 36 41 33 5 81 85 74 16 76 66 66 93 73 16 43 40 72 18 42 72 80 4 68 39 96 91 95 57 56 26 36 85 18 19 33 37 34 83 83 1 75 30 12 78 35 99 41 47 4 22 79
73 79 46 91 12 98 34 76 65 13 39 28 24 74 56 30 25 10 76 6 79 45 23 88 37 57 31 30 25 18 81 37 25 21 20 63 60 91 10 87 41 91 17 8 42 36 71 86 71 24 45 29 72 64 4 39 93 61 77 42 68 94 55
31 68 58 2 21 4 44 31 44 58 94 73 71 73 60 61 79 45 29 57 38 93 94 38 21 33 1 93 6 86 95 39 61 67 74 55 27 77 82 84 11 88 30 70 9 3 53 94 24 14 82 41 77 99 52 36 36 15 38 22 77 70 6
6 99 24 61 68 75 61 15 65 61 3 78 33 10 95 44 77 54 78 37 81 48 96 10 79 94 58 36 1 39 92 31 71 66 72 10 89 17 22 71 43 13 8 20 46 87 97 45 62 44 69 22 84 57 10 88 23 22 50 95 57 37 43
94 19 61 8 18 85 67 74 68 94 27 1 6 44 52 9 24 6 14 19 71 15 64 44 65 63 21 75 14 7 77 61 39 77 56 98 85 84 3 47 8 1 16 88 57 23 71 7 1 41 60 92 50 65 91 85 35 3 38 17 3 90 62
33 94 14 76 72 79 7 96 52 81 89 95 67 29 5 14 55 83 70 95 16 97 47 24 71 48 56 65 92 36 75 53 95 78 74 84 56 40 26 43 17 29 90 96 4 17 99 4 97 95 6 6 87 50 97 78 53 73 74 70 84 90 82
44 100 92 4 24 80 7 8 7 18 12 75 96 98 19 8 33 57 85 36 26 65 21 78 26 99 97 80 70 74 49 58 18 46 60 61 85 71 29 10 76 14 48 88 46 13 33 54 50 79 85 21 29 42 24 6 39 25 30 43 24 72 96
72 23 86 90 8 65 53 18 11 67 48 72 86 14 76 96 21 66 87 15 61 42 79 73 58 45 31 34 34 68 95 53 87 36 16 13 86 11 18 26 84 22 41 71 61 8 53 48 82 54 54 78 31 94 98 90 2 72 65 22 70 19 84
46 20 92 85 43 70 44 89 9 57 19 66 18 80 17 35 64 1 80 34 36 79 35 89 29 61 73 55 98 3 4 85 100 14 23 55 82 81 98 56 22 81 90 11 45 20 40 50 58 97 42 1 99 63 84 6 83 48 31 50 46 64 95
72 15 2 58 40 87 46 20 75 27 100 98 80 96 96 22 22 12 83 64 5 32 44 45 39 15 34 54 76 10 22 9 87 22 72 48 66 30 98 67 64 22 15 99 25 38 65 18 43 11 94 28 84 86 61 62 6 91 52 83 42 81 52
73 72 95 75 77 79 6 77 5 76 72 82 81 15 60 23 96 70 43 23 52 20 67 60 28 29 77 18 49 45 9 6 95 98 4 11 58 1 33 34 84 63 81 84 57 32 71 41 100 57 100 53 76 51 97 89 11 55 46 75 81 23 92
78 92 4 26 14 26 78 41 22 60 9 56 26 2 46 93 31 23 93 77 25 34 56 89 45 25 36 6 27 33 34 51 62 59 60 77 65 85 29 19 4 4 31 6 4 52 67 6 46 64 99 39 71 60 67 7 91 96 88 69 96 91 84
