56 71
14 16 42 22 74 21 33 58 33 68 49 71 10 50 15 54 10 36 25 97 97 93 16 66 84 85 52 10 86 22 81 34 74 83 8 46 27 6 11 60 87 94 6 39 27 72 82 56 55 69 27 33 38 9 57 92 37 2 94 79 36 56 99 70 19 44 40 76 74 67 81
33 36 88 91 87 81 48 82 91 99 97 91 75 37 21 89 34 77 60 72 79 4 89 91 34 43 45 38 7 88 16 34 25 85 28 60 2 100 91 43 35 16 28 22 26 3 97 69 10 69 88 2 23 68 99 31 51 96 85 83 89 12 73 58 59 29 57 85 61 83 19
93 28 3 31 6 15 52 14 55 77 72 37 80 47 16 48 33 49 22 32 37 24 35 75 45 61 53 40 22 24 7 3 92 49 47 65 85 87 39 31 1 95 31 55 87 71 13 44 3 92 54 11 46 33 80 1 15 21 69 7 7 39 55 16 64 15 24 22 9 71 61
48 93 92 53 54 49 3 95 1 19 80 47 45 72 24 16 40 56 72 40 16 61 5 48 16 69 10 40 55 84 54 57 78 21 67 99 39 11 70 69 81 19 16 18 82 25 92 51 27 52 82 27 87 82 11 18 38 27 58 85 43 56 39 36 12 36 22 24 41 66 53
20 23 77 42 35 67 95 87 32 10 24 51 77 30 23 98 36 58 62 83 43 94 63 85 85 18 53 27 70 24 20 85 75 80 32 100 29 71 28 39 16 45 54 55 95 91 49 56 78 69 31 13 55 45 20 1 29 44 26 59 70 41 67 83 63 79 52 3 53 30 43
5 30 5 91 69 44 6 10 33 66 70 16 11 85 95 23 87 36 83 2 94 50 11 77 26 91 96 77 66 14 36 16 25 15 1 20 6 45 37 68 31 57 41 39 46 56 68 88 59 77 70 29 47 26 46 40 69 40 16 39 11 49 82 99 59 78 61 19 82 42 46
38 32 54 43 50 90 12 84 43 85 37 22 55 36 37 87 59 59 62 1 6 24 82 19 64 86 40 22 2 49 2 21 48 46 94 75 35 83 58 96 68 24 67 98 92 47 12 33 53 61 52 61 46 66 60 92 31 7 25 31 47 30 50 8 73 63 28 53 8 68 22
43 55 85 32 34 84 5 7 84 28 63 79 16 91 65 55 76 68 43 32 16 100 83 69 21 43 27 10 70 51 59 52 34 48 32 35 14 44 70 97 28 31 1 18 29 37 21 32 75 59 32 2 50 36 2 99 63 33 40 4 61 11 38 59 100 39 45 85 99 46 37
86 22 98 2 86 12 17 66 11 17 4 98 14 15 99 20 6 71 99 17 79 74 68 94 39 69 68 96 33 28 31 76 31 9 9 44 6 49 57 39 35 95 52 91 25 6 29 5 40 35 81 65 79 6 34 15 17 97 60 72 40 49 76 85 52 2 96 57 75 77 86
49 73 64 65 5 94 60 66 61 49 50 3 9 87 24 85 92 41 37 85 51 2 27 51 41 20 36 39 26 33 35 65 72 85 4 92 30 26 31 50 95 2 29 70 25 32 48 33 59 14 100 64 91 58 1 30 16 100 75 3 23 23 15 52 24 85 60 94 68 96 46
85 85 59 22 68 77 9 2 18 10 97 26 2 9 57 87 15 26 47 15 62 71 33 82 73 21 16 35 50 43 89 82 75 77 35 100 98 84 27 95 16 50 41 84 18 40 18 18 12 50 6 77 45 48 56 15 51 82 72 61 19 37 29 85 56 24 39 67 81 15 66
42 31 83 91 5 11 38 38 65 56 42 81 44 29 84 92 70 41 33 10 35 11 44 47 57 96 9 2 88 15 95 45 7 71 85 14 81 67 45 16 48 78 88 99 92 4 96 17 48 1 32 41 44 49 50 48 38 63 58 13 86 18 34 28 95 41 99 31 28 17 87
29 32 16 81 8 62 44 20 77 27 82 76 2 72 8 93 47 79 58 29 51 81 20 92 17 25 75 74 94 99 77 46 29 92 1 48 54 89 39 12 99 2 40 96 52 64 10 94 29 80 75 19 21 22 3 23 53 62 78 95 38 2 42 54 3 80 97 55 98 65 95
83 41 70 91 66 8 94 62 32 89 49 16 60 83 52 97 93 23 76 51 16 27 71 94 33 52 28 100 100 67 51 99 94 43 81 19 20 45 97 48 5 96 7 75 56 20 7 12 60 80 57 93 25 15 8 60 21 79 81 42 57 3 30 87 30 83 58 76 3 28 2
40 27 90 53 50 43 76 56 79 66 59 68 3 20 43 72 85 80 97 58 15 64 46 14 42 88 78 73 42 27 81 67 54 35 22 63 32 32 49 89 70 71 30 18 15 95 82 19 59 88 25 60 48 98 57 47 70 63 22 39 34 72 47 11 95 53 48 93 48 1 96
33 81 93 5 94 92 83 22 66 27 78 92 61 67 38 88 30 18 94 79 51 30 58 67 14 41 57 66 76 60 96 64 33 84 99 73 60 61 56 11 56 45 69 30 55 29 70 14 62 18 8 25 10 75 72 32 21 93 7 45 55 23 69 59 3 71 44 94 61 20 86
58 98 54 35 82 38 59 44 35 68 86 54 7 34 50 72 95 99 31 86 100 23 29 78 73 50 46 69 35 84 96 49 59 22 8 98 96 24 47 85 9 67 51 100 45 49 61 52 63 81 88 31 48 11 66 10 27 42 97 70 5 61 49 56 33 94 12 39 61 35 15
17 81 43 59 34 68 95 22 76 73 93 38 62 84 31 22 60 65 40 97 59 19 72 3 25 93 38 87 22 77 7 17 36 26 72 39 64 48 54 3 46 45 89 47 55 6 75 85 25 18 3 28 3 34 38 51 74 74 36 100 67 11 18 39 41 38 59 100 81 92 20
82 97 94 88 90 70 23 12 39 5 78 16 27 91 14 26 47 56 69 38 70 9 76 26 68 33 69 3 68 3 53 37 62 4 24 31 90 22 18 53 73 72 95 93 11 96 30 17 48 66 61 52 31 74 24 2 19 53 32 100 52 92 86 83 83 8 32 93 25 12 43
27 1 97 39 8 46 12 26 97 42 30 91 12 98 72 46 91 46 39 59 71 77 4 60 92 48 25 70 38 18 29 32 64 72 90 6 33 14 83 56 72 82 46 91 52 70 68 10 52 28 3 41 67 82 13 78 3 27 3 82 31 41 78 18 18 71 65 17 98 77 11
77 86 54 83 16 63 93 46 57 89 81 27 27 68 86 10 21 37 23 93 98 59 82 86 48 45 76 3 15 97 85 14 24 29 76 45 42 34 30 73 35 83 85 61 24 47 63 74 77 20 36 20 81 10 13 68 72 47 69 24 38 49 97 34 38 7 98 4 11 12 61
43 31 60 20 27 29 71 32 38 73 31 67 9 9 60 18 55 82 78 93 83 7 39 25 93 34 32 70 40 12 41 10 30 74 26 98 47 93 72 61 22 10 87 78 54 90 54 1 68 11 94 27 6 72 42 29 3 66 30 7 96 32 25 58 31 35 29 28 13 65 6
2 30 63 54 70 87 54 59 78 79 67 1 81 87 9 66 85 66 98 71 88 93 13 1 59 62 23 64 52 59 77 62 55 53 17 75 39 78 18 40 81 16 29 17 98 91 14 8 81 33 99 70 95 47 51 28 22 58 58 3 47 84 88 51 100 73 95 70 14 97 65
19 63 22 18 1 18 86 5 98 61 39 13 56 71 18 71 94 71 77 95 62 54 87 51 18 5 84 94 40 21 86 24 54 50 31 97 94 81 44 65 94 45 77 91 64 28 62 21 20 11 25 34 70 11 77 69 97 14 71 86 92 89 87 58 93 23 61 35 47 95 4
28 12 5 59 94 78 42 42 4 17 28 31 17 34 92 30 75 91 23 74 50 18 11 49 49 10 47 17 8 20 28 79 18 31 61 49 17 58 89 59 81 57 96 11 53 38 99 58 56 57 12 48 70 83 78 23 69 43 64 23 99 89 20 81 89 59 50 62 69 13 41
13 71 45 29 33 33 79 70 8 93 17 74 39 75 66 13 95 83 28 68 59 100 39 39 62 78 32 22 39 98 90 75 44 51 76 33 85 83 64 40 33 22 54 51 41 33 23 38 55 47 23 2 88 76 33 53 6 88 47 78 1 55 54 93 60 52 42 55 6 39 45
77 22 2 12 1 7 83 55 44 64 4 50 89 27 67 11 31 73 36 95 35 58 4 75 100 72 35 64 63 25 78 86 80 32 17 100 66 73 42 73 83 18 59 28 71 48 84 62 71 86 5 96 91 6 47 7 69 62 12 53 36 90 47 64 83 58 76 81 68 95 66
37 75 49 3 2 71 75 48 81 38 42 65 67 92 63 93 14 66 12 22 89 72 33 40 30 17 31 11 19 45 48 82 47 72 60 21 11 93 84 55 81 65 9 8 83 37 31 93 34 29 79 62 40 86 9 86 85 78 18 77 39 19 97 30 52 26 25 88 23 89 6
36 44 46 87 19 80 34 100 68 89 20 19 83 39 70 24 23 36 30 24 55 91 25 23 87 43 17 50 1 2 99 23 35 72 11 16 42 58 14 44 21 43 77 59 30 81 36 4 99 71 34 21 17 22 83 28 5 89 97 48 52 5 39 5 1 76 87 3 8 46 19
91 54 70 94 97 70 87 77 30 66 58 16 21 54 73 61 100 75 4 46 35 16 51 9 9 26 9 2 61 74 63 8 59 47 92 5 31 96 72 67 66 83 6 37 36 86 82 7 49 98 50 45 94 2 89 62 11 5 38 79 38 19 30 21 83 21 40 37 66 23 16
99 100 18 38 21 81 90 44 21 37 82 63 36 83 33 94 60 70 43 75 44 86 16 22 50 82 36 91 86 74 24 91 77 35 80 54 61 46 98 20 51 9 38 26 68 24 30 34 84 40 19 9 56 25 61 47 99 65 91 32 80 98 63 98 26 32 85 99 43 85 1
28 61 37 90 31 50 78 68 9 67 19 86 6 67 46 37 37 25 60 31 63 79 84 27 100 80 36 88 64 25 23 12 87 95 73 99 18 56 9 12 12 19 64 35 49 69 11 20 25 62 15 71 96 39 46 61 53 97 77 54 81 93 55 38 70 50 57 69 3 96 84
54 98 34 83 35 23 78 82 47 66 31 29 100 52 88 5 100 10 7 39 18 99 69 83 40 51 68 84 75 83 45 9 41 15 90 3 94 34 51 92 6 80 33 91 82 66 46 49 37 18 100 64 61 9 4 5 38 29 42 68 2 30 38 22 9 75 13 74 59 93 38
80 80 48 18 74 88 51 38 2 55 85 7 6 98 43 14 62 75 32 49 75 41 26 17 32 56 51 10 26 87 60 88 52 74 77 20 4 62 61 50 59 95 48 43 78 58 86 18 94 20 49 43 25 25 69 53 87 99 43 5 84 73 4 85 82 52 71 85 61 25 66
3 85 89 69 74 76 73 60 98 13 28 63 66 24 25 66 14 71 85 45 70 20 54 4 46 20 65 95 47 79 1 46 82 49 24 43 47 84 50 72 69 67 83 54 73 67 22 38 68 99 44 15 60 62 41 56 81 12 25 8 16 8 25 91 73 84 81 91 26 6 37
67 43 71 59 63 31 97 36 12 51 65 100 4 13 21 19 61 8 78 33 30 90 58 38 39 58 37 95 27 87 97 24 39 68 82 18 56 66 15 94 96 95 91 6 93 16 99 48 70 70 8 49 14 12 51 20 70 88 47 95 62 58 2 36 59 89 88 80 100 9 5
65 46 32 74 30 52 70 82 91 75 10 24 20 67 74 67 94 74 10 29 96 1 83 49 48 43 80 17 22 16 12 75 92 59 95 46 71 56 57 43 24 49 74 92 55 61 20 72 88 57 38 100 75 78 87 22 66 20 86 33 16 58 75 80 24 10 78 6 81 66 46
5 93 7 37 74 49 64 6 85 7 34 19 12 63 87 8 57 10 93 83 99 85 41 14 34 52 55 78 96 6 40 85 18 19 77 39 39 23 73 8 41 95 98 65 57 17 84 39 41 37 15 44 89 45 74 93 35 5 91 24 86 12 1 71 12 33 31 20 22 25 7
78 33 67 88 52 91 85 88 53 52 47 44 75 73 6 59 92 100 91 97 74 57 27 93 18 73 1 90 20 69 54 55 24 73 52 84 24 45 2 43 68 16 11 90 82 28 29 62 7 33 85 93 22 89 32 97 88 39 67 13 11 54 38 92 99 25 13 50 89 53 33
57 22 50 78 37 67 65 5 79 19 57 75 16 58 65 34 16 23 34 16 9 29 90 94 62 37 4 59 23 23 81 93 98 33 53 67 47 4 66 12 97 50 54 22 73 76 39 98 82 21 4 72 29 78 97 62 65 91 15 2 22 30 1 27 31 71 15 7 94 60 85
18 96 45 82 58 56 95 69 12 24 88 11 98 37 58 59 41 66 94 51 61 76 18 55 35 80 19 10 65 65 35 7 52 56 29 94 26 66 70 12 55 29 50 77 3 5 38 67 20 56 96 86 68 55 24 90 39 31 40 32 86 57 28 92 98 18 76 94 7 82 59
68 28 81 14 36 30 90 16 15 11 23 63 48 56 81 50 85 22 66 52 95 86 77 41 36 63 13 76 70 25 28 77 33 58 60 68 13 68 87 57 97 85 48 41 91 69 50 2 57 90 60 18 31 88 13 5 67 80 5 100 97 75 72 12 79 30 39 52 83 76 72
62 46 2 73 60 81 58 69 10 62 4 18 18 62 57 97 16 20 36 50 35 40 93 63 48 77 52 53 18 80 91 34 90 98 79 37 99 76 12 89 12 24 51 39 12 62 96 38 70 100 48 1 19 16 92 24 33 68 87 31 70 50 20 4 4 92 28 5 18 50 31
77 38 34 8 15 12 89 54 91 96 47 83 70 71 91 24 60 52 100 59 32 92 30 81 58 66 38 44 71 61 99 18 74 54 94 42 70 10 57 50 89 20 37 6 99 23 53 80 50 83 21 81 72 20 12 95 53 35 78 20 90 20 5 53 34 23 98 46 53 15 99
9 75 35 50 33 90 59 80 61 22 75 46 57 35 2 36 60 88 70 29 35 47 3 71 57 20 9 87 36 75 85 98 34 37 33 37 39 74 79 98 39 12 72 1 14 62 71 66 48 39 97 75 94 85 98 48 90 13 40 65 83 77 25 96 99 11 39 15 93 12 63
24 28 5 87 40 37 56 41 49 70 98 39 36 24 12 81 81 87 64 43 75 19 57 92 51 85 74 7 77 50 22 75 90 87 92 62 60 2 49 42 22 47 98 84 71 14 28 4 30 89 41 45 63 97 13 56 8 18 49 95 12 59 86 96 52 6 13 75 57 39 34
52 5 3 18 88 41 4 30 71 43 79 21 39 79 29 69 39 31 58 72 89 51 91 84 84 50 58 85 65 31 43 34 33 42 73 83 71 43 61 41 35 19 46 26 46 40 50 75 7 40 12 56 75 25 75 51 84 11 50 35 7 53 92 29 95 93 97 59 86 43 46
81 98 79 22 58 26 2 21 81 46 70 89 55 8 37 63 87 57 17 3 3 7 96 23 32 64 5 93 61 83 77 2 31 9 64 10 61 99 57 90 26 23 83 9 76 36 56 34 20 9 66 72 73 4 4 67 82 47 80 46 14 15 87 38 98 69 68 54 26 22 32
100 15 21 53 31 64 10 26 20 75 66 78 58 10 34 57 9 43 35 4 55 88 63 47 17 86 24 35 7 21 45 93 79 11 70 77 87 45 80 91 14 99 98 95 64 85 33 71 92 48 2 85 21 62 77 38 24 60 76 67 65 26 89 74 84 6 85 75 86 54 93
98 64 72 63 8 39 19 5 30 17 83 67 17 59 96 2 76 3 79 100 82 23 98 7 12 95 57 62 14 76 76 29 65 9 2 32 28 3 75 50 25 75 71 2 15 83 95 55 13 57 31 60 54 26 40 13 46 47 42 13 20 76 34 68 46 46 90 88 24 83 93
100 81 47 53 59 74 53 74 79 37 11 33 99 73 86 100 93 90 1 76 30 67 19 100 23 30 63 68 69 80 48 61 55 26 73 39 74 19 2 93 17 7 12 60 79 51 26 70 26 22 76 60 57 52 4 58 36 13 3 90 26 36 73 44 11 60 84 100 32 86 38
56 83 52 69 84 7 90 42 87 92 60 45 64 54 59 44 1 48 23 2 78 59 15 75 85 68 83 97 96 31 35 72 48 16 36 77 41 75 41 71 67 6 22 8 47 94 23 23 68 71 59 53 79 16 63 9 37 19 34 59 56 52 45 29 97 24 95 93 24 23 71
89 68 78 32 88 65 67 66 32 75 78 58 72 1 61 78 76 98 26 86 71 99 96 50 100 73 15 65 60 24 39 9 15 96 87 16 65 71 10 30 3 19 7 28 66 17 10 77 11 82 51 51 24 73 73 100 90 30 29 22 15 58 96 99 74 34 9 69 76 44 48
76 42 39 32 9 100 58 24 32 96 9 16 45 3 23 80 100 43 27 2 41 18 72 12 37 65 43 52 58 17 56 47 88 30 19 23 81 94 17 13 34 48 45 15 48 80 84 62 42 74 9 38 71 84 40 92 74 61 61 25 16 39 76 61 66 54 56 50 60 94 48
6 93 93 68 38 83 86 24 78 38 7 22 41 28 90 66 53 47 10 6 66 19 19 3 25 98 7 25 48 61 39 70 12 39 35 69 43 39 41 36 71 51 43 68 11 100 31 13 61 81 31 74 48 70 57 25 22 91 28 10 53 77 51 24 21 89 45 17 81 77 26
11 99 66 86 19 85 42 64 37 2 18 20 72 43 19 76 99 18 6 91 76 97 96 19 84 43 47 40 55 44 91 9 97 69 87 15 29 93 48 68 94 70 86 46 16 20 44 24 4 60 59 44 97 11 14 14 84 32 69 44 7 80 49 86 7 69 6 51 28 1 80
