72 77
65 35 86 51 26 46 97 70 76 36 29 54 32 18 92 40 13 11 97 39 82 86 10 11 96 57 77 9 84 1 46 46 100 45 24 91 40 96 77 19 43 1 99 23 33 85 1 7 51 67 5 46 57 86 39 52 72 69 21 42 28 75 24 38 99 10 28 79 71 100 8 15 72 62 60 51 90
33 30 7 34 46 2 82 10 6 85 52 78 85 25 46 48 82 91 38 43 12 8 41 72 28 36 8 45 39 4 58 30 34 51 10 29 70 12 87 5 45 6 65 98 86 43 14 67 11 41 46 52 77 42 3 18 12 26 32 12 69 87 67 7 88 84 13 45 6 99 8 29 99 36 40 54 59
97 67 98 77 19 50 57 13 72 29 42 78 23 9 33 63 29 7 30 28 34 63 65 63 19 95 27 92 32 73 75 40 9 36 48 89 21 90 58 34 40 89 100 80 54 79 9 46 18 43 65 41 19 94 46 99 64 30 2 77 95 16 68 42 65 88 78 53 92 61 69 2 52 18 7 70 30
40 80 85 6 4 72 15 8 60 83 13 90 38 11 32 76 9 74 56 52 22 8 67 90 8 3 24 50 55 67 22 77 38 29 60 46 97 30 63 86 66 81 17 85 10 73 36 42 39 16 50 85 11 81 95 57 67 55 53 37 45 77 10 2 7 45 63 88 29 12 60 83 8 20 36 74 40
61 54 43 19 48 72 82 63 65 55 83 22 55 48 17 68 21 69 28 1 23 63 81 7 49 42 17 98 51 37 7 26 7 20 42 13 74 15 94 90 85 69 74 49 75 85 26 72 43 92 97 93 100 75 74 44 58 42 82 4 67 1 70 37 66 25 87 5 100 14 33 3 57 81 20 71 96
49 100 76 9 38 96 78 87 59 81 92 87 19 28 41 67 50 49 77 82 26 42 98 39 86 47 24 53 97 23 70 38 70 39 69 46 23 61 70 37 84 16 67 67 93 14 18 60 22 26 18 61 2 83 82 49 54 48 71 67 19 6 44 96 91 11 80 68 27 12 67 74 33 89 61 59 49
52 95 93 64 19 72 28 97 6 99 90 26 48 1 58 78 1 78 70 97 80 67 79 59 85 90 97 66 46 29 10 61 2 48 23 69 42 86 70 51 19 14 66 14 92 42 100 31 60 12 6 86 78 62 45 22 65 11 14 88 98 68 29 36 40 45 78 40 42 41 25 97 14 43 20 83 22
90 29 65 51 1 49 69 70 3 51 77 82 90 70 81 17 42 11 75 90 1 61 25 99 61 61 62 68 86 4 4 11 44 38 92 54 94 26 98 14 92 76 18 85 39 89 76 14 87 45 72 24 58 49 85 56 98 67 71 67 66 75 25 36 73 11 24 69 88 67 74 7 71 85 99 74 89
99 42 95 39 42 82 66 70 61 23 27 48 91 6 84 60 33 11 35 85 19 30 8 1 76 40 78 50 9 36 30 61 34 33 99 74 39 94 20 18 90 91 55 38 36 13 76 97 17 65 82 56 63 41 67 1 98 84 81 78 26 36 43 91 5 76 98 35 96 82 6 97 31 81 13 1 31
100 77 23 40 75 11 62 63 86 26 50 89 75 14 70 12 70 63 39 62 12 29 35 60 56 29 61 61 34 43 5 59 69 73 38 57 70 28 55 97 19 10 55 72 88 96 16 64 41 81 17 97 59 94 26 76 20 3 76 59 65 18 58 33 50 67 68 29 89 36 18 36 22 61 15 84 15
50 70 70 74 72 52 8 15 62 28 39 68 65 35 78 38 10 32 84 34 6 51 23 52 98 40 74 7 73 79 96 89 34 93 41 59 62 66 100 88 65 28 6 26 64 82 50 94 91 38 69 42 92 48 84 56 20 45 60 80 52 83 61 56 99 81 14 12 58 61 20 29 40 56 56 50 31
45 6 16 98 94 72 21 40 7 28 44 65 29 69 7 20 18 31 43 33 2 48 79 16 93 53 38 81 38 94 50 13 8 59 1 33 14 96 47 78 28 78 36 97 87 34 20 83 94 5 47 88 55 28 34 40 76 30 55 22 43 12 72 40 6 56 23 30 55 70 25 86 31 98 28 80 57
78 73 63 73 19 18 80 82 61 44 18 37 49 37 57 39 61 87 59 28 58 68 23 73 81 17 28 55 62 33 10 73 46 52 95 36 18 15 93 57 80 6 86 27 86 47 84 29 86 28 61 86 60 36 46 27 74 22 12 29 47 70 83 44 77 36 99 87 86 7 43 93 41 42 28 47 26
29 62 59 82 54 24 72 3 65 30 51 48 25 98 97 8 40 60 46 64 2 7 82 50 40 79 6 87 42 80 57 25 39 18 71 41 53 75 70 99 45 71 7 96 44 30 27 3 17 31 90 95 85 71 61 43 76 11 11 59 18 90 29 78 42 46 14 45 78 54 79 67 7 32 36 65 22
97 3 68 59 89 98 41 81 55 51 36 19 52 98 16 45 59 94 58 17 1 8 64 71 17 25 36 28 43 74 32 67 5 96 76 34 59 84 7 50 75 69 14 83 83 25 75 27 65 2 76 21 43 36 58 75 36 78 37 63 63 32 57 80 43 36 79 52 95 73 12 81 27 83 29 98 10
53 15 28 73 19 53 21 92 28 48 55 68 35 83 44 20 56 95 88 52 97 64 3 23 57 41 53 91 81 44 100 47 46 65 77 28 34 81 93 4 6 10 41 15 75 53 15 6 28 59 83 46 80 28 23 93 100 97 79 28 35 27 7 64 3 53 93 24 91 27 97 99 71 11 92 62 68
72 33 77 33 16 18 99 1 42 90 27 97 9 61 80 72 92 13 71 30 22 60 7 14 31 2 29 55 8 92 46 64 3 97 58 59 59 72 94 99 51 62 12 54 96 1 8 41 84 58 7 65 44 55 100 54 42 87 15 62 16 22 49 8 83 88 3 66 71 53 30 99 6 42 95 73 3
59 89 42 66 60 43 85 85 17 78 76 84 9 3 64 40 57 5 56 92 60 33 81 61 98 25 78 68 43 62 63 30 57 9 27 68 81 85 38 26 46 99 4 84 6 14 72 11 33 28 24 81 51 37 69 93 38 10 66 69 92 96 68 68 81 78 36 94 96 100 72 14 38 2 42 15 24
61 31 14 51 16 76 43 5 33 31 22 65 97 79 16 57 45 3 34 75 83 96 93 90 24 6 47 82 7 86 85 59 90 57 29 34 16 99 45 48 39 4 93 67 50 91 58 87 21 86 99 13 95 53 53 26 25 98 17 65 54 47 80 77 51 70 87 70 55 98 28 82 37 63 9 93 81
88 50 8 36 3 60 29 100 5 65 80 3 70 73 32 95 27 27 96 86 58 16 43 11 33 39 55 13 83 99 86 82 16 53 58 38 79 5 22 33 37 33 4 91 87 87 90 30 44 56 76 9 12 98 30 79 84 35 57 46 47 46 87 33 69 70 21 36 6 77 81 14 57 99 31 51 45
54 75 11 39 8 55 27 29 6 3 99 47 12 62 51 36 59 58 22 64 46 24 72 47 80 61 7 20 12 36 80 47 30 51 71 4 98 83 52 73 3 60 63 41 37 49 74 38 37 66 26 36 64 3 87 4 71 6 28 7 31 39 42 31 93 11 92 50 79 55 56 12 79 99 11 40 91
79 26 41 1 28 99 43 17 78 26 11 34 28 9 83 18 41 66 71 9 42 71 79 46 76 47 50 42 75 31 98 89 91 19 73 35 66 82 23 69 78 23 41 44 32 98 30 45 85 42 12 70 92 57 5 4 65 97 94 65 72 95 28 92 33 29 61 6 91 28 9 95 6 88 38 30 13
55 52 57 59 64 34 61 70 76 37 60 82 78 90 40 71 92 61 63 65 64 7 79 75 7 45 72 50 55 14 15 100 93 43 42 96 59 20 53 15 6 99 67 3 26 84 82 79 88 15 11 96 100 77 69 91 73 3 23 71 62 48 44 47 38 46 91 43 14 60 47 59 9 34 81 13 45
93 99 65 36 92 15 41 41 75 89 98 92 2 9 12 80 30 53 4 100 56 73 88 87 8 95 63 59 76 33 7 3 68 25 23 5 49 96 97 96 47 70 24 82 84 66 89 72 10 69 51 37 58 95 32 33 57 8 18 15 39 64 62 68 71 14 83 73 98 82 2 99 68 37 53 42 75
69 34 76 49 76 22 91 88 74 22 40 39 59 4 85 96 85 28 5 56 78 29 10 67 76 42 23 21 38 34 20 56 66 24 23 75 84 23 48 69 97 14 92 18 71 1 88 71 85 71 12 56 54 43 26 40 55 81 69 55 76 78 12 95 50 10 77 83 22 13 50 11 61 44 9 98 97
18 66 8 55 3 55 35 37 67 87 52 34 25 39 58 84 54 66 79 85 25 34 11 49 17 84 76 38 93 43 50 77 55 38 34 100 6 96 97 45 40 4 60 70 28 67 22 13 93 42 14 10 12 26 93 74 86 17 13 71 52 74 51 42 6 40 35 60 82 97 46 19 95 5 72 30 22
84 6 40 91 84 26 70 91 45 38 40 100 39 26 45 58 54 13 16 33 25 81 18 74 53 57 25 23 98 84 19 13 57 76 100 68 20 28 84 62 88 22 37 68 13 35 19 25 63 16 12 51 91 25 30 71 23 44 87 16 11 12 49 55 16 62 50 9 58 20 13 2 45 24 85 25 59
16 94 79 13 79 66 44 23 46 62 4 33 85 85 22 16 55 39 15 56 1 41 57 54 53 93 34 41 62 94 35 73 64 41 92 53 24 5 85 21 38 83 53 42 100 89 54 5 71 50 70 73 69 79 21 49 69 95 58 37 22 29 58 39 92 77 79 57 9 50 13 30 51 8 7 38 79
30 51 82 66 85 7 95 37 25 31 65 90 71 19 51 25 48 15 53 4 90 100 71 27 41 24 48 87 19 32 13 9 58 14 3 1 17 90 14 23 37 53 40 97 42 40 9 99 31 53 60 52 7 27 37 10 44 47 21 100 44 43 19 85 17 74 72 23 29 67 22 5 91 43 60 54 8
89 29 72 86 16 22 12 64 45 97 58 50 69 7 98 84 61 44 72 41 19 74 70 78 59 11 4 22 51 95 45 69 79 1 75 4 9 48 75 7 12 90 6 73 38 88 11 47 24 76 70 19 37 43 24 27 65 37 8 23 27 27 10 71 69 40 78 41 99 67 90 49 39 23 31 18 67
18 18 80 75 64 15 70 41 96 94 81 34 57 9 46 79 94 36 1 91 65 19 6 47 85 25 53 39 2 41 80 27 75 54 39 42 26 46 27 6 70 8 52 52 89 66 62 41 75 4 17 30 62 71 67 7 60 64 80 78 62 16 12 18 14 72 54 94 11 9 25 36 7 10 91 57 22
81 71 47 2 78 51 9 10 81 15 65 30 15 73 63 75 72 89 5 43 48 95 78 4 14 14 28 77 36 59 29 9 52 94 20 23 6 44 64 93 95 67 100 85 37 42 11 41 29 80 7 82 73 6 86 15 10 38 9 23 1 87 22 32 84 11 17 66 27 80 11 55 31 26 85 64 44
75 21 96 74 8 12 35 97 40 23 26 85 34 99 73 14 52 42 45 84 25 85 11 63 78 11 44 11 25 87 50 98 2 33 72 68 90 64 22 18 52 4 16 26 26 82 6 35 33 37 94 98 61 68 18 92 67 99 72 89 15 38 13 88 88 67 1 71 98 40 11 21 79 89 60 59 29
67 16 40 87 97 29 36 6 38 95 75 18 60 16 93 77 63 72 86 44 56 47 51 27 39 86 14 93 51 72 46 52 61 10 29 10 60 65 84 1 96 70 28 40 20 50 89 11 13 27 47 19 75 43 40 98 29 47 57 73 5 59 84 22 97 80 85 37 41 46 60 46 1 15 55 53 85
83 40 76 68 58 52 4 44 47 77 22 67 11 26 8 79 61 41 96 70 98 50 13 1 84 20 28 77 23 11 12 39 92 49 57 40 97 34 61 96 24 71 68 72 72 56 93 13 54 57 86 36 56 46 89 43 91 26 95 9 28 38 18 76 47 57 25 98 93 75 98 42 99 98 27 61 80
64 97 24 42 3 27 79 91 18 58 51 75 73 52 76 88 98 42 70 54 72 45 41 40 11 24 38 31 6 16 76 61 22 32 75 29 92 43 80 21 29 51 85 80 24 27 50 37 72 32 41 51 74 40 61 15 4 95 49 79 79 75 55 29 22 45 39 55 36 87 78 83 65 41 86 46 16
71 36 65 27 78 47 8 10 55 15 46 61 2 54 33 36 35 98 74 76 96 35 20 55 67 77 30 28 75 69 45 89 61 29 34 21 70 66 60 33 25 86 10 13 14 41 16 3 16 99 42 79 83 27 60 65 46 74 28 75 42 31 85 82 65 53 66 92 12 17 74 32 79 82 65 45 70
15 83 38 31 80 56 53 43 87 44 26 81 92 27 18 70 78 3 9 38 97 24 69 13 29 52 29 1 80 17 25 55 51 88 38 16 24 55 64 58 72 2 29 52 19 57 85 26 29 69 84 28 40 24 64 25 45 25 88 30 11 56 76 88 9 50 34 99 12 65 5 80 9 67 3 26 4
100 60 23 13 84 56 8 26 62 81 35 85 93 39 67 3 88 44 2 89 89 32 94 83 21 19 5 10 4 16 99 90 86 78 40 72 53 81 74 91 85 4 75 45 16 48 99 17 68 87 33 40 21 34 12 69 11 4 100 96 7 68 56 45 93 28 38 25 39 83 77 68 88 72 87 6 26
89 43 68 96 90 24 21 30 85 83 70 39 74 73 30 42 67 5 6 16 54 80 68 77 90 98 84 48 14 44 51 52 100 67 4 60 89 96 33 64 97 63 43 57 2 41 56 100 52 45 96 31 84 39 77 97 29 68 96 58 42 5 17 52 89 66 98 59 72 72 91 40 50 66 39 98 8
28 31 8 36 1 39 30 66 95 9 98 1 80 51 26 56 60 11 87 74 24 88 11 47 21 55 68 64 93 75 44 68 29 86 60 35 84 19 21 67 99 60 76 78 50 61 44 40 45 25 13 69 18 5 15 9 14 29 61 58 75 21 28 14 17 33 47 33 67 13 60 13 12 72 90 32 17
66 85 1 33 55 59 60 16 6 52 7 68 62 100 57 61 19 99 57 3 28 57 50 46 96 87 74 37 35 38 39 77 67 3 65 8 18 43 37 73 81 52 41 35 81 91 25 62 33 19 2 8 40 82 77 4 1 90 79 15 80 11 42 19 59 3 42 25 33 23 25 70 9 60 99 46 26
12 22 76 21 65 37 23 12 74 44 85 58 6 43 61 88 69 94 55 34 74 97 49 4 85 19 46 2 72 89 1 78 5 52 27 73 2 70 50 37 89 45 90 58 85 100 32 77 1 80 52 77 15 50 15 76 51 53 30 65 65 70 14 100 76 82 96 5 5 97 62 81 80 81 43 18 32
36 91 85 65 85 71 35 45 4 4 39 72 61 42 29 97 23 66 32 32 22 87 91 65 29 41 27 29 56 91 88 64 60 43 56 82 4 28 80 98 16 31 32 32 48 57 58 77 16 16 90 77 46 63 41 92 35 43 96 21 9 75 75 43 96 68 13 8 64 30 52 57 67 25 32 14 22
43 5 98 1 29 39 83 35 9 55 9 71 31 94 8 17 91 15 23 60 49 24 96 96 73 48 18 51 86 33 68 95 94 57 63 86 44 18 17 4 68 91 88 9 74 68 3 93 90 41 30 16 79 69 64 1 50 60 96 84 85 38 9 47 55 90 27 94 75 80 17 7 9 11 85 77 51
42 88 19 84 43 14 83 93 73 66 51 5 42 89 40 39 28 85 61 69 13 96 75 42 88 50 66 87 62 36 86 47 89 41 47 42 80 34 2 64 39 48 86 73 44 40 73 35 30 72 94 29 61 89 59 7 50 49 38 87 93 61 6 54 24 77 67 88 97 2 97 39 79 64 81 15 41
10 61 2 48 51 34 58 62 42 31 35 86 12 55 13 10 96 87 3 7 3 69 5 8 46 16 43 21 93 54 50 74 41 66 11 98 64 9 34 9 71 63 73 61 4 13 28 51 57 38 35 42 33 51 34 48 6 55 4 2 83 83 19 73 26 37 39 41 88 15 57 20 12 82 34 86 89
48 53 12 44 15 97 46 6 75 2 54 74 33 57 2 13 93 54 36 5 9 69 16 99 51 21 46 77 66 77 46 28 31 31 52 42 33 78 15 66 10 34 85 90 24 15 15 29 36 46 19 2 40 26 7 70 55 75 24 34 77 64 7 83 35 31 23 77 90 5 87 85 59 73 33 42 82
61 47 74 7 39 36 90 4 10 75 39 65 94 96 95 36 35 15 48 40 12 9 30 4 83 80 35 100 88 46 70 52 88 45 92 68 7 69 55 30 60 27 48 90 7 25 88 79 35 90 81 26 91 19 34 80 51 21 88 7 75 41 26 33 59 74 91 85 75 26 67 98 89 79 99 9 5
71 93 97 84 98 8 77 8 92 95 10 30 87 48 61 13 89 47 43 51 68 11 59 66 73 12 12 84 64 30 72 30 23 3 68 73 53 19 44 26 24 43 5 44 28 19 14 79 26 83 84 75 81 29 30 17 76 92 91 74 21 76 29 54 64 60 54 39 42 4 21 65 80 53 31 88 74
33 18 4 17 3 13 52 9 47 38 67 27 90 45 94 2 37 69 38 38 90 40 21 2 50 66 75 46 16 70 71 1 27 28 77 53 56 42 46 23 70 62 38 8 6 32 53 40 80 84 30 18 67 62 36 44 45 76 53 9 38 95 72 28 31 6 9 54 72 99 24 75 3 84 42 37 51
1 35 73 39 2 41 71 13 43 39 92 9 83 30 10 78 94 76 51 78 14 73 69 1 100 95 29 80 86 88 57 95 52 63 24 77 19 68 93 66 93 27 15 94 22 88 59 4 79 46 14 1 85 29 5 70 16 10 94 71 25 4 37 45 4 2 58 26 70 66 41 48 6 4 27 84 34
35 55 72 45 15 6 26 87 60 70 27 68 94 21 74 56 9 44 33 67 23 49 14 60 84 98 30 67 13 87 95 28 36 31 18 46 27 21 51 59 43 93 63 32 10 6 91 41 80 38 35 31 7 88 2 61 25 80 28 44 7 96 43 14 47 42 94 80 97 42 71 11 9 37 24 4 31
62 85 42 20 39 12 77 37 71 52 17 50 60 10 25 77 36 8 8 15 8 32 72 81 18 10 85 83 90 1 32 37 71 19 29 18 100 70 69 10 11 89 76 11 8 28 86 24 2 39 96 8 9 85 97 45 87 95 66 44 68 2 51 47 4 91 68 58 96 34 63 26 63 5 85 83 23
78 54 55 62 46 64 24 54 15 85 90 24 84 70 97 84 51 83 22 66 64 99 47 35 44 94 24 28 25 66 35 94 44 78 83 1 42 6 77 82 71 18 99 54 100 85 37 77 52 2 61 47 62 100 46 18 57 23 56 48 3 41 54 11 22 94 32 10 36 80 79 21 18 66 21 76 99
2 17 16 62 37 9 46 81 81 78 8 75 62 11 17 97 34 57 89 24 86 61 29 70 50 63 68 98 15 51 2 69 83 13 95 15 99 81 76 45 28 87 93 52 75 85 35 93 43 47 36 11 98 6 43 22 86 16 74 9 73 55 24 98 22 24 72 32 94 98 23 78 23 75 94 58 14
81 80 45 99 21 93 61 89 80 11 63 91 55 91 25 38 42 75 39 88 43 35 82 4 59 90 4 23 36 90 11 51 80 10 72 37 98 91 99 72 99 73 32 36 52 96 40 21 59 38 42 84 49 62 47 38 69 22 80 51 18 57 10 41 66 96 58 62 55 58 2 15 55 14 35 66 66
28 29 57 62 70 24 84 51 95 29 56 72 41 56 5 30 64 71 97 30 51 18 82 60 19 24 38 78 64 11 93 18 19 48 35 81 5 70 30 8 38 38 70 19 50 57 79 35 42 25 83 40 66 38 9 36 21 75 81 75 30 60 1 51 33 69 27 85 93 26 35 77 89 44 16 71 61
100 78 23 83 54 15 69 77 29 23 68 12 74 35 92 29 86 9 66 27 15 60 21 94 9 15 66 6 89 77 95 67 35 70 39 43 21 97 33 68 7 75 91 65 92 82 17 59 21 7 55 16 56 48 71 42 64 22 10 81 71 26 64 3 16 63 21 3 2 52 19 64 52 86 6 15 83
52 12 63 1 17 97 85 12 25 27 55 2 12 69 24 33 23 93 81 22 69 61 6 93 57 24 4 73 80 33 58 50 98 42 94 90 72 32 37 85 76 90 61 2 76 25 17 35 80 71 98 36 31 11 93 3 8 15 69 16 49 47 86 9 92 85 14 53 99 57 8 56 41 100 94 74 43
83 63 53 61 62 53 40 70 78 95 90 21 73 54 54 25 84 52 60 25 25 69 52 72 28 98 29 80 4 8 93 78 10 63 43 85 33 30 77 70 30 40 95 32 14 31 99 71 5 3 19 11 18 11 16 57 52 32 16 37 55 62 35 82 24 12 81 26 97 89 95 87 88 84 74 96 61
16 24 60 26 48 50 12 27 6 10 100 66 29 18 79 16 97 72 26 37 98 87 70 5 35 38 49 100 80 36 23 14 6 35 64 86 26 1 81 24 100 88 7 62 37 77 23 24 96 76 85 54 41 33 66 14 83 14 51 69 39 63 39 47 40 70 91 18 33 100 54 54 13 48 63 22 33
27 9 55 55 87 2 99 54 8 9 23 62 31 90 24 69 29 61 5 2 67 53 41 29 60 90 73 11 12 15 53 56 74 61 24 46 41 58 23 76 78 17 41 11 33 38 84 71 52 56 11 89 64 34 36 71 39 99 36 40 6 85 21 38 16 59 23 58 6 37 35 11 96 28 79 78 92
31 58 8 66 14 23 75 28 17 7 42 83 11 48 24 17 63 79 40 60 30 85 50 86 91 30 88 63 31 26 95 12 45 45 40 90 73 13 79 27 59 77 18 46 43 48 61 1 10 38 85 97 96 82 34 82 43 65 34 61 70 78 35 34 91 38 20 19 62 22 98 28 16 66 72 6 99
53 33 77 54 3 21 1 91 25 27 92 23 87 33 56 41 34 81 24 19 17 26 71 29 65 42 97 16 16 39 49 66 50 63 35 95 33 29 95 40 3 28 14 89 65 2 94 28 7 97 56 43 53 5 77 74 4 30 65 58 56 47 17 58 36 88 58 36 77 48 83 86 44 45 46 42 95
16 5 66 44 92 60 20 10 26 81 17 64 27 96 76 13 53 61 33 51 19 30 15 78 46 21 27 47 35 86 86 92 79 36 44 6 85 6 6 74 87 79 29 55 76 87 40 65 44 52 76 2 48 35 42 1 87 9 13 88 25 60 56 32 92 79 38 20 72 92 96 22 15 15 7 21 97
64 91 48 96 76 23 10 47 22 62 2 28 67 13 84 63 98 66 17 13 78 44 95 30 84 52 89 67 81 95 82 58 88 37 91 53 100 94 66 29 37 23 92 88 63 15 59 2 59 90 100 1 25 10 11 78 45 8 65 57 54 25 97 36 19 94 46 84 8 33 71 21 61 76 44 47 46
31 76 9 2 77 32 37 28 71 51 16 71 33 34 99 56 85 34 18 50 77 88 88 64 99 96 59 7 11 17 50 46 89 72 28 85 79 79 99 11 49 44 52 58 35 1 65 28 47 2 40 35 39 17 22 84 9 58 28 85 18 64 64 80 36 26 16 99 83 73 94 78 18 57 11 66 89
98 22 27 34 17 79 67 36 59 73 64 63 45 19 72 58 92 22 45 77 91 39 32 15 67 91 85 7 67 88 55 41 44 98 87 59 66 26 67 60 91 57 85 49 52 72 13 27 70 50 51 64 94 12 72 33 1 84 68 27 89 32 17 73 52 53 98 22 50 81 22 75 88 18 73 7 79
4 15 28 86 38 28 41 68 56 39 70 78 99 48 16 12 62 44 70 89 3 26 39 68 25 51 44 44 61 5 32 7 42 49 63 87 66 50 68 21 41 22 58 86 88 59 24 67 46 24 88 16 97 93 81 69 81 76 5 11 17 42 37 84 94 57 6 45 80 11 60 68 46 3 69 43 29
50 60 91 96 13 19 16 43 30 41 36 85 12 60 2 82 90 22 69 77 78 34 57 18 86 18 30 95 67 7 87 68 22 52 64 37 68 90 30 75 84 96 62 18 43 18 49 13 75 75 27 86 48 91 7 47 99 62 38 61 63 15 78 5 89 44 69 68 39 66 54 27 57 76 47 38 84
91 11 25 35 68 98 29 3 97 39 96 21 32 97 23 73 74 41 6 17 4 35 37 47 16 79 90 28 29 66 16 85 58 69 98 60 92 61 58 79 35 19 56 42 24 14 5 79 100 15 97 17 83 93 37 77 42 49 85 93 97 63 33 25 73 30 73 53 29 68 70 44 95 42 43 97 50
