39 85
36 48 5 4 8 32 56 18 17 42 70 42 55 59 22 69 34 1 64 30 66 42 70 86 44 49 95 75 33 7 26 13 65 13 100 25 54 19 29 66 91 24 80 77 47 22 40 6 30 57 17 16 53 15 96 51 85 19 88 88 6 10 34 24 41 77 90 54 100 44 73 51 40 38 13 35 47 87 72 25 100 42 70 46 4
15 85 50 1 28 17 35 84 78 27 78 79 82 74 47 49 60 17 13 89 4 12 50 13 12 61 20 99 10 24 28 85 97 30 74 46 53 75 57 4 86 98 28 10 89 29 33 33 59 77 29 79 22 91 36 64 94 44 6 69 95 62 47 97 23 42 75 14 90 33 73 100 84 94 89 52 78 39 55 84 37 28 98 33 84
74 16 52 64 48 96 33 89 1 2 73 87 26 70 23 22 99 79 45 22 89 69 100 49 27 97 34 90 3 48 22 97 90 27 97 60 58 61 63 70 72 1 7 22 74 34 100 19 59 16 72 89 8 73 34 90 57 27 47 85 89 4 68 27 43 48 83 88 45 5 11 1 41 33 33 32 37 71 92 35 35 3 48 40 41
99 50 40 35 54 19 95 67 48 6 20 76 3 94 22 78 56 49 29 16 29 9 20 60 13 25 15 59 4 72 37 64 41 24 92 6 97 10 24 76 31 56 45 9 96 42 8 77 7 93 27 82 65 33 96 6 89 10 87 36 96 78 42 45 23 16 94 57 25 48 52 9 58 18 94 36 76 80 94 57 9 11 83 27 98
28 38 32 54 39 30 45 98 93 25 75 60 35 10 82 80 93 23 18 67 76 70 86 34 50 66 19 43 88 41 50 58 90 95 53 25 52 18 8 74 48 52 70 28 3 60 13 52 70 88 46 21 94 6 2 10 33 78 26 84 54 28 20 60 7 83 6 45 73 33 50 4 73 31 3 35 29 15 95 9 69 32 58 13 56
83 98 85 74 88 95 36 22 94 84 57 39 26 86 90 42 88 73 41 59 72 6 50 2 37 8 26 48 48 13 61 90 99 94 18 15 22 69 63 93 41 95 19 38 11 78 92 80 7 85 16 2 85 30 100 24 100 75 95 93 89 24 52 8 10 87 17 2 12 81 94 41 90 45 57 96 3 62 48 57 74 69 78 26 56
88 77 17 73 93 52 94 22 62 91 74 58 13 31 5 60 54 48 64 17 1 28 97 63 33 17 58 20 82 78 56 67 15 98 15 4 65 73 69 78 92 20 97 2 15 87 34 69 70 9 36 82 71 34 61 25 52 16 51 67 88 52 14 75 4 78 4 100 4 19 72 24 98 2 35 57 10 25 96 10 98 53 19 100 36
89 8 25 66 91 89 89 22 12 57 71 38 25 51 18 29 58 54 33 91 1 66 88 89 98 27 28 68 21 20 72 20 17 54 73 48 20 2 11 64 15 37 17 26 8 71 35 97 36 63 13 3 38 76 15 85 1 98 3 32 13 95 86 50 21 16 7 93 39 8 49 68 28 11 43 32 57 62 49 44 79 83 76 63 32
43 13 69 6 47 51 69 55 15 82 99 49 8 76 22 78 2 98 23 99 29 18 43 35 39 76 41 58 62 34 83 59 85 40 90 33 41 23 76 41 6 52 42 93 80 96 79 31 63 16 100 53 77 46 71 27 30 54 5 54 80 6 70 96 76 42 100 15 16 77 81 86 3 79 100 58 74 19 31 53 21 5 68 57 37
35 90 15 47 73 23 93 49 45 21 41 99 52 94 23 36 71 63 39 58 61 29 58 40 33 71 25 55 26 14 59 95 93 89 10 18 75 24 14 81 75 56 61 26 22 73 46 2 66 94 38 8 84 64 88 53 97 14 58 89 91 24 20 62 3 55 17 19 90 11 98 20 24 86 77 5 92 80 14 76 61 7 22 35 89
10 85 56 72 1 24 99 63 26 43 53 46 30 2 75 35 29 7 42 20 47 11 72 18 64 38 23 26 54 52 40 68 14 99 59 59 27 23 77 64 25 8 82 42 78 95 60 77 93 12 24 98 64 78 7 11 16 3 40 63 78 22 71 64 65 93 5 23 17 52 63 96 65 75 28 83 56 84 63 74 64 97 36 59 21
51 42 72 1 43 85 82 16 19 93 15 90 4 98 3 78 98 45 84 97 85 67 93 12 52 93 32 74 91 88 11 25 68 57 85 23 69 87 25 92 23 52 67 94 19 78 6 83 14 95 40 46 17 75 67 81 15 100 16 26 1 50 94 73 64 16 86 93 69 39 9 57 79 78 29 52 30 17 75 24 79 33 28 11 36
28 6 60 9 22 38 37 43 28 56 20 60 96 67 63 76 32 81 15 58 13 57 81 13 51 27 84 1 96 63 65 13 34 78 68 7 13 2 26 82 88 45 79 50 23 3 31 69 89 31 67 92 19 62 73 53 84 42 36 80 34 87 56 96 34 87 46 3 39 27 22 25 4 12 86 13 6 27 26 36 100 13 65 42 38
78 59 13 17 76 47 81 49 86 3 17 30 77 61 56 51 23 93 24 7 78 100 61 74 55 27 13 20 56 56 31 28 87 44 70 84 84 38 31 87 37 2 81 63 91 38 19 48 48 82 75 65 3 74 35 29 91 11 13 69 56 41 75 64 26 7 38 18 60 56 14 18 72 23 7 70 79 25 42 12 51 37 23 10 15
47 34 65 23 5 59 35 45 15 54 66 87 5 87 84 66 70 79 52 6 7 91 17 55 25 64 74 100 83 20 74 9 19 54 17 94 3 20 34 58 95 73 74 14 61 25 12 35 8 37 55 9 73 42 42 76 70 58 78 46 20 96 85 55 80 51 8 2 9 43 86 37 20 35 8 34 80 70 68 35 89 24 38 35 42
79 43 66 46 23 20 31 83 29 43 55 76 78 40 61 37 52 39 88 91 69 72 1 70 24 11 5 85 72 61 29 81 30 22 84 62 51 44 81 21 74 72 50 43 83 32 40 100 51 77 24 64 66 82 81 78 95 36 23 66 10 99 51 96 8 73 28 53 98 10 41 17 95 68 52 10 4 20 95 29 89 12 61 82 46
74 31 96 5 37 63 85 25 14 16 31 32 98 96 45 81 26 11 68 5 92 5 97 79 84 33 53 57 60 14 86 21 64 94 90 88 73 10 93 70 13 62 7 66 24 61 18 11 17 10 6 91 66 60 11 71 92 84 15 28 98 9 67 68 17 68 93 87 36 80 24 20 52 7 84 87 47 27 81 29 21 12 6 53 15
2 84 41 24 94 61 16 72 68 46 90 47 31 88 27 14 28 74 83 4 60 65 49 27 37 30 33 95 7 84 72 96 23 78 75 44 100 79 15 92 84 30 19 19 89 25 75 63 12 64 27 23 17 23 55 24 37 52 21 44 8 29 3 63 79 2 55 64 22 66 97 32 57 20 16 10 60 64 75 7 26 2 81 46 58
41 46 62 9 92 17 86 79 73 14 6 2 31 25 81 99 90 12 70 86 4 100 15 20 6 51 30 99 55 36 93 82 76 12 1 6 85 71 91 40 51 18 44 87 91 56 69 61 62 22 77 9 65 55 77 99 59 40 88 67 48 44 65 11 24 20 97 16 24 65 78 59 76 38 60 72 38 80 22 54 99 34 60 64 39
26 22 76 70 21 29 98 28 86 44 19 24 82 39 31 60 6 78 63 100 78 8 95 81 93 14 43 24 97 25 96 24 84 93 86 63 18 74 100 36 37 100 31 20 23 13 78 66 99 9 61 14 19 71 29 20 52 39 84 6 42 75 85 69 29 77 50 100 68 69 80 99 33 11 95 98 42 40 22 74 7 2 53 18 52
65 54 14 4 31 48 80 9 46 47 21 58 84 8 19 86 31 87 38 39 11 10 83 55 41 32 71 22 37 19 53 13 2 49 12 97 84 29 95 50 74 33 46 25 65 19 28 97 9 69 97 82 11 62 78 51 66 77 38 1 10 99 3 18 98 100 85 71 65 5 39 62 59 33 32 85 60 33 48 71 45 46 11 82 38
57 20 1 65 32 78 54 33 48 51 60 33 93 98 95 61 77 71 20 69 73 32 15 21 80 2 26 57 38 72 56 74 88 60 17 21 8 16 32 34 75 98 10 15 85 38 65 10 29 60 13 68 14 50 57 48 81 59 85 84 72 61 79 42 99 20 60 81 84 39 100 21 12 43 17 92 36 82 71 27 1 49 68 88 56
49 14 62 76 91 57 6 9 54 59 18 21 60 65 95 77 20 96 86 7 99 75 5 77 66 35 12 17 19 97 26 98 81 82 93 57 77 89 30 81 47 28 94 76 85 16 74 39 26 79 6 96 50 90 28 74 49 36 49 88 29 52 76 82 60 54 58 36 74 77 98 88 26 15 42 66 7 38 30 62 46 5 67 34 19
46 70 29 48 83 34 47 76 2 68 78 19 17 53 12 9 26 85 70 6 43 86 84 9 69 7 38 28 27 10 63 39 37 4 83 2 14 15 78 100 22 60 99 85 20 27 70 51 54 27 66 53 97 30 6 48 28 81 94 75 56 56 13 17 37 100 44 76 95 21 17 76 68 46 93 72 37 6 50 12 24 64 22 28 87
95 64 59 72 96 32 48 32 7 97 65 98 32 24 25 18 30 24 24 73 84 44 88 42 36 8 7 9 68 16 82 91 15 73 15 43 24 86 34 92 17 50 73 46 35 38 94 6 35 42 41 16 32 3 30 66 44 24 60 95 72 33 87 77 43 75 28 56 73 93 74 99 53 62 67 27 76 40 55 7 13 100 91 85 77
63 22 38 5 61 4 77 46 92 77 40 80 88 53 75 47 64 3 77 98 39 15 57 25 48 99 65 22 82 50 48 42 16 71 13 45 37 11 63 23 51 6 40 40 93 18 73 87 9 78 79 86 42 94 34 49 91 10 21 36 92 32 54 49 58 18 7 3 90 60 42 3 68 54 29 89 50 93 1 59 42 79 88 64 51
88 32 80 93 97 10 77 54 96 91 49 57 86 33 3 9 72 77 19 41 58 91 10 10 19 56 69 16 13 44 96 2 52 74 82 21 92 24 51 75 68 93 62 81 28 98 81 37 75 76 65 68 77 67 62 11 83 12 83 83 41 19 62 79 86 89 51 41 18 55 13 53 20 10 4 1 84 70 93 8 36 28 43 17 32
29 59 39 70 23 35 3 50 46 22 89 28 87 19 91 56 56 30 2 98 65 27 94 85 77 7 68 63 64 44 30 63 7 96 71 51 84 91 99 85 84 88 61 55 91 78 44 74 6 56 59 51 62 44 4 87 12 75 22 73 28 63 45 69 99 49 35 28 40 17 73 45 90 20 71 90 98 24 44 35 14 26 12 5 82
5 83 71 94 65 26 90 41 94 44 7 24 42 14 13 42 76 87 23 78 58 55 91 86 50 70 23 47 56 36 96 52 87 78 41 4 61 88 77 38 64 5 24 67 51 42 95 58 64 14 66 63 63 97 26 78 46 8 47 37 78 93 28 77 6 47 88 48 59 72 7 27 29 49 93 39 100 9 66 29 9 58 51 14 37
36 36 74 37 40 43 76 72 65 16 35 71 80 1 100 76 57 55 100 45 95 6 12 25 20 29 78 6 63 38 1 5 98 5 19 80 91 98 53 71 85 48 24 92 70 87 56 74 16 10 58 4 69 18 22 18 39 57 69 81 8 82 51 4 61 88 36 61 21 61 15 85 41 53 16 47 17 79 42 99 1 31 12 58 29
69 66 79 46 33 82 62 74 96 24 88 90 82 93 38 90 4 7 43 40 35 25 43 53 33 16 77 88 51 87 63 8 29 67 97 72 82 38 35 81 47 37 91 69 58 3 62 97 21 31 21 12 1 81 19 81 64 58 54 5 78 50 3 6 87 9 70 43 32 72 93 85 28 37 100 37 93 57 84 80 35 89 80 67 72
55 17 42 77 78 21 99 27 81 98 59 26 41 52 61 22 28 24 10 90 32 46 51 6 91 58 73 52 9 94 74 3 36 40 81 67 50 85 39 55 72 33 6 83 38 41 55 96 99 85 83 6 58 47 24 90 85 99 21 9 45 89 85 27 15 60 75 19 41 40 77 57 28 86 25 89 4 51 5 8 16 58 38 8 48
66 50 45 32 23 99 97 15 67 7 83 68 45 75 44 80 21 89 2 60 10 94 98 36 80 42 15 96 32 41 83 93 51 13 78 67 78 57 97 67 86 34 52 48 98 100 43 90 20 35 69 96 86 30 50 93 10 88 20 93 92 61 80 82 98 87 70 7 44 77 48 71 17 76 54 49 54 5 39 55 37 27 43 73 25
85 18 63 100 13 60 45 20 42 98 62 19 90 76 43 69 17 15 97 80 34 16 50 78 15 81 87 28 64 84 38 38 14 26 63 62 10 54 100 34 59 34 77 74 4 93 47 61 95 85 8 75 28 7 68 3 94 9 31 93 35 87 87 39 43 21 36 87 27 88 16 81 93 71 67 39 87 88 35 100 8 67 97 53 94
34 1 93 74 18 86 84 12 97 25 71 66 44 54 21 59 58 31 41 61 18 97 74 24 74 36 95 51 33 47 16 24 50 60 12 87 97 17 34 87 57 99 73 16 26 85 19 60 1 92 61 49 74 62 51 82 66 85 52 26 6 42 79 65 10 65 21 40 21 83 57 71 24 73 91 93 56 22 57 100 29 60 19 45 29
87 63 87 25 2 48 67 70 22 7 46 79 17 50 6 27 4 50 34 93 51 28 69 10 56 88 4 25 6 26 11 28 86 12 45 83 16 56 47 67 92 78 87 61 23 57 97 6 96 30 22 33 86 92 83 91 40 18 84 14 46 26 42 9 73 88 53 43 98 46 10 59 83 89 24 35 39 36 93 75 100 55 12 87 5
19 48 59 48 32 36 63 8 59 69 36 56 93 23 22 100 56 100 2 24 52 49 53 34 45 46 73 23 39 92 72 17 49 77 31 26 2 79 77 65 2 29 24 37 13 27 39 19 25 32 41 1 28 37 44 51 74 75 66 29 72 41 80 4 83 19 15 42 13 83 72 68 25 26 86 78 50 16 55 62 84 59 79 64 91
21 40 14 13 70 7 46 68 25 74 1 23 97 42 58 95 70 99 10 37 35 54 39 54 100 73 81 71 2 77 25 34 17 17 24 49 25 42 31 82 26 95 45 34 98 1 100 2 85 22 33 6 70 51 38 56 5 34 41 53 87 19 22 30 61 21 91 38 69 7 68 22 49 54 58 53 49 4 56 96 24 43 55 5 9
25 57 40 12 58 17 94 38 12 57 70 9 79 10 32 1 61 99 75 18 40 3 10 79 90 72 59 70 3 72 100 37 17 39 2 89 32 61 58 25 89 26 57 4 17 46 83 59 89 2 15 77 12 56 35 56 83 58 54 25 89 58 29 10 87 89 86 55 89 5 45 78 73 83 13 44 7 49 7 13 99 8 29 53 39
