65 76
15 96 80 21 75 63 83 66 65 67 11 35 58 16 19 95 52 42 46 55 6 91 87 27 13 93 75 83 98 83 47 71 24 95 90 38 74 1 26 43 44 79 66 93 58 100 94 73 54 66 63 65 36 59 20 79 30 34 58 3 85 11 2 73 97 92 12 74 99 78 8 92 1 64 62 45
34 54 40 61 24 16 47 54 86 35 65 48 6 44 9 24 39 33 4 85 90 89 32 90 26 20 46 23 73 77 59 2 73 37 39 67 67 29 85 79 18 4 66 62 79 28 10 71 45 81 79 16 99 53 7 6 61 33 44 82 39 40 85 69 59 55 64 5 37 69 6 88 84 96 19 56
36 20 71 92 17 70 44 50 33 16 1 25 6 75 58 25 87 40 40 5 73 99 71 92 100 5 7 80 66 25 40 7 38 58 13 90 66 30 31 42 79 42 9 16 89 84 63 49 21 61 60 59 17 73 36 91 64 31 18 19 74 54 64 66 95 76 56 29 61 40 59 25 34 95 33 34
32 46 56 58 90 19 84 74 98 29 90 36 15 13 75 54 12 95 16 22 57 8 24 31 68 96 70 70 9 39 11 60 89 100 53 63 49 34 21 15 9 7 51 3 87 78 84 97 10 75 36 74 91 52 45 69 82 42 90 90 24 66 48 61 39 30 22 48 3 87 83 70 8 55 85 41
56 85 87 11 66 72 20 27 70 42 46 46 24 71 64 4 79 72 56 70 91 36 87 75 67 24 18 86 14 9 85 6 44 32 30 53 99 45 52 61 16 41 96 88 8 57 60 73 51 50 46 3 80 70 88 6 65 58 46 68 75 86 59 97 17 74 27 38 62 66 31 95 29 77 31 75
16 25 30 96 63 90 72 67 38 28 52 85 69 5 18 7 100 16 34 51 86 71 95 3 97 27 47 89 15 45 91 16 20 15 77 18 15 17 16 99 21 62 96 57 96 74 95 92 92 48 96 79 76 79 89 76 79 100 6 80 32 43 20 39 18 16 62 19 52 88 35 54 86 64 88 45
5 7 69 94 84 79 11 2 18 86 67 44 9 6 37 76 11 26 93 99 44 98 97 22 97 57 89 13 48 18 48 78 100 50 40 50 66 19 68 12 60 16 23 47 49 15 87 57 65 23 63 9 18 15 14 24 50 14 74 15 84 49 16 92 2 41 8 48 96 98 43 76 90 89 54 22
90 80 58 82 80 56 46 68 26 69 97 28 28 10 53 89 96 35 87 62 2 90 8 3 22 58 27 34 45 89 60 93 84 38 68 79 26 82 34 37 82 78 50 47 18 96 64 87 86 1 74 73 40 68 81 51 22 93 6 3 72 36 45 39 80 35 26 21 47 57 15 99 62 9 64 32
56 26 9 52 82 56 45 84 68 15 72 89 34 78 78 71 95 47 48 1 17 73 24 52 2 69 52 63 100 46 16 76 91 15 33 20 6 58 52 92 83 99 91 5 25 33 96 69 51 4 79 42 67 34 10 59 55 71 43 25 30 16 6 47 82 47 44 49 8 13 3 5 24 91 22 39
92 2 4 98 19 56 84 47 27 48 84 98 90 49 22 8 75 5 82 16 29 2 57 52 36 76 22 34 44 61 19 25 58 68 94 38 28 52 12 28 24 61 61 7 96 21 94 56 92 72 48 32 84 60 58 4 60 82 88 99 6 9 36 90 39 41 77 72 12 71 83 52 78 3 18 24
76 37 99 75 28 97 27 50 4 1 65 34 50 21 70 97 18 1 98 80 83 37 22 92 89 56 84 12 74 17 47 97 78 15 12 90 27 40 96 99 96 69 3 97 37 28 16 96 100 2 37 67 99 90 50 31 18 21 77 23 86 63 92 15 26 34 51 20 93 77 51 50 41 76 32 3
46 51 2 3 85 44 81 85 86 53 99 65 4 41 52 26 21 17 85 42 93 42 62 39 95 1 76 12 33 99 47 20 60 94 83 35 48 23 34 15 45 58 25 37 98 59 78 84 12 3 77 13 59 18 34 79 60 18 71 69 78 76 86 42 63 69 41 83 10 36 99 40 98 53 46 4
92 49 55 18 89 61 42 40 18 8 55 65 44 53 59 80 60 16 79 18 95 76 70 44 1 9 17 25 35 71 24 61 95 86 87 7 39 47 2 72 40 23 52 9 64 43 50 77 73 28 3 22 29 27 91 58 35 4 68 97 4 58 44 77 89 42 81 52 82 65 2 37 76 39 87 14
67 10 38 33 91 46 98 18 28 86 40 100 100 11 64 38 79 8 14 27 5 53 82 49 31 4 41 99 55 32 26 45 93 24 72 28 66 12 12 62 21 98 8 26 94 92 57 88 66 99 22 64 48 91 39 45 25 30 1 65 79 74 70 17 11 35 19 49 92 93 24 65 94 21 5 62
31 1 98 12 33 61 16 12 4 61 98 49 1 64 20 47 34 42 59 75 84 49 1 57 79 92 88 63 65 100 97 41 98 96 81 98 70 33 91 2 36 93 15 92 21 71 23 2 16 38 1 18 4 13 92 56 79 11 58 17 78 60 97 6 32 64 28 57 3 6 33 71 20 24 80 31
11 69 50 90 32 35 39 71 24 58 21 53 54 49 27 79 3 39 45 71 44 93 72 26 15 22 12 2 41 55 19 9 27 56 1 14 98 70 90 82 91 2 100 32 14 6 86 88 78 95 29 24 58 3 12 64 51 4 85 80 98 80 93 67 79 10 24 82 46 77 71 54 81 8 97 50
46 78 69 77 31 35 92 30 11 78 50 56 50 56 95 32 99 100 70 29 81 65 54 80 17 94 35 52 67 56 64 39 15 65 10 69 84 42 31 61 13 2 24 9 48 66 8 27 65 12 86 82 100 96 48 30 62 83 41 95 11 38 76 70 63 27 79 77 23 90 94 24 94 27 11 88
42 2 70 41 95 43 45 99 73 67 82 64 13 82 16 60 43 2 27 56 13 92 82 72 95 62 49 7 54 1 23 49 86 84 54 89 65 20 22 47 23 18 84 55 79 86 87 14 51 4 27 16 94 56 63 15 41 26 88 36 8 4 8 39 70 44 48 27 64 37 30 83 74 77 70 14
46 26 91 18 18 89 44 43 88 12 36 58 96 34 83 8 16 17 18 95 74 34 28 89 59 21 50 54 11 84 7 63 49 100 64 83 88 11 96 41 14 82 52 76 92 82 29 66 82 18 40 76 5 19 90 8 94 96 99 97 8 95 53 59 93 67 78 86 33 79 90 81 40 59 26 70
21 18 75 88 55 52 99 3 35 45 49 67 57 18 100 7 75 18 78 40 36 91 9 91 90 82 17 47 11 100 19 95 4 74 89 98 62 64 23 15 60 78 74 16 85 43 76 37 80 5 79 14 77 28 68 49 86 90 22 29 50 59 87 68 56 63 59 25 75 28 76 81 9 60 53 15
21 59 54 31 18 60 3 97 61 6 41 73 45 57 5 56 93 90 94 60 53 11 57 37 79 86 58 25 69 21 62 65 58 86 99 88 13 72 52 75 42 49 78 98 20 17 82 67 85 80 3 32 36 95 46 77 33 13 72 58 56 71 61 74 63 12 43 65 17 39 12 51 23 45 100 17
58 24 24 3 49 48 19 3 68 44 71 30 77 80 60 52 14 36 97 89 16 21 58 45 11 46 56 91 13 87 66 81 31 9 25 55 57 12 79 86 78 28 1 55 64 93 64 73 16 23 7 67 9 30 15 33 70 26 44 76 38 25 38 63 80 55 27 77 53 55 89 13 88 9 53 81
20 55 65 34 30 55 44 3 11 21 60 24 30 93 24 57 65 48 14 27 100 28 59 5 98 25 29 43 84 57 70 84 56 38 43 18 14 74 45 2 69 44 3 39 92 13 28 26 74 9 27 96 51 75 41 13 95 6 13 57 9 62 43 75 89 74 53 87 62 67 9 7 11 45 93 90
11 65 7 53 90 90 49 83 85 24 8 14 93 42 59 62 40 27 51 74 49 67 16 1 25 70 47 3 6 6 18 76 11 9 70 76 48 45 88 23 55 55 86 30 51 49 21 55 8 39 27 10 11 81 93 9 48 3 26 49 69 37 97 57 40 24 41 11 96 21 19 77 68 28 13 25
5 35 53 56 45 100 23 51 95 16 10 83 37 2 31 79 28 84 92 15 11 4 32 79 95 33 24 96 97 51 90 35 39 12 51 8 76 61 11 72 34 37 99 18 67 52 2 30 56 22 29 23 59 24 75 43 11 63 85 89 8 53 65 34 14 57 13 15 20 90 82 58 35 6 98 70
95 83 99 52 100 26 41 80 21 8 89 9 63 90 23 87 31 4 5 77 69 44 69 2 25 99 50 64 55 52 41 49 19 12 33 65 56 74 96 72 56 96 12 50 8 58 26 15 54 29 36 86 88 14 57 53 31 56 45 55 56 72 6 89 22 4 38 65 28 37 29 43 88 44 34 52
20 11 21 85 60 1 64 62 64 40 83 75 79 74 16 3 84 56 67 50 20 37 32 18 37 55 18 98 1 57 68 7 14 93 6 68 97 6 18 8 40 28 56 97 64 47 71 19 95 66 40 81 58 8 52 39 10 32 37 29 76 21 9 83 19 80 43 25 37 82 46 41 64 48 19 42
82 88 65 55 87 24 11 21 71 62 58 42 56 72 35 19 20 5 11 82 38 12 69 43 85 79 84 80 69 3 58 23 54 89 76 41 6 24 63 3 27 58 93 51 89 12 96 77 33 62 8 55 23 29 88 31 67 35 19 54 94 28 23 8 95 95 34 74 76 21 55 15 87 71 91 100
12 86 40 98 16 58 26 20 70 4 44 20 78 32 93 62 91 61 35 92 18 96 56 65 63 35 80 100 6 95 66 90 94 27 55 75 24 11 38 74 52 39 80 71 3 68 32 17 57 65 54 91 61 34 46 60 13 53 66 63 68 1 23 40 57 4 68 51 45 83 79 52 88 7 46 96
56 94 17 35 3 40 72 15 58 63 60 83 17 65 49 95 17 13 54 99 100 79 76 31 28 56 28 30 6 77 56 34 48 70 48 71 13 50 89 93 72 57 5 63 12 86 28 49 62 35 3 30 63 18 79 43 48 60 56 58 15 15 35 50 48 12 80 89 19 27 4 52 92 3 14 40
76 68 13 65 2 55 97 67 35 51 77 2 9 41 84 94 2 23 3 59 23 80 19 99 66 67 22 33 5 69 68 21 36 95 42 74 70 9 22 86 47 40 10 20 12 58 25 2 95 99 23 42 65 18 23 42 41 30 15 47 23 42 68 58 93 16 96 100 53 49 12 68 43 11 53 94
16 23 68 55 39 9 24 66 30 86 41 73 9 76 63 16 87 56 5 81 97 9 22 88 7 75 92 73 79 26 51 48 77 60 100 64 53 84 75 88 35 60 5 18 80 2 10 60 67 62 86 19 7 91 6 42 76 3 38 28 20 76 52 30 11 77 55 19 69 20 42 92 91 29 99 45
12 94 39 57 94 56 38 47 59 39 2 57 73 34 9 74 46 53 8 42 63 98 87 9 63 77 33 17 39 35 30 63 5 13 72 4 93 91 78 79 70 99 36 18 97 14 59 86 43 13 7 83 8 95 38 72 92 51 26 59 9 31 23 20 1 48 95 59 86 25 6 3 35 12 34 33
16 4 18 53 81 80 72 35 47 88 1 16 87 2 64 39 35 90 91 39 94 53 69 70 20 39 10 48 90 23 93 100 23 21 11 35 71 74 65 75 7 50 91 57 93 86 30 37 73 30 63 17 84 18 89 77 39 29 98 50 20 7 48 46 5 23 46 95 5 83 16 38 80 31 10 17
65 63 77 20 5 57 94 57 81 62 89 39 48 4 29 52 52 3 37 17 78 20 82 45 84 59 90 48 86 100 76 27 71 89 93 81 81 18 19 72 79 68 67 76 14 58 84 39 94 17 30 18 87 7 37 98 55 54 26 19 70 42 31 57 55 20 69 4 76 48 29 13 14 58 64 1
97 64 32 34 63 56 40 8 71 56 9 10 75 85 30 56 43 55 100 88 42 77 35 96 59 65 37 5 32 79 88 46 86 15 54 38 22 88 79 44 62 90 87 44 14 2 12 58 5 89 66 35 67 46 53 21 61 64 39 84 91 15 83 2 100 82 29 22 43 85 63 33 25 51 11 5
54 87 18 43 25 38 92 26 42 80 92 68 42 61 19 89 62 46 97 86 83 20 48 99 14 47 43 44 14 94 41 100 55 86 62 87 25 52 65 63 60 32 24 17 55 52 13 1 94 20 45 69 76 35 22 57 64 42 13 100 48 87 56 18 51 49 64 27 96 26 58 84 88 49 21 71
82 13 44 7 45 49 84 48 14 46 84 23 68 38 59 50 40 50 25 15 60 50 82 87 19 68 64 5 42 82 95 55 2 40 57 72 53 77 70 78 93 21 54 66 47 31 14 2 32 87 1 58 42 3 70 50 72 74 60 15 47 81 57 56 84 9 80 63 70 84 31 4 6 12 36 93
63 89 42 15 59 46 54 88 67 51 62 57 58 84 45 9 6 57 60 47 98 44 97 93 87 11 95 26 3 51 89 57 62 72 10 78 17 96 44 84 21 2 84 3 14 58 5 93 67 58 88 96 35 22 76 45 44 32 29 3 35 54 59 13 96 45 24 2 67 83 85 67 95 31 41 77
67 100 78 40 26 27 33 58 87 29 72 44 57 57 3 88 7 85 76 58 32 34 58 56 28 40 75 100 66 12 68 91 5 2 54 36 52 78 87 77 39 74 63 90 23 56 55 84 93 60 25 32 14 1 89 31 17 80 99 52 81 84 75 80 48 100 46 41 28 18 77 62 34 42 75 86
13 71 30 24 56 71 10 46 94 36 33 76 40 97 30 66 4 51 4 36 41 14 49 55 51 91 4 73 48 71 57 49 47 36 3 95 92 66 22 52 76 33 37 67 71 37 57 59 75 18 4 13 59 49 49 80 56 70 37 61 82 15 76 30 54 57 60 46 86 6 39 12 37 15 59 99
9 26 27 55 79 87 91 80 70 87 16 67 63 29 13 3 67 5 22 26 41 68 51 76 57 29 55 91 33 37 53 60 15 74 70 53 47 27 85 40 39 97 40 2 100 5 75 31 27 92 69 73 60 71 97 46 81 65 91 100 98 89 12 63 12 4 4 26 20 70 9 46 89 28 30 13
8 6 34 4 83 78 11 10 43 65 58 76 99 84 47 17 46 90 100 12 48 92 67 85 84 85 57 45 76 78 85 38 70 33 37 2 14 42 93 89 31 18 26 5 10 12 15 34 32 28 17 31 4 58 48 51 37 34 23 39 13 61 20 82 50 88 69 98 64 48 18 35 11 58 1 66
10 19 2 48 61 87 98 38 19 10 90 19 55 51 8 24 43 8 70 100 57 41 86 88 37 76 73 44 48 85 82 14 24 59 5 26 44 19 49 8 61 32 59 90 24 30 48 49 38 63 24 13 42 58 76 23 66 54 29 55 53 27 74 30 35 3 9 18 41 40 12 39 94 28 37 72
10 1 46 26 63 85 95 20 37 5 66 16 10 26 48 81 10 44 17 86 91 3 11 69 88 30 100 87 7 18 93 48 24 59 80 18 45 88 40 27 83 13 22 34 26 52 8 41 55 1 55 73 65 59 38 78 66 41 93 66 55 34 51 42 55 95 60 82 40 95 10 78 35 13 42 34
28 72 41 28 65 52 68 11 95 55 29 6 2 50 42 77 51 60 19 84 2 3 35 33 64 14 39 62 25 35 31 100 63 47 69 78 27 58 3 77 12 55 47 96 32 3 5 51 69 60 61 79 41 42 57 40 30 69 17 39 61 74 93 71 68 47 63 98 77 44 17 3 5 75 5 62
41 46 4 37 15 51 56 38 65 100 78 35 77 64 18 76 32 58 71 43 81 29 14 4 92 32 30 80 100 79 39 24 20 53 68 78 53 95 9 15 5 33 57 33 74 24 35 82 5 79 79 6 61 98 35 85 63 44 34 21 40 79 37 79 9 70 93 8 41 70 8 2 41 97 55 46
47 15 15 40 25 61 31 1 100 4 58 5 22 66 61 33 73 36 71 63 25 3 79 15 37 70 93 100 97 44 37 7 90 58 96 71 79 32 80 67 83 53 99 68 86 88 7 77 68 60 36 19 95 26 65 80 21 41 28 49 42 62 100 8 23 22 60 75 3 13 14 61 57 95 97 84
10 93 7 73 92 44 13 32 59 14 56 11 39 6 24 32 55 36 83 28 57 57 85 87 73 26 93 2 30 64 78 8 62 32 34 64 5 65 3 57 2 34 64 99 29 8 50 69 28 48 25 8 100 29 28 87 14 92 76 96 38 7 84 30 59 23 96 50 32 9 55 63 87 28 33 33
58 37 95 94 98 15 69 12 24 84 36 93 29 100 97 7 14 92 12 82 24 81 37 25 56 54 80 53 86 31 47 20 23 32 64 73 44 54 28 23 93 24 44 98 62 32 54 24 49 31 82 9 61 22 4 2 21 19 69 8 19 43 26 97 11 49 52 18 94 43 18 53 100 59 35 37
6 10 52 27 32 20 93 55 18 58 83 56 36 75 33 16 51 100 57 87 42 56 6 82 17 64 59 71 1 51 50 47 96 16 66 51 10 3 39 43 88 1 92 49 68 8 41 4 89 2 33 71 96 9 89 88 64 27 71 69 74 79 82 47 80 32 6 25 27 76 94 70 10 31 56 33
81 89 9 73 86 14 18 57 46 40 58 37 59 78 13 30 1 35 8 23 83 41 86 32 55 15 23 3 33 25 3 89 99 66 45 66 73 66 8 40 63 69 85 69 75 28 14 59 85 95 27 39 76 54 88 81 27 44 6 55 15 25 61 17 75 75 4 32 94 23 70 41 44 29 62 63
63 49 6 19 27 15 26 64 7 21 34 4 6 39 14 42 66 72 97 44 24 96 68 62 69 13 14 35 12 66 100 76 15 52 57 67 22 71 40 10 37 85 76 24 81 21 69 23 66 43 48 18 23 61 99 21 31 65 42 27 23 13 1 67 40 43 3 14 58 51 94 92 68 58 12 21
34 64 13 63 45 8 86 49 39 50 50 13 23 37 35 8 25 51 15 9 52 93 87 29 55 27 68 39 19 48 68 33 47 54 7 1 9 41 87 98 72 27 57 49 33 91 73 27 27 38 79 42 49 11 19 4 58 52 26 14 83 99 10 21 92 29 67 17 78 76 63 56 82 69 79 49
30 50 72 24 68 24 21 17 39 63 45 90 42 60 83 58 34 83 8 4 39 7 29 1 78 55 30 33 26 34 58 43 57 5 87 98 80 31 16 58 5 86 50 96 75 72 44 51 55 8 99 91 50 90 44 79 87 77 71 33 51 35 60 92 38 46 7 1 23 37 98 98 79 16 86 17
22 21 34 80 6 47 90 17 85 28 22 19 20 41 43 17 69 97 66 43 73 60 61 15 22 1 49 9 33 53 44 78 74 89 27 41 64 2 63 4 62 20 57 30 78 85 70 1 53 90 48 41 75 3 42 73 93 95 6 70 56 30 49 90 83 42 87 36 44 46 64 100 63 82 30 32
68 40 48 28 2 8 94 45 3 58 85 70 46 74 29 2 11 13 66 90 66 26 32 6 78 80 10 79 31 42 73 44 10 2 72 95 48 54 47 49 90 47 25 56 23 12 26 65 74 32 93 74 98 39 96 38 75 38 89 34 3 48 41 34 69 3 12 93 12 47 4 57 51 54 1 71
91 28 60 94 66 49 98 25 51 60 69 53 50 22 93 87 78 28 8 40 87 39 70 67 13 93 82 15 10 93 90 16 15 26 17 65 86 62 55 84 90 81 61 18 71 31 14 82 16 58 64 39 54 70 87 88 31 11 46 40 71 13 68 79 49 91 63 59 10 30 71 86 41 46 64 71
79 96 15 19 5 66 58 54 34 93 7 85 74 33 55 59 83 98 87 39 84 21 91 68 27 80 25 52 63 15 64 56 61 47 97 88 30 60 22 43 6 30 9 10 79 43 48 69 37 92 95 100 29 69 73 55 4 38 98 29 69 28 28 62 81 15 96 8 34 64 76 6 58 42 11 70
9 41 56 13 38 76 15 24 62 99 8 25 17 95 42 58 73 41 43 17 84 60 20 17 57 51 23 20 90 86 63 34 25 75 24 37 100 92 4 61 54 60 78 89 22 75 12 30 14 62 18 52 24 78 77 12 68 43 24 33 15 84 90 89 78 73 56 97 53 86 58 87 1 46 49 100
56 34 98 34 61 43 81 12 68 61 46 12 94 46 24 68 56 94 52 20 84 16 4 54 1 100 73 35 64 71 78 85 30 92 26 78 40 56 12 44 25 1 8 65 27 78 20 22 45 66 9 62 87 98 12 12 26 8 17 28 98 29 73 77 1 37 29 29 13 54 10 73 21 22 19 73
52 9 31 98 99 58 92 80 60 96 35 46 58 84 25 15 19 98 61 52 36 89 39 12 96 3 32 95 19 48 63 26 48 89 28 9 5 53 7 57 34 71 26 9 4 34 7 32 4 100 92 89 51 33 60 6 3 56 51 81 67 35 36 8 91 20 2 38 35 66 56 75 37 61 82 56
13 65 37 10 92 81 32 45 2 51 100 20 76 10 93 75 22 4 62 28 18 49 98 14 1 19 80 95 26 28 88 88 48 45 28 66 51 96 34 83 26 60 98 49 87 15 70 99 83 73 8 18 60 44 12 1 64 59 59 79 84 6 55 76 17 78 31 11 41 17 74 40 70 77 3 46
98 69 16 42 66 64 75 97 41 49 28 74 91 34 4 43 23 89 6 69 73 100 64 46 87 32 12 59 62 48 31 55 3 83 17 7 28 27 99 45 17 28 18 14 67 56 37 58 52 12 20 51 10 43 17 95 8 13 59 93 71 87 66 43 90 21 47 99 72 12 56 99 37 93 1 76
15 73 8 21 70 26 30 85 6 43 15 73 81 12 84 2 12 36 31 71 41 58 96 69 10 69 21 87 76 4 58 89 75 29 10 52 9 37 56 40 13 96 86 84 17 65 40 81 13 45 52 86 66 56 76 3 71 80 76 25 43 5 49 56 27 69 67 30 57 60 2 55 30 2 30 61
