47 74
94 55 39 40 55 61 24 61 54 8 36 45 89 84 6 60 9 19 62 100 16 58 46 69 31 60 99 63 26 80 64 52 62 62 23 1 23 9 85 6 23 39 15 75 7 80 78 5 70 43 79 16 15 7 47 71 58 9 88 3 92 3 29 59 22 72 27 83 40 29 17 90 39 68
60 26 29 38 6 35 91 75 96 27 11 28 47 100 95 40 52 82 30 68 82 35 50 83 47 92 49 38 26 82 92 43 16 25 29 60 26 35 8 38 30 40 100 91 31 21 42 45 6 86 47 72 19 49 2 14 20 43 68 56 8 41 23 99 67 44 48 9 61 20 69 14 4 79
79 30 14 92 84 3 39 10 83 51 26 59 22 68 90 29 40 39 24 23 24 62 72 67 63 88 64 31 70 65 83 41 74 23 93 35 47 16 10 59 14 9 18 91 62 38 40 89 77 79 18 49 32 38 63 23 12 70 38 6 27 76 39 37 46 80 63 98 48 98 24 16 76 21
61 29 94 36 63 71 19 39 29 94 69 88 46 83 1 99 52 12 68 51 83 23 88 46 6 55 16 22 89 13 77 28 51 84 6 90 58 3 78 52 18 34 5 96 66 35 32 51 57 6 37 49 67 64 59 8 30 48 93 48 24 54 85 14 70 100 35 19 66 26 26 86 36 38
90 62 14 40 11 77 2 78 31 80 52 7 14 84 64 73 41 20 17 92 36 95 59 9 63 60 99 55 72 13 60 69 30 74 16 5 73 94 55 11 88 6 6 40 11 100 64 92 35 1 69 58 34 91 17 44 59 70 12 19 86 9 57 51 4 39 72 50 18 59 75 81 38 12
36 64 37 13 41 27 66 76 52 92 12 58 97 96 72 59 65 92 73 49 84 5 80 86 95 39 13 61 14 97 83 34 59 94 80 55 32 29 8 17 45 15 68 87 50 85 100 55 64 92 38 19 89 78 37 95 32 13 24 95 13 90 49 96 95 50 60 90 96 11 84 12 69 90
3 11 74 92 25 44 14 51 47 33 43 46 77 66 9 27 82 28 72 24 74 73 43 4 61 89 50 44 66 41 84 62 46 62 65 28 42 60 70 39 38 12 11 45 75 18 55 46 19 23 78 88 12 94 3 1 35 58 69 64 74 31 25 81 59 40 76 61 63 61 17 46 9 16
76 44 27 61 44 77 95 53 80 68 66 44 24 68 98 71 86 67 76 68 100 81 8 53 15 27 15 53 58 68 94 68 51 2 45 85 20 44 75 26 82 79 56 89 22 74 98 41 89 78 60 86 26 73 84 40 45 51 76 32 63 79 91 2 3 40 22 39 71 43 49 18 43 58
14 17 56 33 51 16 57 16 58 42 59 46 15 82 27 56 37 16 12 69 30 16 57 9 64 19 56 23 78 9 83 11 92 74 59 71 70 79 95 94 87 80 98 31 92 59 4 59 74 4 90 1 42 47 96 85 64 13 75 35 86 46 43 69 54 50 39 28 33 56 30 23 45 59
12 40 41 91 17 39 75 51 93 20 87 35 25 76 62 60 5 15 34 87 59 57 48 30 43 83 85 1 47 71 13 97 80 62 85 30 94 100 48 66 88 13 93 55 8 83 79 17 62 8 8 50 86 93 38 14 91 32 71 43 53 70 24 96 23 99 80 35 18 78 46 77 16 80
20 53 100 33 85 65 65 69 98 64 5 64 4 90 80 79 97 46 85 81 52 77 64 30 14 100 1 2 39 96 60 97 60 79 78 86 70 34 15 34 58 88 87 43 7 98 46 8 9 9 63 91 95 48 8 44 75 55 76 63 80 26 45 21 37 50 45 27 100 8 47 16 42 92
97 36 57 65 32 80 78 38 2 16 27 4 59 43 48 33 35 81 38 52 99 87 75 90 94 67 61 93 74 6 1 6 19 42 79 5 23 3 75 39 74 100 10 59 100 42 83 37 25 69 63 51 93 40 63 23 40 50 20 79 79 72 87 71 96 89 50 52 42 59 42 21 41 84
51 15 20 97 33 9 51 34 21 45 39 34 87 76 24 45 24 11 23 95 83 63 65 2 24 58 90 46 82 64 20 68 6 25 82 13 14 91 77 48 26 50 90 7 68 82 14 82 7 53 38 33 71 90 13 28 79 65 70 3 63 52 58 10 15 97 23 69 7 29 22 76 44 100
38 39 27 42 93 56 16 89 67 25 66 36 92 15 66 64 63 83 21 68 53 72 65 91 18 93 94 5 98 9 53 77 50 20 46 57 78 52 47 55 54 84 16 16 76 68 56 34 57 17 92 38 97 1 62 86 56 54 53 71 38 35 83 59 67 52 11 6 4 88 76 74 25 4
65 51 91 57 71 8 79 45 40 52 71 14 25 84 61 35 99 17 70 39 77 100 5 51 37 96 64 39 99 23 5 88 94 33 93 45 46 6 30 55 65 7 83 49 55 3 96 96 39 1 73 28 95 48 51 39 71 74 77 78 92 98 1 52 77 54 27 89 97 32 21 44 32 99
60 77 70 48 5 42 19 53 56 10 81 1 33 58 95 57 84 71 48 15 87 93 59 78 61 11 24 77 33 55 35 31 22 27 3 14 34 88 82 35 82 17 23 78 24 19 88 33 16 12 5 10 15 14 80 4 54 22 11 55 57 76 39 41 83 93 34 79 36 98 100 16 72 78
97 50 100 51 30 90 98 93 56 38 10 32 49 70 54 67 54 28 90 72 5 3 77 94 32 9 42 8 81 67 6 84 91 74 12 25 29 88 78 29 70 77 4 9 4 46 39 80 1 49 72 54 59 62 60 78 71 90 86 39 65 98 51 84 9 62 85 57 97 22 23 100 37 85
36 19 19 9 2 63 48 90 14 10 95 66 85 90 85 24 44 18 56 83 67 25 40 78 18 7 74 26 98 46 27 79 87 14 64 70 70 8 40 38 100 9 35 62 91 33 48 71 69 86 90 3 71 15 18 73 84 16 4 66 86 3 90 26 44 20 9 15 17 70 35 7 27 26
73 8 75 39 90 77 17 62 39 10 39 54 28 16 99 99 23 82 32 36 96 16 68 15 89 58 47 65 78 59 27 85 96 58 25 5 17 4 87 74 35 56 66 43 71 100 14 21 7 16 68 1 96 55 94 82 72 56 21 37 94 11 75 55 59 73 20 18 23 6 84 66 15 64
77 37 29 99 25 52 25 47 16 84 53 5 99 22 57 1 91 27 89 67 20 15 52 17 97 62 47 17 87 55 9 96 84 24 36 77 69 46 47 54 95 35 17 12 67 6 46 85 96 34 53 83 18 53 58 54 47 49 45 62 17 8 18 78 90 53 2 52 54 67 11 90 7 29
19 76 85 90 34 76 69 22 25 34 64 41 97 88 55 52 21 52 1 33 71 11 55 30 61 90 31 86 15 75 49 3 3 51 22 70 53 5 33 11 92 17 62 24 53 22 97 6 31 17 76 83 99 31 32 98 56 17 57 58 29 33 40 24 33 11 13 59 99 9 69 90 24 49
25 29 42 69 68 76 43 7 81 25 97 41 29 86 15 39 64 14 51 23 25 16 17 50 39 76 33 64 12 39 72 64 37 57 49 5 60 17 77 23 34 35 59 87 45 56 14 52 23 95 79 11 71 3 51 46 51 54 81 14 91 96 72 82 89 91 84 14 18 49 97 57 24 2
12 11 69 95 45 74 46 23 44 63 3 2 8 64 78 4 4 3 58 99 40 17 50 23 96 11 14 52 23 17 81 93 47 62 16 88 84 4 22 29 10 80 37 24 46 91 87 14 94 14 56 79 40 91 92 57 97 86 39 3 20 67 45 16 90 92 91 14 19 97 11 22 37 38
80 74 6 33 20 84 8 68 50 61 56 57 29 42 100 97 82 5 66 86 27 31 32 21 53 77 58 62 12 25 84 44 92 54 41 16 58 95 68 22 31 99 16 79 16 73 79 5 83 22 27 11 12 3 93 40 91 13 53 59 2 70 50 12 66 26 57 49 91 34 64 65 80 43
1 81 83 86 12 6 8 83 81 30 28 79 97 10 81 19 76 36 64 2 88 24 42 82 8 68 15 37 82 96 36 69 37 3 31 34 74 68 48 7 90 19 74 16 96 96 54 50 48 60 87 75 59 97 59 4 28 53 69 85 44 46 60 48 1 4 71 44 36 94 49 10 28 6
58 80 11 96 3 94 99 52 67 91 83 23 74 42 3 79 98 32 1 50 40 12 22 34 20 56 40 93 84 37 57 70 30 22 92 46 75 64 50 53 43 62 52 58 71 3 32 68 86 17 5 45 51 57 38 23 69 86 57 5 48 27 84 81 75 31 56 24 11 35 66 21 59 79
87 29 25 92 98 98 92 85 3 7 93 40 43 91 51 99 91 46 26 80 32 25 60 9 88 68 38 43 61 36 68 42 74 70 32 36 99 34 16 30 81 48 27 76 7 48 5 34 78 64 29 93 75 74 86 39 34 59 77 21 1 100 30 31 30 79 49 31 50 92 99 87 86 79
1 45 20 17 76 44 54 11 90 52 68 26 32 13 43 81 72 60 65 63 44 71 44 97 88 98 79 75 89 5 30 22 54 19 85 45 20 92 19 78 100 80 47 92 16 68 96 18 58 48 49 67 51 65 62 95 84 83 98 9 41 11 61 95 15 3 89 97 64 54 73 54 76 54
64 71 62 19 36 26 60 70 60 34 67 93 38 19 34 33 67 100 84 41 24 55 72 25 2 93 9 82 16 71 22 48 23 84 3 26 42 96 61 1 96 12 79 47 83 47 53 49 30 13 53 79 61 62 4 43 7 5 30 41 76 93 1 33 41 71 15 61 56 25 66 13 64 99
83 100 45 97 50 69 79 32 61 86 49 48 43 43 4 24 12 42 53 20 2 37 16 56 9 9 89 9 74 6 88 14 84 64 71 55 25 52 87 88 92 33 64 76 18 72 9 96 10 70 76 59 100 21 65 86 74 30 81 52 38 9 8 60 58 33 39 77 33 86 12 43 1 72
79 51 77 74 86 83 57 59 3 15 64 72 53 59 5 62 72 22 37 45 80 30 88 13 60 25 54 92 91 67 56 96 32 13 95 18 15 6 56 19 32 36 21 70 90 61 71 91 2 63 8 67 77 100 3 19 78 58 93 13 13 25 63 80 33 2 69 71 93 69 21 38 17 66
52 60 73 97 16 44 75 50 43 17 49 70 66 12 33 75 78 57 80 97 35 40 48 66 87 58 30 27 69 50 88 25 65 13 83 59 23 98 95 96 25 73 1 55 50 98 2 81 28 61 14 19 27 9 83 53 95 1 87 26 62 1 99 64 91 93 43 91 16 67 30 21 95 35
86 60 71 95 55 12 20 20 46 79 64 58 73 14 96 51 41 28 100 78 40 8 82 97 28 56 60 85 84 9 52 2 34 42 80 99 33 11 86 26 95 16 53 7 86 38 16 17 82 18 90 18 66 50 87 12 100 7 63 92 58 51 17 30 63 11 73 81 40 88 49 32 59 59
32 53 22 49 40 73 52 32 49 100 65 20 74 90 30 80 68 74 82 41 37 7 71 95 55 93 13 93 25 53 21 88 53 38 44 43 43 85 5 94 65 12 57 82 3 8 42 67 96 29 90 41 49 81 8 12 66 67 54 75 87 97 77 71 73 85 22 15 90 84 15 11 69 59
26 42 56 73 72 12 10 33 12 48 81 29 32 64 57 76 65 90 95 68 39 27 24 87 15 3 36 59 69 48 97 19 56 2 76 21 76 42 75 72 46 34 48 55 93 9 85 39 12 94 4 35 71 98 9 58 88 41 30 28 71 54 26 86 31 75 29 80 22 11 3 80 50 2
62 89 82 53 82 20 29 15 91 21 81 74 9 49 35 70 7 38 36 63 44 96 99 69 67 43 30 17 41 1 90 30 21 29 11 92 87 64 47 48 55 83 97 36 44 96 17 34 96 98 2 31 74 96 76 36 8 61 100 21 46 53 89 28 46 94 4 44 44 53 29 94 57 71
59 84 4 8 26 80 49 43 52 68 17 46 7 92 85 15 80 63 49 74 74 45 88 37 37 8 42 58 73 57 45 96 28 38 60 40 55 90 41 37 50 32 13 82 6 24 29 47 7 38 87 71 71 97 49 33 98 71 41 84 6 77 58 63 74 33 54 61 94 18 4 72 44 8
8 57 82 25 89 27 55 64 7 69 35 7 25 90 27 78 8 21 56 62 60 42 86 99 99 81 64 85 32 37 99 28 93 94 48 23 8 23 93 7 94 35 22 33 1 76 12 53 52 36 83 91 73 28 37 46 86 90 58 19 3 79 93 48 94 33 10 14 52 89 30 24 7 81
20 33 21 88 58 80 56 74 79 13 6 9 45 71 11 24 27 80 57 43 55 8 16 91 46 34 77 51 28 23 47 31 49 40 84 81 15 90 9 21 100 48 98 42 80 25 80 93 58 35 55 31 94 35 2 63 95 50 100 25 65 63 90 22 98 54 15 43 52 72 75 80 39 16
70 2 61 50 35 91 5 86 16 13 4 11 1 89 97 4 89 85 100 62 15 97 49 11 29 87 22 35 57 28 14 77 77 33 19 100 96 85 83 35 85 49 58 34 72 86 55 6 75 41 4 18 79 17 19 51 31 88 87 1 35 91 50 27 57 71 4 20 88 92 44 27 30 25
49 56 48 48 75 69 43 56 39 20 45 16 93 49 84 82 65 18 94 68 100 93 42 49 15 74 47 67 35 6 74 63 16 55 32 54 60 8 36 95 8 8 82 44 85 86 41 34 86 88 94 7 14 12 53 90 100 46 44 14 74 83 34 7 46 86 41 85 78 45 55 13 99 10
69 61 9 46 82 71 96 61 2 65 45 88 38 51 19 40 59 17 40 80 81 95 45 96 59 7 97 98 91 30 84 37 23 33 79 45 38 81 90 11 91 13 78 29 32 79 52 11 86 33 78 47 12 65 64 86 49 27 49 96 26 22 83 91 4 46 73 39 69 45 80 96 9 63
60 10 28 50 59 4 14 1 66 77 82 44 7 72 12 65 66 67 65 34 28 90 11 60 1 55 25 42 58 96 79 8 6 81 45 4 84 47 18 38 81 30 68 61 58 62 23 86 49 43 6 1 7 75 48 77 9 86 11 8 31 41 97 18 66 56 24 42 51 24 40 3 35 33
74 31 48 79 67 33 24 24 1 52 17 37 1 51 4 32 26 79 62 86 32 76 83 88 65 23 69 3 28 36 1 24 55 38 96 69 99 95 88 49 61 13 8 90 19 73 94 93 56 84 88 98 28 7 37 69 91 72 92 39 11 85 53 1 32 22 99 30 16 34 70 27 23 39
9 64 1 52 87 41 81 10 30 6 4 85 72 22 46 71 61 10 53 15 64 73 8 88 2 47 25 96 28 66 10 43 37 81 81 71 87 83 2 10 28 18 85 57 64 13 72 2 97 42 93 65 7 48 16 35 1 56 3 37 92 50 39 3 50 11 3 90 34 29 79 62 2 66
2 52 89 4 26 37 34 52 12 51 53 38 11 56 76 48 38 55 48 27 18 90 62 10 16 53 64 61 63 76 20 33 96 9 87 32 63 10 62 72 29 38 69 26 38 73 88 69 89 64 58 52 10 36 31 92 80 77 13 28 94 52 3 24 47 44 66 37 92 87 12 25 73 32
61 30 1 68 43 81 89 52 77 15 4 69 35 88 26 25 49 17 6 20 81 96 42 53 31 91 12 59 35 52 47 88 28 4 59 53 35 33 81 53 57 42 43 78 65 81 90 5 41 86 85 74 40 59 77 77 52 41 49 79 65 82 60 67 38 41 96 66 2 65 78 81 21 62
