21 15
7 73 13 34 49 36 59 43 38 44 70 26 16 73 70
2 4 73 64 61 53 49 28 87 6 2 88 55 68 9
56 62 82 99 15 76 60 8 77 7 27 14 9 79 47
20 41 19 48 23 99 90 41 17 15 6 81 88 14 3
36 1 97 51 98 18 74 89 10 73 94 100 82 90 28
77 37 19 96 79 61 97 96 61 14 82 52 45 11 97
32 77 59 1 21 63 11 62 63 25 38 68 57 40 36
34 6 44 52 2 41 33 80 77 35 24 54 25 55 13
28 61 49 76 95 97 23 53 73 27 73 28 100 85 19
93 58 8 48 93 38 16 49 13 75 81 23 54 24 46
85 98 96 39 65 28 15 100 61 94 36 84 89 39 100
100 7 67 74 45 82 99 57 67 71 60 80 62 20 24
4 32 70 94 79 37 38 25 6 72 75 29 84 7 50
25 94 44 58 16 18 81 23 2 24 41 64 25 61 12
48 29 22 89 49 15 41 89 78 20 6 95 75 50 1
34 25 51 82 99 80 74 17 87 47 34 31 15 95 72
52 22 84 33 22 11 35 80 42 4 89 57 66 38 46
61 35 14 66 40 52 35 88 49 30 73 56 88 53 85
66 46 51 94 95 88 96 11 47 89 10 90 68 78 54
57 15 11 34 27 88 76 36 9 38 63 19 49 3 87
20 98 25 98 56 22 39 79 88 21 46 19 6 95 99
