95 78
38 18 98 61 36 34 77 83 48 94 56 24 69 15 92 96 89 24 92 23 80 37 92 37 63 52 25 59 23 40 65 33 99 83 17 1 33 28 44 20 45 86 42 4 31 52 89 66 32 85 91 81 82 13 88 67 23 29 61 42 95 51 29 57 37 2 19 28 80 69 32 33 21 53 51 5 28 68
42 26 39 67 50 94 7 48 77 44 94 17 91 22 19 31 100 38 43 58 44 5 100 72 41 73 17 40 40 65 29 90 96 11 87 68 4 1 85 98 19 52 83 57 22 29 87 56 32 65 79 92 97 15 70 34 85 56 71 83 66 42 54 15 17 61 56 5 57 26 73 90 49 40 100 76 26 81
47 45 64 24 43 36 9 92 54 19 22 30 95 5 14 10 7 86 12 44 94 21 69 77 11 97 47 90 55 31 100 72 94 59 37 1 4 45 72 15 4 2 23 79 39 55 64 23 83 45 66 96 20 18 65 5 59 94 73 84 1 30 71 52 54 97 81 46 30 64 6 80 56 64 69 47 17 72
54 20 27 16 10 85 59 20 60 52 64 2 32 100 54 8 91 80 93 100 94 45 65 28 28 31 33 92 87 82 87 53 54 53 72 25 84 75 68 8 71 34 59 77 71 84 37 57 45 36 8 83 95 80 16 2 81 96 44 83 81 28 3 17 59 89 35 73 76 34 77 22 37 21 97 54 50 15
44 27 44 43 75 35 5 65 65 33 38 19 21 40 67 97 57 45 94 82 59 71 51 26 14 25 94 30 84 38 9 100 1 23 24 15 62 84 98 15 62 30 30 25 44 72 6 29 51 37 14 63 31 32 16 48 85 69 38 93 12 76 65 17 73 44 53 71 84 1 54 42 60 60 53 20 17 66
37 69 80 20 63 16 66 51 95 26 60 68 98 94 95 25 77 41 28 44 60 55 14 31 99 58 83 12 95 61 27 11 76 55 15 75 85 6 93 22 85 25 13 87 57 30 31 44 86 44 5 67 68 56 44 89 39 6 55 34 77 21 20 7 20 29 29 77 85 11 64 85 97 38 22 89 31 79
38 70 43 66 10 82 62 76 18 36 89 64 71 29 42 54 54 93 40 93 30 23 94 28 83 17 87 55 99 52 33 7 22 46 8 11 21 17 52 36 68 35 78 76 100 58 98 30 78 50 88 89 65 36 73 1 10 6 20 70 98 20 30 88 39 57 57 83 19 55 16 72 42 63 44 12 42 40
14 99 95 65 29 15 16 61 40 91 84 11 43 74 70 54 90 84 71 27 75 18 88 36 54 37 11 31 5 13 69 52 53 67 59 99 34 45 33 34 49 8 6 65 44 86 6 78 42 70 12 19 25 53 12 26 96 97 100 60 57 87 57 25 7 81 76 88 23 78 73 14 76 41 93 79 92 32
99 3 5 37 16 74 48 18 51 79 36 2 85 46 39 3 49 20 29 40 76 38 29 46 60 21 27 35 10 98 98 63 13 98 31 95 17 71 30 82 28 43 26 82 62 24 3 99 95 17 65 94 5 4 90 17 22 60 36 9 20 81 54 67 80 90 1 63 8 63 37 78 8 19 80 19 14 71
45 76 77 19 94 38 95 40 29 87 23 67 99 2 94 89 60 28 35 96 18 81 32 45 77 100 23 70 8 44 79 2 74 3 84 91 85 20 4 79 43 88 62 62 38 4 31 94 33 98 20 24 18 69 19 18 4 14 9 14 50 100 11 10 41 46 40 84 4 100 34 24 10 48 80 91 39 82
12 39 96 93 73 73 97 63 51 58 16 46 38 24 68 49 19 58 10 7 72 11 10 90 47 88 49 63 81 93 49 56 5 77 54 29 43 63 48 15 33 12 93 26 17 2 24 34 31 19 25 49 9 71 28 82 89 58 60 25 77 62 77 94 2 99 18 19 9 43 54 93 21 40 85 81 59 36
41 47 31 5 39 68 20 57 72 85 92 95 88 62 48 50 58 12 74 6 84 45 25 49 31 45 23 4 30 35 12 73 36 96 86 3 52 95 7 84 20 57 10 99 20 99 41 66 88 42 19 37 88 16 78 76 88 40 35 9 3 80 96 86 19 37 17 74 38 60 75 25 80 3 14 45 25 26
46 42 95 32 83 41 79 81 91 41 28 20 72 2 61 71 95 3 65 10 100 85 19 54 67 44 51 80 63 13 13 33 49 37 32 78 3 6 52 14 61 87 16 87 3 65 39 66 36 7 7 3 63 45 62 5 65 28 97 90 2 96 42 42 11 32 14 28 31 59 11 93 16 47 10 83 52 94
13 21 45 10 43 53 18 69 44 5 15 22 74 23 63 90 80 7 59 63 18 42 74 4 41 56 91 77 100 6 23 22 43 54 20 46 28 78 69 14 55 78 2 61 35 13 30 98 5 14 95 60 82 65 62 51 69 13 24 92 70 94 48 57 30 50 94 4 82 79 99 11 61 49 50 38 58 78
42 65 43 49 85 78 40 87 5 17 67 71 21 97 62 45 38 46 21 97 70 35 86 77 17 97 42 4 51 4 54 17 89 11 61 31 34 91 20 18 40 29 55 98 91 19 82 30 30 45 41 11 22 8 47 34 83 84 21 32 96 64 92 81 49 59 76 8 18 68 8 16 19 80 94 33 14 79
97 40 77 20 24 9 92 54 37 68 77 23 66 54 86 86 2 100 19 77 43 64 81 100 58 19 14 49 92 14 42 52 36 49 52 37 20 37 62 27 53 74 98 43 57 88 89 89 11 57 51 6 2 47 71 68 82 49 84 46 67 8 90 7 90 12 50 76 89 45 78 3 54 99 100 7 51 20
9 54 40 12 12 94 65 69 3 47 18 12 78 23 17 83 84 67 75 65 50 54 65 11 92 51 28 5 21 92 19 64 18 16 4 77 28 96 61 10 34 98 4 27 93 46 17 71 14 81 71 60 19 30 66 17 30 31 60 71 86 77 41 6 96 36 47 80 73 41 93 82 52 76 67 94 14 12
19 73 9 89 87 1 42 37 51 70 14 22 56 89 75 87 42 61 86 65 73 65 12 64 78 29 53 26 68 33 48 99 88 19 69 86 26 5 95 15 93 81 74 33 59 67 20 50 92 40 41 12 83 88 61 10 74 27 65 16 58 8 86 23 35 38 93 93 17 70 34 11 75 28 40 27 66 97
72 69 42 25 13 9 72 26 87 31 23 85 55 5 17 71 39 8 13 27 55 53 86 45 6 46 89 50 81 25 7 19 36 21 49 59 26 11 29 33 16 82 9 41 93 9 89 18 72 17 20 12 61 3 87 63 77 83 12 55 68 7 5 89 36 57 87 22 72 66 4 83 86 31 91 5 17 38
11 97 69 22 2 22 88 34 68 2 65 23 90 47 43 40 76 43 52 70 3 22 46 79 11 62 94 84 9 47 4 86 14 36 70 36 79 50 20 63 71 91 75 78 90 66 80 52 37 5 12 91 94 35 81 78 58 75 56 54 83 5 65 41 59 48 31 11 85 19 36 29 70 75 99 63 81 48
96 24 91 8 36 61 30 1 14 14 43 7 72 28 9 81 50 52 100 91 27 6 66 20 94 98 97 49 81 2 53 29 7 100 43 38 91 59 30 28 46 96 68 25 30 68 60 45 77 86 55 42 91 58 77 43 16 55 10 84 52 28 33 46 33 43 55 29 70 42 87 89 56 60 20 80 5 42
56 32 67 4 68 94 40 38 87 43 27 14 67 10 97 13 29 97 29 10 21 95 49 2 11 86 55 93 56 38 90 27 27 42 80 58 9 53 75 31 39 40 59 11 20 98 52 36 62 83 25 13 25 70 24 42 85 56 22 79 87 14 33 38 15 39 8 87 16 41 55 24 61 54 44 73 11 72
77 86 63 69 79 55 17 100 78 7 73 36 10 55 25 4 34 1 7 23 51 92 49 33 55 14 86 37 17 49 14 68 80 55 40 85 28 96 39 83 49 44 48 28 39 85 7 56 80 45 36 90 40 60 30 12 2 73 60 73 52 15 32 42 24 78 14 29 4 21 62 30 23 46 65 98 33 88
95 62 13 77 8 36 48 40 13 84 49 44 78 78 23 2 62 62 27 63 52 27 14 74 87 69 45 76 52 45 19 41 56 2 55 6 82 89 83 68 45 68 96 80 73 68 75 98 58 80 91 95 62 77 68 86 5 7 75 7 54 100 95 79 39 68 23 23 19 9 53 71 67 64 99 4 63 91
92 84 42 32 73 30 33 70 76 14 40 74 29 19 89 29 59 59 30 36 81 18 1 24 38 69 46 88 65 85 71 27 57 32 62 98 81 31 100 66 87 37 9 41 10 31 24 27 48 65 40 63 49 27 15 59 21 71 50 40 92 62 37 21 92 33 25 47 78 3 71 21 85 28 54 100 3 4
68 90 70 36 41 87 66 59 93 68 23 77 67 68 58 16 42 51 55 8 35 89 14 57 70 27 90 15 85 24 20 5 43 10 32 68 70 65 89 94 84 45 33 10 22 100 100 35 13 63 39 97 24 57 55 14 66 40 29 17 70 31 85 11 48 15 16 50 54 70 99 23 7 76 76 51 62 52
38 82 90 95 44 35 85 96 26 65 70 80 27 42 36 94 82 1 28 97 68 26 49 52 25 75 66 83 47 71 96 17 11 25 22 93 34 10 73 32 99 79 39 35 49 91 75 97 43 36 70 80 41 31 76 81 54 21 6 84 81 35 62 37 17 9 36 28 48 3 36 11 69 64 76 57 60 24
71 77 55 75 78 20 59 58 82 44 89 74 86 1 9 59 62 41 98 18 40 7 59 54 87 24 86 99 93 98 67 20 41 84 59 27 60 42 10 59 39 36 89 17 6 49 4 22 56 2 59 76 19 68 43 90 96 46 48 9 14 11 41 20 24 16 83 100 77 96 57 5 20 11 63 11 82 80
10 24 98 78 16 13 67 82 48 32 66 67 12 89 12 42 57 83 24 23 71 49 28 39 34 28 88 100 11 88 39 42 35 59 74 75 45 72 27 85 54 87 90 94 82 76 98 40 96 34 74 35 22 31 93 56 71 17 35 47 81 23 13 51 94 4 64 16 69 63 48 13 17 24 26 47 22 13
32 22 74 13 65 31 26 13 65 29 41 52 49 52 77 97 86 51 73 70 6 36 37 74 96 66 24 34 25 98 75 21 19 30 11 23 85 74 85 72 11 80 83 36 79 23 90 29 52 58 90 82 2 89 14 35 46 44 100 66 100 99 43 24 74 14 27 57 50 74 60 19 79 87 11 62 36 56
61 52 46 48 38 99 83 46 18 11 51 79 41 92 26 18 12 53 57 49 13 62 5 26 63 11 62 36 67 13 25 27 22 1 20 65 41 63 6 55 53 12 73 3 79 75 71 7 87 17 73 78 34 79 54 70 58 12 31 70 73 34 44 60 21 85 67 53 31 42 58 84 81 90 58 45 49 36
67 99 95 95 5 79 86 71 31 98 64 57 98 5 79 89 92 32 94 23 26 53 7 98 19 81 44 33 94 35 89 50 71 8 82 43 13 91 5 27 30 50 86 91 27 17 73 1 86 97 64 40 14 39 38 76 65 78 75 72 43 67 73 22 38 99 46 55 73 22 95 58 10 14 16 29 87 18
17 82 48 28 5 100 93 85 64 54 1 55 58 11 19 67 46 75 16 53 41 1 66 44 96 33 19 30 30 100 61 84 74 6 89 46 79 78 69 61 61 28 90 9 65 31 10 29 88 94 82 96 69 57 23 61 19 80 6 51 28 67 78 59 75 98 49 53 3 19 93 73 41 54 60 50 84 84
14 43 83 19 7 42 22 40 17 45 77 14 10 79 58 39 9 47 21 13 65 71 8 78 30 24 52 75 68 71 94 29 45 35 18 45 23 49 46 42 67 64 22 76 68 31 59 27 38 24 52 24 100 99 20 16 19 81 13 63 93 17 93 67 91 60 82 60 59 95 39 94 69 55 74 65 74 44
52 20 61 94 43 34 10 20 9 100 12 82 13 43 16 10 63 41 86 5 72 14 2 3 51 1 63 16 88 2 90 64 17 46 51 98 72 65 83 68 5 43 42 90 8 35 7 60 40 64 12 92 45 4 4 81 20 10 6 48 58 2 36 93 82 8 27 2 53 33 68 58 54 93 48 73 62 78
68 21 82 59 56 8 40 93 41 85 35 74 25 84 14 66 90 42 30 47 85 44 71 75 40 86 24 73 18 95 70 73 62 67 64 91 23 37 56 99 58 51 75 88 32 86 53 90 30 74 31 82 66 58 46 55 36 32 1 48 84 20 2 7 78 85 49 96 60 63 32 26 18 35 2 53 12 84
78 57 95 3 39 70 57 78 70 92 55 24 59 89 23 76 60 61 35 42 86 17 23 70 45 43 22 73 66 77 32 41 31 44 50 56 99 74 54 70 3 63 25 6 24 45 54 59 85 6 13 60 11 75 16 74 7 38 57 17 4 11 68 84 83 14 22 9 39 67 34 32 40 3 66 38 10 31
78 29 53 3 53 6 80 93 88 88 98 90 11 99 4 43 76 75 49 60 99 54 7 97 16 95 50 69 63 28 14 44 5 47 11 4 58 28 32 40 98 26 38 35 64 71 78 38 89 69 74 61 65 31 70 47 32 55 1 13 59 69 23 84 57 3 77 84 92 94 65 87 50 33 14 71 25 65
86 68 51 94 78 22 33 32 85 13 58 7 69 38 63 63 11 26 70 54 69 76 47 84 25 83 93 90 83 79 97 94 11 45 84 6 48 70 42 29 92 97 51 45 26 8 5 35 100 18 18 93 76 71 12 62 13 16 22 35 9 70 12 88 54 19 90 61 10 94 93 10 87 72 10 96 87 81
51 90 71 17 95 70 58 18 66 41 53 49 73 50 20 10 31 61 71 53 48 79 22 34 49 11 50 89 12 85 33 62 25 46 56 87 1 11 11 20 21 47 48 82 99 37 84 87 41 71 70 45 15 48 49 57 66 53 81 70 12 70 84 26 77 41 71 31 14 99 98 6 82 25 96 28 59 42
4 86 90 64 47 3 25 20 91 88 64 34 99 79 78 72 28 94 21 25 87 26 60 21 57 63 48 68 75 3 61 36 54 75 91 99 13 45 92 15 20 42 24 76 81 53 22 83 89 21 32 64 66 28 75 95 58 68 48 50 18 66 22 55 12 49 83 15 6 88 76 50 40 92 53 41 19 72
1 23 31 77 47 9 46 92 5 72 10 21 36 97 81 14 5 39 55 97 98 6 44 99 44 39 94 33 23 47 93 87 50 45 49 94 97 56 96 18 76 32 89 81 30 79 100 87 50 55 66 26 33 75 35 47 12 67 95 18 31 56 34 91 81 35 12 30 74 21 64 83 23 23 78 97 77 54
70 32 77 9 67 37 42 78 73 43 4 79 95 59 4 82 64 83 87 79 24 26 67 32 53 67 31 61 27 40 82 57 4 1 15 32 12 90 48 19 73 5 93 89 42 55 94 52 53 40 3 91 93 56 22 1 21 57 90 90 90 7 48 76 67 91 39 25 26 32 92 50 98 57 93 43 27 34
85 14 62 73 77 57 62 12 86 88 10 50 7 90 24 54 71 78 45 2 70 86 5 67 52 39 69 68 31 52 44 78 22 23 3 7 34 24 45 46 28 37 17 81 95 69 89 24 76 49 42 77 38 80 81 28 95 6 26 42 12 24 83 92 76 57 8 38 77 72 24 32 82 40 26 95 84 40
80 17 81 56 52 33 22 3 22 99 53 16 29 94 86 70 13 75 48 75 60 1 90 80 20 37 11 37 36 44 45 41 67 62 69 79 17 58 39 52 31 27 19 83 89 13 48 64 2 13 65 81 32 40 97 94 57 15 3 85 5 51 94 81 84 75 81 18 70 19 23 21 85 45 44 72 72 26
71 13 18 86 51 68 16 41 71 93 58 15 75 22 75 80 28 1 4 27 55 54 63 84 85 36 60 80 45 32 96 2 38 89 4 95 90 2 88 93 27 17 21 40 42 70 7 41 86 3 35 19 90 13 100 2 13 91 72 13 64 21 34 53 77 96 70 36 95 40 80 67 62 10 12 18 8 31
17 79 20 61 25 70 10 8 5 57 8 44 69 52 39 21 10 94 64 74 30 88 73 50 76 97 47 80 64 3 78 27 5 81 59 78 21 61 40 100 53 76 12 49 6 28 38 54 36 81 84 24 69 28 60 53 79 99 98 32 85 37 47 88 95 40 78 53 41 28 95 63 78 28 52 68 73 62
19 34 7 83 32 80 70 55 21 11 14 62 43 72 83 84 7 68 90 63 93 92 75 30 19 90 94 52 25 84 64 33 40 84 44 4 85 43 27 22 79 78 89 46 59 5 33 5 79 66 55 88 72 58 80 51 53 22 37 65 81 21 40 42 16 76 51 23 93 14 30 76 22 84 68 86 29 36
21 12 42 94 2 99 88 51 84 1 28 50 33 54 7 63 68 84 28 33 16 61 90 55 44 22 31 43 34 27 49 63 93 12 72 52 99 90 28 3 50 9 8 41 57 52 8 30 18 76 15 61 51 46 52 67 33 20 49 18 25 84 28 92 74 33 41 84 65 86 25 10 48 2 50 53 4 27
63 38 28 25 77 15 19 76 29 79 33 53 80 20 59 82 17 21 51 29 14 86 74 97 54 68 80 21 73 89 23 58 64 39 76 64 78 95 70 98 23 86 52 97 57 79 49 52 48 84 22 9 86 2 52 35 35 73 87 9 21 33 18 62 47 81 4 81 43 90 6 58 78 15 61 85 7 2
23 99 30 44 13 44 10 24 80 52 36 85 13 24 39 21 9 66 93 44 28 23 91 62 52 81 80 60 42 41 86 17 29 71 50 32 61 56 5 28 22 6 34 97 37 18 93 33 39 3 97 77 34 27 3 32 48 30 31 80 41 45 42 64 34 19 40 46 66 93 79 6 66 36 84 67 9 1
50 5 70 80 59 22 8 20 53 96 25 10 74 67 42 67 24 99 95 3 9 13 36 32 8 63 15 80 86 52 15 6 67 49 16 10 100 60 12 55 79 3 97 32 34 9 3 38 67 62 52 61 11 93 47 33 25 21 62 55 21 9 12 55 66 29 10 48 43 68 36 39 81 15 34 17 42 30
79 40 44 73 1 98 49 82 10 19 93 86 88 16 8 92 92 32 94 93 76 24 28 20 44 5 81 46 57 56 78 50 97 86 45 5 54 65 64 36 43 67 68 8 55 28 51 91 83 41 95 65 85 39 40 26 6 13 37 22 74 18 34 25 54 7 1 8 47 52 46 79 96 12 3 93 47 94
31 25 84 9 42 94 67 39 70 25 25 6 65 21 12 43 43 7 86 95 25 51 31 87 30 3 26 15 45 23 38 59 35 45 65 24 34 34 100 40 62 56 40 24 75 1 89 46 20 80 93 100 67 19 15 43 92 97 88 91 2 100 18 74 35 69 96 95 63 63 53 65 97 25 28 96 73 72
35 16 89 29 18 92 2 42 59 32 93 79 48 49 42 39 64 100 44 48 86 58 22 71 78 15 6 71 1 74 58 89 7 16 55 36 35 67 66 38 43 5 64 6 100 53 66 4 40 69 53 98 10 36 94 64 47 62 29 94 11 1 95 60 77 51 29 50 58 78 24 70 98 23 21 95 81 90
98 11 30 56 34 99 54 46 55 64 55 85 18 98 41 46 39 37 41 28 72 52 36 72 34 49 14 17 53 32 27 8 92 88 38 73 99 99 64 91 82 41 79 4 38 15 48 33 74 92 42 36 54 89 21 14 55 41 25 96 31 67 14 77 98 79 87 46 45 10 98 72 42 50 88 48 96 81
93 9 81 45 50 99 57 4 68 64 64 53 60 75 35 15 50 54 59 12 18 100 7 76 10 72 99 59 64 53 13 92 34 46 98 64 83 48 76 11 3 37 75 13 31 75 90 91 82 62 47 31 31 74 70 77 60 72 10 84 47 26 52 49 39 10 99 33 14 91 48 85 88 74 59 97 70 28
67 77 27 39 95 28 6 10 24 54 14 40 61 93 63 84 57 78 42 18 12 52 2 10 56 33 20 38 85 29 60 33 82 52 73 17 30 75 79 92 11 81 71 67 67 34 22 51 48 44 13 16 96 70 93 90 96 1 3 18 44 49 74 70 60 28 8 21 45 97 73 13 15 67 98 70 37 7
57 57 58 76 62 72 71 17 53 30 73 60 5 58 28 13 36 57 39 81 60 31 86 32 98 73 62 85 36 24 41 24 52 41 30 64 99 46 85 6 100 28 69 82 33 93 53 25 58 51 38 55 88 82 3 1 12 7 94 73 61 58 46 13 11 81 88 38 5 53 83 34 72 64 51 39 68 83
36 5 4 87 82 26 93 39 36 9 100 100 63 69 53 95 8 54 58 98 97 52 95 33 68 44 61 19 56 67 54 14 80 58 90 35 77 34 11 85 83 7 30 3 95 76 91 80 20 8 36 51 68 32 27 83 40 63 13 21 38 39 43 91 89 66 87 43 74 19 46 97 46 94 21 45 68 61
28 16 29 81 79 73 25 1 87 59 60 69 91 97 92 85 55 13 28 31 20 100 69 21 74 42 81 24 82 61 66 62 21 64 47 35 65 39 36 47 4 72 82 17 78 23 26 42 46 1 20 35 97 34 35 77 6 77 6 28 74 60 51 78 60 40 79 8 34 66 14 57 6 59 93 82 79 45
93 43 7 70 53 44 50 12 23 57 24 50 39 54 11 94 69 73 5 87 60 90 76 9 15 17 61 79 34 86 86 81 60 50 71 22 8 36 26 11 97 31 10 32 87 65 25 50 71 79 22 70 18 88 66 97 41 14 4 17 83 68 74 27 99 65 2 17 28 45 31 82 98 97 53 19 55 75
6 29 90 28 77 76 78 53 99 34 6 64 73 12 71 16 9 16 67 82 68 8 17 14 51 50 45 61 45 33 74 79 24 34 32 80 75 22 91 91 60 99 69 83 46 97 31 30 37 59 27 63 77 3 8 3 95 10 2 17 77 47 72 54 9 46 24 99 57 44 69 53 49 77 66 88 32 96
18 98 31 38 91 2 36 1 96 55 95 3 46 67 15 68 5 26 3 16 27 77 64 69 88 7 22 91 46 93 15 52 52 21 79 42 80 61 90 59 33 32 31 9 28 74 25 82 54 36 75 5 87 75 79 81 17 1 54 10 100 43 78 6 13 45 57 69 61 31 87 56 71 5 2 79 16 66
8 41 66 44 76 48 27 83 16 25 55 3 75 73 1 87 11 49 46 71 61 23 78 36 79 65 91 66 1 73 51 7 40 50 45 55 80 86 11 26 29 1 59 93 31 29 95 99 4 34 50 47 6 51 19 68 54 14 28 88 100 97 56 89 28 73 28 23 45 35 88 61 8 96 84 35 23 97
12 92 18 36 61 70 61 70 21 47 35 22 55 89 59 88 63 72 54 65 42 21 48 50 45 42 10 95 78 41 7 43 24 75 85 88 36 18 14 8 95 29 52 97 62 42 62 97 84 16 64 3 43 2 21 96 18 59 98 33 17 8 22 32 77 55 36 82 98 85 41 64 66 2 31 76 79 99
41 14 40 45 11 90 88 68 52 8 88 95 38 75 42 42 30 42 37 39 45 29 95 82 2 14 33 50 9 47 22 29 83 67 66 47 83 51 52 37 40 67 42 37 32 73 16 72 9 93 75 69 82 69 72 100 44 72 44 93 22 25 37 14 61 97 6 14 40 37 11 76 15 57 52 71 17 70
3 39 96 40 44 48 92 64 68 49 5 59 91 48 9 51 2 88 3 48 53 99 9 21 38 1 51 37 30 44 69 66 24 33 75 84 71 12 55 31 83 52 35 41 11 97 47 53 85 65 89 71 6 88 55 3 60 43 45 39 37 8 100 55 62 96 86 29 64 33 87 49 13 81 43 86 83 90
17 50 84 11 18 27 46 34 79 2 5 16 17 72 8 11 22 50 65 47 88 22 8 79 39 52 47 92 88 6 67 73 65 54 61 37 76 47 95 90 50 99 93 83 34 84 60 97 86 58 6 57 62 83 33 50 1 96 4 53 52 84 68 28 11 66 68 38 1 8 59 71 79 97 41 88 22 30
16 14 81 9 52 80 41 41 18 46 99 98 97 20 33 80 33 29 13 46 87 28 54 57 85 60 73 89 24 27 87 71 16 74 63 23 67 19 7 64 76 67 62 30 1 93 52 27 90 26 25 41 64 30 47 15 98 39 47 94 83 41 30 78 76 53 92 45 75 90 68 59 45 9 54 87 16 56
49 65 12 26 81 60 70 88 44 14 33 55 50 53 49 56 63 60 89 28 32 43 97 93 82 79 96 4 10 57 74 9 48 41 45 5 7 30 6 26 96 21 42 88 38 97 18 45 57 37 94 41 82 44 80 44 27 11 53 13 36 18 68 68 28 76 88 70 8 76 98 84 44 80 50 81 63 51
78 100 2 64 43 97 12 96 33 75 68 56 81 98 38 71 85 30 23 97 10 31 87 73 73 18 76 13 60 48 89 63 82 26 4 9 29 5 60 9 59 66 57 50 23 85 61 75 5 9 51 77 97 23 18 27 12 32 40 73 24 64 7 100 73 41 60 77 27 3 71 44 58 78 62 4 35 100
53 80 73 99 49 24 12 54 79 27 29 15 64 63 2 37 87 59 95 19 18 48 53 61 88 92 22 57 11 7 50 69 29 58 92 46 45 53 60 61 83 59 31 33 100 53 67 44 27 59 81 10 46 78 72 50 61 63 40 96 11 50 47 15 79 42 30 76 47 24 95 10 82 31 54 39 83 59
70 87 36 9 62 84 32 93 91 5 8 61 95 72 96 2 14 93 25 52 12 32 86 2 12 6 28 6 95 2 6 2 72 75 53 8 62 88 83 28 94 60 18 79 31 43 12 70 20 93 60 67 29 37 83 91 20 81 76 41 13 68 77 10 79 44 24 49 2 58 28 61 14 50 15 69 21 15
31 3 43 2 80 56 97 33 38 6 5 36 56 47 28 71 28 50 77 67 63 12 28 5 79 40 58 39 27 38 100 46 43 56 10 40 53 78 97 43 79 32 98 69 94 97 21 58 6 35 98 42 87 68 19 95 4 22 46 59 86 19 28 6 91 26 86 91 47 86 31 71 46 64 75 78 59 83
35 24 49 44 12 75 52 14 76 75 23 7 10 74 91 67 30 18 70 85 21 39 33 20 38 37 70 71 57 57 83 24 6 83 11 6 41 96 82 69 1 73 43 98 95 12 47 63 25 49 29 8 38 36 56 43 79 77 37 61 43 72 41 61 3 62 37 48 17 7 36 78 17 97 57 76 52 69
94 42 57 21 72 16 42 62 92 47 80 79 13 17 41 13 7 93 84 69 87 79 78 39 44 8 17 44 77 92 50 5 76 1 70 65 19 100 79 33 25 77 24 7 55 28 7 78 59 77 8 32 77 43 82 87 8 84 79 52 71 7 63 81 73 92 65 1 45 93 43 94 38 5 95 46 39 25
10 22 14 28 20 91 42 27 60 49 29 21 85 14 23 89 17 19 32 22 9 25 80 34 38 59 21 90 66 26 28 13 26 5 88 15 2 70 35 91 21 88 47 60 75 2 72 13 44 13 10 60 91 85 38 40 46 38 96 17 8 64 72 3 9 83 69 1 25 73 100 5 52 96 5 97 47 41
44 28 54 17 28 93 34 13 20 98 61 9 92 29 54 21 69 48 97 80 48 39 25 56 97 74 21 33 49 87 99 97 85 21 73 21 11 6 18 22 46 69 23 14 73 59 94 11 12 75 33 48 18 37 31 23 74 17 72 59 29 7 87 28 24 92 1 11 22 34 87 38 91 57 46 27 7 31
86 60 73 85 41 43 80 30 34 59 31 56 94 30 94 92 97 68 48 11 84 9 92 74 14 38 17 5 60 90 97 24 46 46 79 18 58 17 96 75 87 66 55 19 86 39 36 71 75 67 95 88 48 65 24 45 98 83 34 98 5 74 48 43 48 27 16 21 95 55 38 87 68 93 19 15 97 4
11 24 65 60 55 43 92 33 23 93 31 79 79 59 63 18 72 51 34 14 46 19 13 7 48 71 87 9 51 52 13 14 82 93 33 62 5 1 1 60 97 15 6 52 4 21 32 28 49 1 3 27 26 39 10 90 32 90 16 61 31 17 72 26 79 77 45 39 77 30 30 30 22 5 38 8 49 56
87 39 27 100 52 5 96 54 72 21 71 97 49 44 90 35 54 54 4 30 28 38 87 1 83 91 82 11 39 1 5 11 77 51 94 53 36 6 84 39 91 10 49 72 48 8 50 41 13 20 26 97 3 87 7 98 77 23 92 72 18 70 54 38 69 100 69 47 39 33 33 47 1 39 50 46 100 80
81 8 23 38 89 17 85 98 24 75 2 38 41 85 42 67 94 34 35 86 13 67 77 38 81 70 20 54 62 80 22 3 44 19 96 26 32 15 50 99 83 61 32 16 17 70 7 59 42 99 63 42 22 17 55 58 78 39 76 65 12 89 89 7 83 27 22 98 40 42 70 66 80 27 15 66 16 6
5 68 5 44 18 30 60 60 44 7 65 62 3 83 61 45 9 31 30 64 43 36 94 75 78 92 31 47 78 98 34 61 57 57 77 50 75 47 95 17 41 86 65 21 55 16 74 82 47 99 4 97 70 19 80 78 5 83 4 41 61 85 70 60 74 10 32 40 22 57 98 99 4 79 28 33 91 39
52 18 65 87 42 38 32 91 22 42 3 28 90 34 12 72 93 55 69 91 71 47 92 21 78 7 87 15 16 33 52 58 66 65 54 84 4 73 32 96 78 11 93 68 63 90 96 29 43 17 9 81 10 75 96 97 79 100 38 40 83 51 53 80 91 60 63 92 34 91 54 78 47 58 18 89 85 16
84 62 64 79 26 74 89 3 54 47 49 95 67 52 67 99 26 9 70 63 74 100 28 27 58 13 24 79 55 29 5 93 28 73 100 28 16 15 64 84 67 61 4 64 80 93 24 94 75 18 84 89 26 76 38 19 17 73 46 57 70 6 91 40 57 4 99 77 32 33 10 77 46 97 63 6 41 25
36 60 89 5 17 47 87 73 99 47 50 34 53 37 61 22 62 86 14 86 80 62 25 2 29 82 15 78 20 41 44 22 98 64 27 75 89 68 90 57 36 68 50 33 16 83 51 60 95 66 15 86 32 10 71 15 67 9 75 24 65 82 47 78 61 74 2 60 55 41 26 78 61 74 23 8 85 22
97 51 83 89 24 42 47 38 11 45 61 40 5 91 95 97 65 64 30 8 28 29 77 45 47 66 34 36 91 64 38 98 10 13 8 7 54 49 85 21 12 15 2 95 61 62 77 81 79 36 61 83 7 44 49 17 2 71 38 63 82 2 60 20 2 9 34 7 20 7 9 91 34 64 32 7 79 59
13 51 92 34 65 94 47 71 4 53 2 88 79 70 34 56 71 16 74 83 51 90 23 80 89 6 38 46 81 44 8 66 9 47 8 78 40 43 34 72 78 100 15 96 43 50 5 96 31 73 60 99 97 91 6 28 95 76 39 64 98 85 71 65 6 68 24 36 100 70 2 45 10 70 9 21 7 34
23 85 64 100 54 33 66 27 89 83 32 73 85 70 19 14 73 37 84 70 62 96 82 60 94 49 42 29 77 42 67 27 30 54 1 64 44 77 4 13 4 2 80 58 16 64 64 93 92 98 59 99 76 22 10 37 31 75 84 98 43 51 3 41 80 5 43 94 13 76 44 46 32 47 83 51 37 97
76 84 59 28 47 92 14 66 60 28 80 53 21 60 53 20 50 31 72 29 26 2 73 84 37 25 24 7 92 59 11 36 85 63 39 8 3 43 83 93 60 74 85 6 1 17 57 73 65 21 15 58 90 95 96 42 57 59 16 43 92 82 63 26 69 11 86 44 52 72 55 17 25 86 3 22 79 65
58 18 88 17 32 16 43 37 51 75 62 64 53 41 7 14 16 32 65 15 59 18 22 19 26 68 92 49 1 61 81 25 24 7 47 24 55 99 64 49 65 49 97 95 58 59 29 64 82 66 93 72 94 36 77 51 25 24 81 59 91 7 33 37 20 13 90 25 60 99 38 43 30 22 62 17 99 83
54 7 73 56 60 18 12 8 85 92 39 47 68 79 29 16 32 36 1 86 17 10 40 72 82 86 99 92 73 65 57 67 13 37 94 15 28 28 71 72 13 55 16 47 81 53 20 40 46 47 88 95 15 43 58 74 49 7 83 13 33 20 87 30 76 74 44 65 43 87 46 38 39 80 37 50 67 94
75 32 11 17 27 25 57 29 63 97 2 86 58 20 72 65 25 55 13 63 83 84 38 86 54 41 69 26 36 31 28 26 86 74 99 51 60 6 3 44 9 94 100 66 29 24 28 93 20 28 33 4 36 26 1 58 25 21 84 82 52 45 82 12 90 15 21 80 23 56 69 75 66 83 6 43 91 27
2 72 63 96 80 20 54 1 36 75 98 78 67 55 10 34 6 53 34 40 90 89 14 38 50 83 14 86 89 74 4 76 10 41 58 75 1 28 45 95 38 16 94 16 72 82 36 85 59 97 42 27 54 57 95 31 36 99 75 53 21 71 88 99 55 81 85 77 82 67 54 46 53 69 8 35 85 18
