22 54
72 65 20 56 95 62 94 75 80 48 40 2 48 82 77 63 2 71 64 29 63 36 28 65 17 56 95 70 25 59 27 6 22 8 93 49 90 82 38 88 51 72 15 94 40 100 8 81 97 29 85 93 32 61
99 45 82 9 92 62 45 34 21 76 79 16 60 94 15 25 99 53 70 24 59 84 41 63 44 51 94 5 4 37 12 16 26 34 58 10 97 85 78 26 69 38 82 22 42 51 23 95 79 48 70 64 52 65
40 66 94 7 44 8 50 78 55 6 77 89 71 79 75 2 92 51 23 91 23 82 70 25 31 3 74 77 33 72 77 4 23 74 22 83 45 4 55 38 8 11 75 25 59 20 66 85 59 21 91 32 73 68
81 27 53 94 73 2 89 48 63 81 75 56 83 70 44 73 26 24 53 78 69 22 12 60 81 54 47 91 75 16 22 76 18 17 3 52 83 17 17 75 41 21 17 82 89 57 37 89 11 81 5 25 66 21
1 13 76 74 56 51 66 27 73 50 34 100 95 61 10 9 13 62 20 91 96 24 46 91 36 74 100 71 9 38 63 89 9 77 44 52 86 23 46 45 78 25 53 91 7 45 43 63 88 1 79 75 63 28
11 16 1 38 18 97 43 42 47 90 42 37 21 9 37 72 87 47 73 86 42 50 49 95 32 86 68 36 11 30 100 40 3 4 76 43 40 75 84 97 27 48 83 33 82 7 73 62 19 100 11 73 73 50
67 72 49 86 96 35 76 27 86 77 32 24 18 38 72 34 8 98 75 84 64 56 12 24 22 28 27 69 54 14 96 38 36 8 93 96 96 45 77 14 68 59 94 67 69 26 66 45 24 15 82 77 69 84
99 48 17 76 26 44 19 84 96 10 96 39 85 10 8 76 58 83 24 42 14 58 18 65 47 25 6 46 97 4 62 15 74 10 16 44 81 15 39 85 4 6 87 1 69 87 88 82 5 43 33 18 4 47
38 93 83 68 59 100 27 36 24 2 41 22 81 45 19 62 24 35 86 43 49 69 48 8 41 76 75 73 3 50 71 80 15 75 9 16 92 53 5 69 49 13 49 4 70 27 90 27 40 71 54 84 86 53
14 55 85 21 35 2 78 4 40 65 55 91 42 21 72 17 50 99 50 7 14 24 41 6 98 84 61 53 93 2 70 35 53 67 25 3 23 69 31 82 98 36 8 77 69 9 2 71 43 47 19 62 31 27
53 69 76 97 49 56 91 16 69 96 2 48 78 56 87 90 100 89 54 91 44 52 83 90 88 5 51 96 33 40 33 37 93 73 80 60 78 82 15 54 51 91 64 27 78 73 48 29 94 32 75 21 77 26
19 15 29 37 72 22 50 26 63 84 51 78 85 31 10 13 70 60 85 78 56 63 43 30 2 59 81 93 18 47 9 25 22 17 57 28 19 34 12 56 34 86 14 48 64 25 48 86 35 87 1 47 29 76
67 91 16 99 2 82 99 48 87 30 8 3 39 2 2 63 73 85 37 30 2 15 40 87 84 93 99 30 69 96 17 15 36 36 67 9 55 52 21 68 75 9 100 93 41 26 53 73 7 91 1 21 99 47
34 60 54 42 53 1 47 23 80 55 8 4 6 34 10 91 81 44 85 13 95 51 58 2 95 21 33 36 30 70 89 51 17 8 14 32 34 53 37 64 71 68 65 48 22 25 1 23 66 74 13 52 100 22
87 64 41 26 23 69 35 69 24 68 90 64 64 45 18 17 97 93 66 18 34 80 14 78 94 7 85 21 35 84 60 93 22 53 95 32 92 58 69 90 84 46 9 82 92 83 52 5 57 16 96 34 91 28
55 38 20 41 73 38 79 22 26 65 24 49 84 15 10 27 55 78 85 97 17 52 98 71 28 38 44 79 18 72 28 40 57 56 42 91 23 75 85 98 95 45 53 27 60 12 28 84 62 96 8 40 55 54
30 84 75 82 82 64 79 46 53 83 71 100 26 62 14 43 46 32 66 57 66 41 100 86 10 56 61 44 27 33 14 95 89 84 33 16 62 88 84 70 22 15 61 10 31 58 23 50 100 95 49 69 89 41
4 98 5 24 69 75 60 62 15 79 21 53 46 93 42 6 61 51 75 74 61 11 85 55 78 29 36 48 57 58 43 52 27 99 75 92 6 80 45 24 65 70 23 61 32 19 45 76 61 21 100 89 76 66
48 100 34 43 59 67 80 15 85 98 18 73 65 12 67 99 60 83 97 97 8 62 86 1 91 24 96 77 2 75 61 56 12 42 68 48 23 20 50 8 2 43 48 28 7 24 88 49 47 7 3 47 2 96
74 100 69 83 31 78 63 98 34 100 1 65 83 65 62 55 70 81 45 82 14 73 42 91 14 57 80 63 62 68 51 61 4 82 29 17 26 9 20 80 27 34 72 93 72 5 95 80 17 95 4 89 36 3
28 58 61 63 30 28 78 73 78 36 26 30 24 30 60 16 58 26 45 2 47 50 50 44 21 82 11 50 94 98 21 82 42 25 88 20 4 11 81 32 27 56 93 65 6 97 74 41 7 64 32 29 47 63
94 19 58 42 11 60 31 18 38 31 9 48 92 87 4 89 24 16 85 74 36 93 56 92 96 88 53 74 75 82 61 98 32 61 69 56 49 19 99 60 46 69 100 31 49 40 69 49 50 82 62 98 56 93
