57 88
23 92 57 83 25 84 60 22 13 78 98 38 87 28 80 62 40 11 79 37 16 1 89 16 100 32 67 18 10 64 42 18 66 12 53 48 87 16 47 52 98 49 25 35 70 62 11 63 18 26 100 66 51 49 91 18 44 63 83 7 26 90 1 64 19 4 4 11 16 53 21 11 39 26 89 99 42 14 36 33 8 16 62 68 23 73 28 58
56 7 75 92 47 58 73 31 18 78 65 19 63 42 35 42 83 88 40 8 6 64 9 96 93 21 35 69 19 77 15 41 79 56 88 6 32 57 97 99 94 8 79 41 48 7 3 16 71 43 12 83 6 69 87 47 15 77 66 79 29 74 38 75 81 3 8 66 14 46 43 12 64 61 4 66 69 53 10 40 31 27 51 75 64 64 55 20
38 85 55 95 21 23 44 72 56 95 77 15 64 33 14 86 71 66 79 63 96 91 5 31 50 40 91 15 37 93 31 45 83 68 82 1 36 60 49 11 81 80 18 12 95 38 78 41 52 78 24 63 37 17 34 1 4 75 42 22 60 17 37 95 98 83 75 32 54 1 33 46 35 31 98 68 63 58 71 32 94 49 79 45 81 100 11 6
30 20 2 37 38 3 19 77 50 9 46 82 98 39 8 27 76 83 7 84 59 100 25 52 82 59 60 8 51 55 14 66 20 89 46 85 22 67 63 69 36 58 23 25 97 45 86 15 60 32 12 76 88 53 73 97 88 17 71 5 80 42 89 72 53 60 2 43 66 34 48 17 71 2 50 90 18 68 44 34 64 2 65 20 57 12 77 63
7 90 96 44 76 34 11 21 6 4 46 46 66 39 89 39 64 6 83 61 42 2 92 48 92 82 98 71 83 21 70 53 28 11 68 17 50 14 56 77 42 58 34 77 59 34 100 85 83 1 98 5 85 53 71 56 67 83 95 43 57 100 44 73 26 71 1 67 27 42 31 8 14 13 6 7 89 76 92 47 47 40 52 48 38 37 90 63
41 18 52 66 8 50 32 61 38 22 28 64 66 59 78 86 1 61 86 29 7 71 41 51 72 9 15 96 66 16 19 73 20 86 49 57 76 14 24 30 55 80 94 22 4 47 36 50 40 18 78 19 38 2 59 91 96 86 77 10 76 32 100 30 69 23 18 56 72 12 46 28 94 90 61 82 17 36 42 46 23 33 3 9 81 30 86 69
12 15 72 74 48 1 67 78 75 85 68 18 48 81 25 71 95 87 43 36 56 2 34 20 33 45 95 82 9 93 98 51 7 26 22 56 4 85 94 1 52 65 93 89 34 96 48 46 21 39 62 27 45 60 13 89 79 22 7 43 70 10 67 10 22 85 25 75 70 94 80 82 68 10 2 99 27 81 41 10 28 6 32 21 81 42 83 73
24 97 40 49 51 41 66 21 60 20 35 41 82 79 60 10 84 96 88 29 38 4 91 24 62 45 8 100 40 56 76 95 93 93 8 42 12 63 33 62 75 45 15 12 49 37 36 9 84 100 57 19 12 46 86 81 56 40 30 37 97 55 61 48 29 30 77 18 59 23 69 15 83 78 13 5 55 11 71 43 43 53 67 57 8 94 77 84
73 33 89 88 9 2 32 29 37 57 29 63 97 53 15 29 90 94 29 20 23 53 65 39 94 51 21 18 88 53 18 68 63 66 23 97 4 41 91 36 45 17 26 43 81 62 33 60 57 98 39 8 85 96 14 35 56 51 6 99 56 2 93 4 98 42 19 27 13 25 32 5 36 14 79 84 96 69 61 32 38 21 39 11 47 82 14 33
46 72 28 85 90 33 84 69 79 22 45 96 80 21 17 10 87 81 84 24 13 2 98 37 45 91 41 55 18 65 93 6 67 26 70 73 7 82 8 75 62 64 90 38 54 37 9 90 61 44 49 27 66 6 39 74 10 96 69 53 21 81 80 98 80 21 100 90 2 98 77 2 26 55 16 10 27 30 31 92 19 26 2 11 3 68 18 8
91 53 67 5 14 37 33 56 37 62 70 75 72 40 7 38 39 40 44 88 94 99 13 29 4 44 15 7 77 52 62 75 39 5 59 95 33 89 9 30 13 12 76 91 60 13 43 34 67 97 70 35 28 20 10 21 89 8 12 38 48 35 35 51 92 60 18 62 19 5 1 38 9 96 34 51 76 63 95 51 24 29 43 33 72 85 46 87
69 61 65 13 19 71 97 76 15 19 98 67 88 30 31 5 80 69 8 23 12 20 41 81 86 100 25 16 47 95 45 21 97 68 30 92 63 95 40 97 95 45 5 55 95 55 89 55 43 79 43 63 29 24 23 56 54 3 30 41 12 61 59 81 81 59 43 55 63 16 24 95 8 26 57 87 37 12 93 52 1 34 33 11 63 21 51 76
51 61 84 48 68 40 44 64 56 92 25 37 76 24 73 22 28 83 92 86 53 82 65 91 51 43 23 94 57 41 95 12 90 22 65 32 23 35 52 6 47 87 74 59 66 18 43 2 9 27 60 87 52 24 92 78 44 37 6 25 28 91 65 70 11 31 63 75 24 58 36 75 33 54 43 94 4 46 90 59 3 70 95 81 53 70 21 83
94 76 88 73 35 88 64 60 9 59 56 43 60 1 10 11 87 39 65 68 66 97 3 89 19 45 80 81 17 4 38 47 30 17 63 87 11 95 64 95 69 74 67 25 62 1 59 57 40 78 86 61 74 6 32 19 53 19 11 15 44 83 26 14 14 11 1 78 91 52 65 90 66 72 68 61 99 5 100 26 77 33 40 75 17 85 67 54
60 48 4 35 5 78 65 99 26 70 92 37 60 80 39 67 5 42 79 43 82 5 43 34 10 66 38 92 34 27 90 30 52 56 55 45 17 38 35 88 73 35 39 75 2 5 18 80 74 35 40 86 64 74 38 1 6 97 76 22 94 67 87 55 2 24 40 32 35 54 84 31 52 73 29 61 12 5 70 54 88 100 35 23 69 23 27 46
58 76 29 87 48 85 4 72 34 63 55 9 20 30 88 89 83 80 64 11 59 68 59 53 19 8 100 75 96 16 92 99 81 45 27 67 50 42 91 95 68 10 44 4 75 18 92 86 77 48 63 65 18 89 17 73 100 63 19 12 18 58 40 50 47 79 45 28 96 41 63 74 11 100 95 1 45 43 38 85 34 66 90 82 6 12 41 18
15 29 24 94 18 95 47 100 90 43 39 89 91 62 32 94 95 93 20 100 13 12 35 56 51 77 97 72 78 57 93 23 75 99 100 35 81 94 89 85 28 99 17 85 11 34 42 15 77 13 40 92 72 41 24 97 8 94 12 1 67 25 66 65 17 24 9 33 70 56 38 73 73 70 67 77 39 60 5 24 37 9 25 19 54 27 11 85
12 52 83 86 45 91 57 20 33 88 96 6 22 67 66 39 62 73 62 9 4 56 65 23 78 96 100 75 98 41 34 60 28 15 75 99 55 11 88 4 69 68 94 60 12 90 45 61 55 90 20 77 1 18 94 74 65 46 66 9 17 35 31 2 11 79 62 95 85 18 21 33 36 67 78 51 25 66 47 53 35 60 46 32 39 19 36 46
13 96 10 88 98 6 40 58 74 65 73 88 60 59 11 26 28 17 75 93 85 77 40 64 75 51 57 79 30 6 31 11 99 41 31 2 70 93 28 82 53 88 85 40 84 54 45 77 70 15 95 16 55 89 24 81 42 28 19 75 97 11 15 45 58 73 15 57 68 84 30 60 7 28 88 100 29 40 17 8 37 48 61 38 44 10 3 30
89 50 50 62 32 7 97 91 79 12 61 83 1 76 12 53 52 22 24 40 9 27 10 84 34 100 48 29 95 59 42 33 31 69 80 4 41 45 75 98 78 39 49 90 21 76 41 52 2 5 47 48 83 42 12 4 20 16 46 14 97 68 71 55 37 34 59 83 97 22 22 19 58 66 42 14 15 4 49 91 82 73 31 67 45 50 7 6
80 70 58 100 77 77 24 96 35 88 13 69 87 44 7 72 83 59 22 41 16 60 64 68 87 83 63 94 67 69 15 92 53 97 40 89 36 43 95 24 8 67 24 52 96 65 61 13 7 20 48 45 63 53 50 57 27 86 11 46 27 54 16 7 40 26 92 27 18 29 46 11 100 40 51 6 95 84 15 40 39 8 1 20 1 38 67 96
6 94 62 20 42 9 94 63 29 15 2 51 70 47 40 64 77 97 38 27 86 74 39 47 82 79 71 44 49 80 12 30 53 83 18 11 38 83 98 8 99 83 71 17 48 17 68 65 60 65 77 65 81 90 60 35 58 50 67 50 68 89 75 2 88 58 94 90 15 67 38 26 87 10 45 69 86 40 92 60 32 89 8 87 69 64 41 40
51 64 13 89 94 23 49 66 50 46 22 20 81 2 95 72 56 73 25 35 85 27 99 65 63 83 23 48 10 5 12 2 34 62 50 71 98 14 91 40 7 76 18 82 83 98 14 4 55 75 91 30 60 35 17 6 13 54 26 21 3 36 100 97 71 78 32 50 32 40 91 13 17 67 79 44 73 21 37 84 27 49 76 23 60 63 98 70
71 2 5 70 93 21 97 4 81 74 64 7 85 91 71 77 93 99 15 94 84 75 42 40 73 17 22 70 16 91 66 52 45 92 33 75 27 72 63 5 45 42 67 6 53 71 17 96 74 52 55 72 16 74 35 42 81 5 59 79 58 43 73 49 34 79 92 35 62 78 55 86 62 64 76 99 39 22 51 33 90 63 12 5 80 48 58 93
34 60 62 10 63 20 7 29 30 16 19 39 62 74 63 68 93 90 74 89 24 38 24 57 57 31 8 75 61 37 50 64 100 95 58 78 10 69 85 28 51 49 99 60 98 5 8 42 89 28 63 38 92 54 87 9 56 52 20 80 14 59 83 68 44 13 21 84 55 83 57 85 31 56 94 24 46 93 14 6 55 12 58 52 2 51 58 27
19 47 73 8 8 8 92 17 86 82 42 49 64 28 40 78 34 5 90 11 96 8 66 54 59 76 90 96 86 52 52 23 37 67 6 65 46 27 83 27 34 99 93 46 2 22 51 85 49 94 49 55 37 62 82 23 52 11 9 22 85 29 17 47 27 92 38 78 9 33 91 17 86 19 62 70 52 89 100 55 51 49 85 74 72 13 16 17
82 38 74 33 83 31 33 13 28 95 43 58 85 24 48 76 73 26 21 68 96 99 37 76 42 93 25 42 38 31 82 76 87 40 33 51 31 16 12 11 69 43 8 38 33 75 91 97 5 68 54 71 26 70 41 99 15 39 81 17 54 64 66 44 92 93 78 54 62 22 34 63 37 68 65 70 90 39 14 42 22 86 65 32 75 94 19 22
84 34 13 43 6 2 15 100 48 69 86 71 75 33 76 29 77 26 34 94 63 14 50 7 22 47 70 27 51 9 85 35 57 14 97 22 90 51 40 61 65 1 15 18 51 76 12 7 93 6 47 33 37 75 63 30 90 52 69 12 65 65 46 71 98 48 89 37 11 58 59 15 7 52 74 62 38 55 51 96 8 19 88 1 67 78 50 81
5 23 11 34 42 57 78 98 93 62 29 59 45 84 47 50 63 10 83 97 95 54 70 99 39 10 53 28 86 88 69 2 68 82 26 59 73 90 53 56 89 14 41 13 11 32 48 94 17 60 19 93 54 70 71 89 93 13 58 31 98 48 81 35 38 77 95 37 31 83 43 48 88 56 29 43 66 54 74 74 36 13 64 15 57 74 64 74
3 31 95 50 82 14 15 97 65 18 47 9 24 64 56 55 14 99 81 49 9 42 65 55 49 77 60 11 45 18 15 34 88 21 12 72 22 87 94 35 89 43 92 31 35 73 92 89 89 51 98 78 81 69 29 9 43 89 21 49 45 67 98 16 61 5 2 79 47 10 5 7 39 84 24 83 56 31 55 2 14 48 98 3 62 54 7 72
59 44 53 49 83 92 12 73 94 66 7 97 25 7 10 99 39 3 86 60 52 65 81 46 60 87 82 81 7 58 37 20 64 34 71 86 91 81 61 62 10 48 53 79 27 79 60 40 100 54 1 15 63 51 71 45 12 59 67 54 8 87 56 64 15 80 39 21 50 62 8 36 61 92 78 93 6 73 11 26 91 56 79 52 32 42 55 90
85 52 51 50 71 27 69 86 96 61 40 34 39 48 23 62 56 65 76 31 50 77 15 57 71 54 7 27 84 69 34 46 13 79 80 23 69 74 78 36 42 53 72 93 52 54 1 67 95 27 13 100 86 95 56 100 93 87 89 52 43 9 73 45 92 19 53 7 89 2 85 35 18 28 46 17 50 49 74 86 97 71 15 97 54 40 54 97
96 23 81 22 44 12 98 55 7 40 46 92 52 97 88 75 43 51 58 16 7 8 38 24 79 79 17 39 63 71 57 54 13 26 19 23 95 48 75 16 34 42 86 84 25 59 89 47 26 17 52 44 3 51 54 21 9 2 3 60 1 25 49 52 32 53 19 53 49 92 63 35 36 54 19 47 78 26 18 17 70 47 89 86 22 78 80 85
50 77 9 80 91 80 42 71 68 23 85 73 26 33 22 93 38 63 36 31 23 88 73 83 32 56 7 38 59 34 13 100 18 42 83 13 34 66 85 62 22 85 66 23 25 70 43 2 87 86 45 71 17 44 17 50 63 24 67 20 14 6 41 45 58 28 25 49 38 87 56 83 57 46 92 66 83 47 88 82 20 2 2 18 84 35 78 58
100 55 73 71 64 62 93 42 70 28 83 37 14 90 32 56 90 78 12 84 79 21 44 53 1 51 79 17 27 84 84 46 75 54 50 16 89 15 19 13 9 28 21 13 86 3 58 42 64 9 23 79 98 26 67 6 13 65 33 28 87 55 27 32 75 12 100 36 12 20 13 83 24 43 83 65 47 98 76 73 12 4 35 40 35 9 13 3
100 77 98 99 79 28 99 26 13 57 77 93 30 45 93 47 86 18 34 65 37 23 28 80 58 46 46 7 55 91 34 6 63 42 95 29 28 92 92 17 88 38 83 71 14 71 13 7 92 23 80 8 63 43 21 37 13 55 30 43 34 42 19 16 26 80 25 39 30 14 62 93 61 70 4 12 9 53 60 29 26 25 82 8 10 98 26 82
85 39 13 62 51 9 82 36 36 72 38 38 56 39 66 46 15 61 39 70 66 63 82 18 67 84 17 63 69 34 17 92 36 39 38 98 99 16 44 40 34 25 68 84 50 89 22 35 59 80 3 90 46 46 30 82 80 25 39 61 73 85 97 47 15 55 61 4 5 100 53 70 48 75 29 89 65 2 19 93 57 25 62 4 81 28 22 1
92 63 90 44 25 90 70 95 37 81 22 56 6 8 58 40 97 23 19 23 29 90 10 89 28 91 31 60 78 80 37 87 51 78 25 35 42 34 36 23 32 75 40 46 45 100 73 32 93 60 16 68 5 75 45 24 89 95 70 98 85 15 23 23 63 11 79 81 76 16 63 21 92 88 21 21 11 13 44 62 5 74 18 66 38 31 10 41
39 55 59 5 24 95 60 66 58 28 74 47 54 8 19 79 34 33 52 15 92 30 18 24 57 14 68 75 40 2 84 51 75 14 58 58 24 55 25 4 56 96 45 21 45 98 68 94 62 84 34 14 55 75 2 40 32 91 58 7 34 46 50 65 12 45 11 21 88 47 28 65 2 36 76 39 92 19 75 98 39 12 17 23 40 89 78 40
3 77 32 28 48 37 90 68 27 78 43 10 26 64 46 13 32 2 35 60 44 10 70 58 85 78 34 1 97 87 85 54 33 4 14 89 19 54 83 80 51 11 60 61 90 45 87 79 37 9 34 30 24 95 14 12 46 44 33 30 43 65 31 51 11 69 76 61 27 26 73 89 9 100 19 61 37 7 60 69 1 66 9 79 65 39 72 2
56 61 15 40 9 27 24 34 49 95 42 69 87 56 72 23 13 60 61 20 99 44 35 85 98 75 36 92 3 53 66 73 7 45 22 17 97 26 36 13 14 99 16 57 24 60 88 77 34 39 36 100 51 30 86 72 25 2 79 41 17 89 26 37 48 73 20 31 83 57 39 30 34 28 51 25 5 66 65 17 1 77 86 82 70 85 51 73
37 43 19 49 27 52 74 77 54 48 19 74 52 61 69 66 26 54 85 52 3 47 43 77 97 42 25 1 79 35 32 74 80 17 78 94 26 17 36 51 54 38 45 60 60 21 62 37 98 81 99 47 66 86 62 29 35 99 91 79 39 90 32 25 90 8 1 38 50 40 99 13 72 4 72 51 74 69 86 99 13 6 98 31 13 80 62 83
79 72 67 90 17 1 19 79 60 92 81 66 70 58 54 56 51 33 30 65 31 45 78 39 96 88 28 82 72 67 12 50 19 47 16 28 58 33 24 64 42 78 56 14 71 14 19 76 60 9 54 40 78 70 68 19 91 11 23 60 80 1 50 9 6 6 24 39 78 61 49 40 43 97 84 6 9 68 49 41 94 12 4 65 36 7 21 33
1 28 29 51 13 10 46 81 10 24 18 91 32 5 57 3 96 13 36 49 11 52 96 19 2 15 48 51 64 100 2 14 86 9 76 57 22 37 66 18 60 6 46 38 21 29 80 56 56 82 99 8 49 83 76 49 60 53 10 96 99 70 42 66 67 97 43 68 96 97 80 12 11 51 68 86 48 10 78 68 4 89 11 32 68 52 73 40
99 55 90 82 80 80 100 92 52 89 58 58 67 93 50 22 4 51 96 97 26 71 16 79 43 50 91 55 20 28 4 4 7 80 40 78 61 42 74 70 72 79 29 55 74 30 78 46 42 30 22 13 74 9 84 69 2 35 71 33 96 26 47 57 65 44 96 76 95 77 55 42 84 22 16 77 29 30 59 50 82 37 55 3 53 35 11 14
65 50 35 76 97 6 83 14 45 31 6 16 80 52 2 25 35 3 59 91 53 24 89 71 8 83 53 18 30 5 53 33 75 26 83 10 95 4 92 1 38 82 71 94 88 11 41 3 98 65 50 52 6 57 32 81 59 41 21 100 15 19 71 11 65 88 95 84 4 37 19 40 97 100 1 93 30 10 27 32 64 16 61 33 55 16 79 23
31 45 84 3 89 90 51 5 58 54 3 66 15 64 38 92 98 17 98 82 59 18 84 99 90 88 12 98 77 33 93 11 45 93 76 8 74 73 83 72 71 10 84 44 54 93 95 21 39 26 68 81 3 78 32 1 84 82 7 59 87 21 31 59 81 73 19 47 34 36 21 43 39 64 100 58 26 5 97 27 79 50 45 66 25 83 27 35
45 17 99 51 74 66 50 52 38 3 15 72 40 60 87 17 59 55 96 35 6 95 83 81 64 69 35 33 37 67 86 67 98 81 90 27 70 38 74 46 45 33 50 18 5 67 64 93 51 83 97 89 11 71 95 24 99 96 32 93 85 77 95 33 58 55 29 28 10 49 59 1 18 2 55 79 45 96 4 12 58 40 77 54 100 49 36 64
47 2 43 84 58 70 71 75 98 46 17 80 74 22 94 8 64 15 13 65 19 24 22 14 80 51 62 82 38 26 78 49 25 55 59 24 87 84 31 35 45 58 68 63 15 57 29 1 79 67 58 5 95 45 36 79 10 99 22 47 32 41 89 95 44 84 54 21 73 66 89 58 56 56 80 11 25 2 85 14 88 54 1 51 14 62 61 18
64 96 83 76 59 83 73 54 5 43 47 69 63 8 94 28 39 99 100 74 3 82 47 84 35 61 6 6 24 24 9 17 45 50 12 12 43 79 62 81 99 87 10 15 7 47 91 97 29 75 88 62 26 32 65 18 23 70 85 28 44 90 60 30 86 62 96 24 43 5 56 69 75 93 63 90 97 34 59 21 19 33 55 97 6 32 89 94
81 28 30 91 39 64 59 14 39 64 73 96 28 13 23 46 5 71 6 83 66 93 9 23 56 84 63 91 66 42 66 58 92 4 53 92 12 94 16 61 83 10 58 100 5 4 91 12 84 88 92 66 22 96 19 100 17 100 19 46 2 67 12 96 97 64 78 15 4 45 8 3 18 22 19 27 27 85 92 35 1 76 51 31 76 96 64 16
29 13 15 45 83 87 2 90 64 71 46 27 3 52 75 39 5 47 4 91 49 77 55 50 67 60 68 57 85 85 84 7 81 88 91 91 89 96 54 64 80 81 79 86 32 67 26 70 28 93 77 22 68 46 74 2 15 27 40 78 76 69 87 77 84 44 35 45 67 64 7 48 93 11 18 98 55 51 67 72 58 33 54 37 23 70 43 67
4 25 45 76 54 66 45 66 43 2 20 83 46 42 41 1 8 40 84 28 82 79 4 53 28 98 96 8 28 5 20 25 19 31 80 92 59 71 62 17 82 40 32 37 57 59 28 54 85 76 11 88 22 99 39 57 26 81 13 58 32 81 31 28 100 16 90 50 10 93 10 79 84 100 72 22 73 17 13 12 11 88 53 82 66 44 78 68
62 36 34 33 65 12 98 95 42 80 34 94 63 14 25 36 26 50 29 11 42 70 98 47 27 71 45 62 7 53 88 69 43 82 68 95 59 21 47 83 33 16 55 23 51 100 7 40 3 53 65 61 83 46 92 30 1 85 70 71 80 46 37 49 59 60 73 61 89 41 65 53 22 15 11 54 14 59 25 14 40 1 34 14 24 84 31 11
24 15 94 2 95 52 93 100 63 44 23 67 4 87 4 67 9 25 9 91 63 9 77 52 48 82 30 98 70 36 20 68 8 44 32 3 68 81 19 18 62 68 40 37 28 47 20 57 54 59 5 58 19 16 97 16 64 76 71 99 29 98 93 54 94 12 80 74 24 20 49 30 21 63 30 14 88 58 29 61 7 24 3 99 9 88 47 39
16 28 51 19 84 47 20 21 78 59 86 2 27 66 46 42 63 82 48 27 88 66 83 49 11 88 91 9 2 79 25 57 55 74 84 48 28 66 67 61 11 50 10 93 48 97 39 20 37 47 62 25 41 97 66 66 64 47 73 6 74 23 25 41 89 80 29 60 57 87 100 34 6 44 96 41 100 32 22 73 42 37 91 10 99 55 58 88
86 26 65 60 72 28 9 1 52 40 30 83 42 19 50 71 30 98 72 59 3 71 24 77 11 25 5 70 85 19 75 99 27 44 35 60 21 16 4 47 65 9 79 35 31 48 48 37 40 26 10 11 83 27 69 79 60 82 51 15 68 49 98 83 88 14 35 82 84 21 1 96 11 4 16 83 77 41 24 36 20 43 39 53 75 19 86 97
