53 38
14 52 20 47 52 18 79 5 11 39 46 53 97 34 72 95 76 86 89 16 40 22 5 57 89 24 3 5 16 39 50 60 37 47 34 42 31 8
38 99 19 85 33 8 50 60 7 67 50 83 58 6 59 36 24 81 86 25 50 97 46 93 17 15 85 11 100 82 21 21 30 20 31 99 78 36
23 9 76 12 50 17 18 11 68 66 79 49 54 90 18 29 75 96 94 48 58 77 40 49 76 84 2 24 73 93 7 39 64 68 91 54 22 65
29 13 99 73 42 12 89 22 51 93 13 16 30 66 19 69 12 33 72 62 11 64 10 98 14 70 40 55 73 17 87 30 76 18 36 28 90 25
22 18 22 70 87 64 20 8 10 66 64 48 3 99 55 90 42 7 51 33 73 70 25 93 65 73 38 8 51 77 13 6 55 61 30 50 40 57
4 16 69 9 6 17 83 42 53 91 5 99 97 9 1 82 56 2 16 41 23 53 67 4 50 74 26 64 35 75 9 86 98 61 5 57 80 15
82 12 26 15 7 83 28 32 85 39 24 1 67 43 35 32 29 2 46 13 12 95 94 35 14 84 35 11 98 30 49 68 18 40 12 47 55 18
80 84 5 56 100 40 83 43 39 45 1 70 27 34 21 77 58 4 26 23 86 6 32 74 46 47 100 63 58 1 30 93 85 28 60 30 25 8
32 64 27 72 67 86 96 91 68 27 71 36 7 82 4 46 90 19 58 40 19 24 56 91 48 20 36 11 4 24 61 22 18 51 53 9 30 91
2 95 39 48 42 37 67 49 52 31 66 25 69 51 25 8 11 63 61 98 21 95 75 15 43 33 49 7 99 68 80 79 4 59 52 73 38 26
39 85 6 97 14 73 96 100 48 43 38 63 24 51 54 23 66 82 51 88 33 93 8 9 27 78 6 93 100 22 23 71 11 26 18 40 99 71
9 55 77 92 29 69 99 33 81 23 21 82 77 37 53 60 20 76 100 56 24 42 75 6 54 56 19 79 21 92 85 78 46 100 84 27 92 91
76 13 73 71 7 79 94 27 90 49 68 93 15 24 87 82 72 25 17 81 23 61 90 17 39 51 39 35 29 33 8 72 56 90 99 23 42 72
82 38 32 59 79 36 76 66 66 90 29 8 95 30 66 63 46 44 35 65 11 9 88 30 41 84 39 18 50 19 96 9 99 81 35 48 78 26
70 75 45 36 76 3 29 99 81 82 87 99 79 57 50 52 96 78 25 3 65 41 18 83 62 39 87 34 59 61 79 69 6 15 85 97 90 49
89 36 20 58 59 12 48 86 36 46 38 47 50 1 5 96 55 19 84 54 25 72 31 68 64 87 49 93 61 10 79 47 74 69 19 66 50 73
58 33 82 49 18 80 7 82 73 11 6 79 26 22 78 39 85 1 41 82 8 22 89 46 23 16 44 11 2 94 58 76 92 73 91 43 28 95
40 82 47 33 78 36 71 46 48 76 23 75 76 8 90 89 66 40 33 37 88 88 80 4 97 8 4 4 95 86 12 17 66 73 44 71 7 4
25 42 21 21 81 35 99 31 46 23 67 30 67 78 21 9 82 93 22 28 16 11 23 88 69 41 48 55 51 56 58 21 42 63 93 15 5 81
6 37 19 59 76 15 75 66 55 67 28 72 2 90 89 76 29 40 16 75 95 97 94 45 22 65 35 73 35 94 38 68 11 89 2 6 58 31
50 85 31 100 86 23 48 81 19 67 32 49 58 33 25 97 95 49 51 38 32 71 35 63 27 12 32 71 43 80 55 42 88 45 12 34 12 98
52 21 74 43 41 37 84 32 4 53 19 73 62 18 16 1 53 56 57 18 76 79 42 40 54 11 84 7 30 40 49 98 14 62 53 89 66 43
5 3 8 63 66 9 30 39 25 81 66 43 48 50 84 25 19 14 52 73 7 66 42 69 27 91 83 88 98 13 74 55 84 12 55 25 36 44
59 8 45 1 25 22 92 59 19 37 81 12 27 53 62 32 99 95 28 56 18 15 83 14 94 41 4 67 47 33 37 18 82 89 53 25 62 95
48 58 41 95 21 8 66 80 87 9 81 69 21 77 20 27 21 12 84 53 2 53 28 81 8 65 26 89 13 26 17 93 82 78 6 55 51 58
1 82 27 58 28 23 94 80 72 36 60 88 31 60 34 26 16 96 63 74 47 70 36 84 47 11 24 80 63 29 39 55 45 19 61 99 45 77
22 98 98 91 83 14 80 76 76 49 13 38 16 60 61 39 96 18 84 47 47 80 59 5 37 98 17 48 39 7 95 27 34 6 38 2 16 81
9 66 23 27 62 30 51 93 81 53 43 20 34 64 87 49 30 92 48 32 54 27 15 14 39 89 79 50 73 15 45 10 85 15 25 39 56 62
58 33 78 82 86 27 87 54 23 83 81 44 34 5 30 14 10 14 28 59 23 50 98 40 35 77 76 49 16 70 26 25 60 37 89 15 21 15
10 77 1 39 39 98 5 4 39 95 84 16 78 17 54 71 49 87 14 45 75 81 85 48 52 7 16 77 8 24 96 32 48 25 67 61 60 43
94 94 49 92 33 63 65 92 14 49 79 62 50 6 69 40 8 72 90 61 91 56 61 93 74 32 87 90 42 84 65 46 16 14 2 91 88 49
30 26 30 91 15 75 46 41 6 69 77 82 77 5 53 62 32 91 81 82 98 29 14 1 33 58 13 73 60 78 51 58 4 45 13 18 29 97
11 22 67 59 75 95 24 92 38 81 35 68 87 52 90 28 43 96 72 81 7 90 90 72 28 3 83 91 100 85 73 31 85 8 55 20 3 67
60 6 85 47 12 26 85 87 21 44 20 8 19 30 76 58 41 21 92 52 20 22 75 93 44 19 84 56 70 75 81 93 83 96 4 60 67 75
91 38 26 98 47 69 5 37 50 45 36 9 54 60 2 76 45 14 82 28 24 5 76 96 49 10 43 12 9 37 30 17 68 65 85 40 22 68
22 13 13 22 79 16 32 12 73 43 4 27 37 26 89 92 62 39 35 62 100 100 81 57 63 63 6 70 23 56 50 17 58 24 35 6 18 90
72 79 74 26 30 52 75 49 34 40 79 40 86 68 56 6 40 22 18 40 7 59 75 28 38 87 30 13 74 84 14 43 32 58 40 12 24 18
71 61 20 98 76 19 68 52 61 44 73 89 45 62 32 80 21 42 32 3 45 77 72 85 70 19 66 36 99 71 2 93 77 31 43 38 24 44
99 15 42 57 42 8 54 88 25 22 22 77 42 84 12 22 59 80 71 98 34 58 11 18 4 52 58 53 99 23 59 67 88 97 4 88 5 19
52 26 53 80 12 12 22 39 94 41 84 78 75 20 70 60 29 21 90 80 57 60 92 74 81 20 59 9 30 47 63 53 4 68 34 92 78 65
22 100 55 42 14 30 57 62 69 65 100 96 3 32 63 12 57 34 47 52 91 76 80 41 16 63 72 86 38 35 41 43 98 22 83 82 75 62
30 30 70 26 33 7 40 5 38 6 3 40 44 61 86 25 63 78 68 29 15 36 58 59 43 26 12 85 63 31 41 71 60 98 78 82 99 34
89 7 96 32 10 15 20 92 58 25 26 30 94 18 14 59 38 24 31 90 59 62 6 78 73 99 50 36 1 98 62 74 18 13 25 20 22 44
52 42 80 51 1 1 3 58 83 37 42 30 34 43 2 81 88 28 87 58 20 18 87 61 82 37 19 11 23 92 59 67 79 89 12 56 92 95
79 67 29 43 85 79 58 93 46 25 78 31 51 67 66 78 83 84 16 16 35 95 36 74 72 47 65 59 97 32 88 16 2 82 56 93 9 90
86 80 63 39 71 89 84 91 29 86 74 2 79 24 31 30 55 21 86 72 39 95 1 6 84 65 28 38 93 56 100 81 47 77 92 23 91 53
64 30 29 77 17 45 15 47 55 27 13 53 62 88 56 88 74 55 20 8 13 56 99 46 3 81 15 86 47 32 95 87 49 27 60 83 1 94
65 31 47 32 89 94 93 64 100 44 53 22 85 78 48 83 94 97 82 25 41 80 74 50 93 74 88 30 100 4 89 59 60 62 27 69 75 59
82 27 16 54 62 96 42 76 30 21 59 88 84 89 89 60 26 14 64 44 81 32 36 4 44 4 32 14 38 35 72 38 96 27 78 90 45 36
99 64 59 98 37 82 15 59 32 28 55 20 77 76 79 97 65 47 33 52 70 74 78 66 26 47 74 72 21 36 97 11 45 72 71 31 32 25
29 89 57 50 21 55 66 66 60 96 30 29 61 52 25 10 61 73 32 36 93 27 6 32 72 65 11 62 38 32 45 12 67 79 28 93 16 64
90 90 46 42 19 46 36 4 77 9 24 40 23 18 97 48 59 94 36 77 9 96 99 96 66 51 61 34 54 88 35 78 6 9 86 54 32 22
66 39 2 5 87 97 49 77 70 82 67 90 78 39 92 33 3 48 22 70 22 33 22 33 15 58 60 97 12 93 46 53 99 73 69 49 93 5
