57 27
92 85 19 32 65 73 61 8 35 72 34 29 12 65 2 42 62 59 84 33 9 46 8 36 100 54 52
84 95 93 60 46 48 38 28 59 97 79 25 11 89 38 23 68 54 68 73 15 27 25 45 23 82 92
61 53 8 46 74 20 59 61 13 42 32 79 95 98 77 34 93 43 29 50 99 82 87 90 77 43 55
91 40 62 79 23 86 60 2 77 92 34 51 36 14 77 7 68 68 39 38 27 56 22 3 85 69 51
59 15 58 16 44 38 89 18 18 76 38 45 41 22 34 40 17 30 89 33 31 39 4 96 20 6 3
7 82 23 78 23 85 81 93 5 4 54 57 59 21 75 69 12 75 34 69 84 77 44 93 69 38 66
6 23 63 38 49 46 56 51 20 78 54 86 49 62 100 98 83 85 81 67 91 13 2 72 80 12 89
70 75 65 89 29 22 34 42 52 38 31 67 34 66 92 90 14 54 23 20 39 56 96 94 92 81 52
75 2 59 35 75 91 46 12 64 53 77 79 39 99 6 39 80 40 32 77 53 46 68 3 68 20 38
20 24 47 74 45 34 61 47 28 65 12 78 88 26 97 42 69 4 52 90 28 43 43 47 9 39 50
44 40 36 90 7 58 39 52 67 92 71 67 91 37 57 64 4 16 61 67 65 20 90 79 49 39 60
34 14 65 47 17 61 13 67 72 51 36 78 50 50 9 98 40 55 33 52 36 18 37 75 72 38 76
85 35 7 96 50 99 86 15 83 31 64 55 62 99 32 47 14 10 13 93 14 75 75 24 21 40 78
5 57 98 34 13 16 1 81 4 90 39 21 1 49 34 56 44 37 7 32 56 59 91 4 22 72 41
72 50 6 43 68 93 87 69 36 75 81 80 50 49 77 61 29 61 90 55 33 45 32 43 71 85 93
10 97 62 76 82 73 15 17 5 35 53 29 85 5 38 10 100 54 37 25 10 93 1 17 49 59 34
35 91 15 28 68 7 98 55 18 13 19 23 67 11 19 21 30 84 80 10 4 83 30 18 66 73 10
87 80 30 19 40 89 81 42 8 3 45 75 95 10 26 61 42 40 1 20 18 32 49 77 63 71 67
41 62 58 47 87 93 29 98 32 69 95 78 44 12 56 13 86 57 47 55 63 77 24 74 7 74 89
98 92 69 51 56 11 52 7 31 44 82 21 82 74 50 33 57 19 98 85 22 89 100 51 1 1 58
6 51 67 7 46 96 66 1 55 71 61 19 74 38 78 58 12 66 18 88 75 100 81 53 55 9 99
98 56 15 92 54 16 11 88 15 31 42 50 93 33 95 38 45 7 16 96 17 66 57 31 6 77 95
21 29 29 33 29 6 18 14 3 62 80 27 87 80 27 80 40 50 35 34 50 29 6 20 86 59 11
88 77 43 46 75 8 78 81 11 86 28 51 93 74 80 67 91 71 97 40 28 45 73 14 49 70 83
59 18 80 80 82 82 77 53 16 8 89 84 13 86 38 88 18 22 62 38 9 86 44 77 88 76 84
29 61 26 96 67 69 48 87 76 16 84 17 39 65 5 20 99 35 55 13 18 66 73 62 98 81 57
74 50 16 88 53 49 38 77 54 25 65 19 94 75 89 33 12 53 98 18 73 35 93 74 72 6 100
31 54 54 25 35 86 91 52 37 29 99 39 70 36 53 27 22 70 5 41 90 35 63 3 41 29 9
99 22 98 84 8 52 59 1 51 77 71 60 11 34 99 10 2 28 21 24 55 47 89 58 88 7 88
85 19 71 15 67 43 4 40 5 2 67 75 95 8 30 46 29 63 69 95 77 25 35 89 28 65 62
41 27 45 91 70 19 11 51 99 54 75 47 5 31 41 81 17 96 80 99 54 90 94 99 25 98 16
96 12 38 32 12 94 2 65 11 74 77 28 27 34 83 57 4 65 43 43 37 70 60 23 11 35 15
13 94 14 64 53 75 27 47 14 9 27 5 5 22 18 59 68 87 11 28 47 14 16 74 42 24 4
43 92 19 57 93 48 62 25 35 14 27 93 21 21 76 60 58 22 41 21 9 19 60 2 35 41 78
55 66 27 66 30 33 84 67 17 58 79 18 3 39 13 97 2 82 54 46 29 51 47 3 88 55 23
82 60 42 77 87 33 49 6 98 41 18 28 54 38 99 73 19 39 65 4 52 39 32 97 86 82 34
79 73 29 10 75 64 76 59 90 23 2 65 75 60 35 82 90 73 41 48 20 29 65 35 8 53 19
57 53 9 8 29 17 3 7 96 18 55 90 25 19 87 70 8 45 1 62 13 74 35 4 26 90 19
25 6 84 15 14 56 15 34 11 19 34 36 50 91 89 14 23 44 41 77 46 85 53 77 46 91 22
49 69 95 44 33 80 66 26 47 97 44 28 54 69 20 74 40 83 49 8 74 2 19 4 45 62 88
19 51 22 37 40 10 76 73 62 25 29 36 32 81 62 87 86 1 44 48 77 72 21 48 78 38 67
88 56 34 12 52 83 92 6 29 9 71 51 23 11 52 84 66 3 36 40 32 73 50 3 51 95 16
44 38 29 23 38 86 16 45 22 3 41 11 22 17 13 76 24 24 77 17 6 10 11 60 80 43 95
14 63 77 75 11 93 25 71 13 12 81 42 2 75 76 36 61 43 11 36 60 82 6 98 57 94 82
96 23 68 28 74 16 82 38 6 18 66 64 5 3 96 5 24 20 52 59 70 34 47 93 34 16 42
12 67 91 32 68 34 50 79 51 88 85 67 78 12 61 98 55 15 30 79 59 23 39 59 53 29 61
33 6 98 91 11 2 96 73 45 15 72 28 86 20 31 56 99 9 53 15 10 82 73 33 23 37 6
88 67 40 86 15 2 25 25 94 65 52 84 63 68 2 95 31 87 96 52 42 4 39 25 16 56 13
39 65 7 72 75 87 5 21 1 79 40 96 12 20 68 86 49 34 17 43 55 23 12 49 22 90 57
45 27 25 83 96 24 13 16 93 100 47 99 80 17 6 38 58 92 58 49 44 29 30 20 85 8 29
17 4 63 29 6 33 64 22 36 95 57 78 16 58 91 5 4 46 36 91 73 83 72 51 99 82 49
66 14 36 14 29 85 2 49 23 48 77 8 50 81 58 26 96 18 32 22 85 32 65 8 71 92 47
59 72 3 72 53 3 82 40 68 94 96 61 9 43 54 47 67 38 89 81 67 46 78 4 10 2 96
67 38 21 59 86 96 45 4 66 73 40 85 5 3 85 58 19 27 38 44 49 21 9 81 9 72 80
61 1 70 64 99 62 86 26 14 36 64 53 78 69 24 82 30 7 55 53 4 94 35 95 47 17 86
8 15 100 48 28 14 78 24 68 41 12 27 10 10 69 47 5 61 63 12 45 65 19 60 75 32 56
20 75 70 25 77 39 6 99 96 87 25 93 62 70 83 91 63 72 10 86 65 64 50 50 59 80 86
