90 45
93 100 70 69 97 56 89 4 86 98 12 56 1 38 21 30 47 71 41 35 72 51 59 2 25 80 49 53 30 71 59 56 99 74 90 4 58 54 47 2 54 39 37 81 22
4 76 38 58 41 79 2 49 62 7 3 70 37 40 95 48 68 17 12 76 73 3 28 6 33 43 27 14 14 77 31 9 33 19 58 78 48 85 27 22 100 4 94 64 61
35 29 37 80 83 15 94 37 77 31 14 47 13 66 63 97 79 80 85 18 93 20 17 15 81 77 22 59 28 31 89 88 79 31 30 92 24 84 72 7 84 19 9 31 44
48 76 55 64 68 66 36 28 85 34 32 21 5 78 81 46 84 79 86 95 96 61 41 33 37 71 21 100 92 15 100 77 72 5 87 53 20 28 77 74 100 94 22 34 90
77 25 37 86 6 56 6 49 53 5 86 35 65 84 69 75 89 56 73 51 79 95 36 20 48 51 68 11 12 37 48 69 71 31 10 56 25 96 3 2 58 86 79 49 5
33 38 16 42 78 14 33 9 46 41 11 89 12 33 6 76 97 63 33 5 87 53 75 32 7 19 58 61 31 96 87 55 2 60 86 18 30 96 41 47 68 34 90 47 98
79 18 91 54 14 35 18 32 10 74 3 86 50 77 100 67 72 67 56 29 87 81 53 60 45 75 25 61 81 48 14 100 68 83 35 92 75 14 46 88 44 87 59 27 100
44 86 76 96 79 27 44 11 55 16 60 63 5 20 53 88 30 75 49 49 44 35 95 20 3 17 23 72 22 98 28 73 3 12 17 44 87 32 49 91 17 30 10 80 44
19 72 25 7 10 35 58 53 92 79 30 26 24 55 99 64 99 84 12 17 8 34 80 64 48 74 93 38 20 2 6 79 55 47 4 8 93 57 83 4 88 56 17 26 86
53 10 1 15 18 62 11 29 51 16 57 25 85 15 72 100 44 42 36 70 68 39 17 26 99 99 94 18 42 68 76 16 97 84 64 48 92 39 64 60 44 23 52 66 9
94 71 85 60 39 83 22 28 81 77 40 93 4 34 82 82 37 3 56 23 84 90 73 97 59 49 76 69 86 74 12 10 70 40 76 59 71 61 79 52 45 21 64 19 8
2 33 18 82 24 44 76 57 26 15 21 10 93 53 98 18 93 85 48 50 43 79 27 96 86 83 94 24 72 80 9 48 18 30 64 64 82 12 54 4 57 73 56 83 49
91 87 8 17 16 47 84 67 53 70 91 49 92 12 10 79 6 76 12 15 77 94 47 10 50 35 17 43 27 22 40 93 19 72 7 30 86 3 18 25 22 6 24 11 42
24 30 13 54 78 39 25 27 50 30 100 16 13 68 51 1 39 43 60 96 6 14 86 82 4 5 84 75 73 11 43 43 20 18 3 58 28 91 95 71 39 19 63 26 66
53 21 64 27 61 39 6 23 16 16 72 42 33 37 55 53 23 58 21 83 8 69 89 19 14 6 85 32 20 3 22 53 51 70 27 39 62 45 98 40 54 58 100 38 62
67 70 48 86 39 79 65 73 86 4 57 77 17 86 71 42 53 78 13 100 18 51 57 85 51 11 26 56 25 91 46 83 83 92 9 10 47 30 49 53 90 61 36 64 61
36 23 33 29 93 72 50 64 70 30 43 20 17 60 66 100 80 87 65 17 86 64 24 82 65 17 60 38 42 26 15 9 10 60 41 42 64 37 10 9 34 75 81 37 81
5 84 43 11 14 73 20 76 61 48 51 56 52 42 14 30 17 57 42 25 50 85 25 14 60 7 65 67 38 13 82 62 43 97 56 45 77 13 8 16 64 49 35 83 34
82 21 94 12 4 48 47 93 23 38 27 81 55 50 39 1 91 22 80 69 78 45 17 62 89 51 56 17 21 21 7 7 33 92 72 31 86 18 15 57 45 60 15 16 20
23 100 7 41 14 52 26 51 58 7 16 15 6 7 80 2 74 99 52 55 47 59 9 88 57 86 6 80 31 55 37 87 82 46 67 86 9 89 8 96 52 8 86 69 28
5 97 93 61 8 43 72 61 48 32 85 72 86 72 60 17 14 92 64 36 43 27 53 80 95 90 77 86 23 90 36 91 19 60 6 95 61 57 84 6 58 99 67 48 29
52 20 67 25 18 43 64 45 94 75 90 70 32 81 2 68 71 68 59 76 9 81 91 30 38 86 39 1 26 44 72 35 40 66 27 79 25 36 55 79 76 20 28 79 70
77 5 35 77 21 89 33 69 69 43 31 91 52 44 89 77 17 45 2 66 36 33 28 14 42 36 18 13 59 37 41 97 26 17 97 48 23 97 72 10 15 48 29 90 52
28 91 33 70 71 40 56 43 77 88 98 46 76 45 45 66 22 9 15 1 94 69 64 33 50 7 54 47 12 95 41 95 88 6 88 39 61 73 36 67 42 36 71 20 54
24 76 51 75 29 45 5 4 48 65 53 45 14 3 81 51 81 14 60 48 27 87 84 67 31 96 60 32 11 79 56 51 59 10 95 11 75 23 53 17 69 27 17 33 91
79 49 16 16 79 65 50 76 58 12 19 96 62 41 48 9 48 66 27 39 15 50 75 83 2 80 16 84 22 98 59 4 12 75 4 74 71 92 33 35 78 89 14 56 89
99 10 94 88 45 45 59 95 100 94 83 80 79 55 57 22 35 54 77 24 98 15 10 58 98 23 84 37 65 63 45 32 30 29 87 90 78 46 59 51 37 93 33 7 26
95 93 32 10 43 64 78 47 60 17 7 7 37 93 77 9 80 9 45 62 10 40 26 5 41 28 13 84 51 21 49 85 71 43 22 1 74 11 22 34 87 73 84 79 50
32 53 12 53 39 83 95 44 63 87 14 51 29 14 74 37 61 20 36 59 39 30 61 18 29 88 95 89 65 20 14 27 61 36 16 47 72 94 97 16 30 11 17 3 71
87 39 47 95 15 18 45 54 86 10 71 23 20 82 62 90 79 11 59 70 48 83 66 51 66 75 33 8 85 10 34 8 58 79 64 63 81 52 51 7 28 72 87 56 14
2 77 91 57 7 91 13 60 30 53 72 79 38 28 30 13 8 16 6 93 69 64 95 44 14 9 30 86 7 44 56 14 48 83 24 15 10 26 69 88 25 92 67 18 30
89 82 11 48 68 8 83 83 13 53 15 100 24 64 26 46 74 11 80 100 63 53 47 64 29 79 67 24 13 89 61 35 63 23 16 22 10 3 24 31 100 92 86 58 7
64 79 54 70 6 20 90 46 23 46 81 16 46 83 34 77 61 57 68 55 94 42 70 44 90 39 98 40 29 97 23 16 94 41 71 47 84 58 38 32 89 36 12 62 66
100 53 95 87 18 87 56 41 54 87 3 13 54 32 3 42 40 16 40 98 40 33 78 85 35 15 96 19 10 75 67 67 64 59 13 52 89 14 19 99 69 91 70 97 60
57 17 38 19 14 17 97 35 52 95 78 5 15 86 58 22 60 57 2 40 89 19 47 12 78 87 68 81 16 27 40 45 28 3 50 22 74 87 58 56 71 17 90 74 48
28 29 62 60 78 18 40 95 42 44 97 75 93 73 4 51 2 57 97 7 37 44 22 47 66 58 27 7 57 45 92 47 15 100 16 2 34 96 60 52 18 96 86 41 61
69 64 36 96 37 36 24 18 7 33 32 44 20 38 12 82 64 33 27 86 16 6 88 22 2 77 90 90 94 85 11 2 40 7 66 17 82 51 80 71 27 28 16 52 44
46 10 85 58 43 98 86 36 51 16 61 74 81 51 11 14 69 26 56 95 55 91 44 39 56 10 43 17 56 40 92 74 7 57 17 35 60 46 34 96 67 27 96 4 50
72 36 73 74 31 53 41 54 77 69 64 72 56 75 52 15 32 45 3 10 80 51 68 31 84 20 9 37 29 59 14 6 5 98 66 4 67 10 10 91 77 54 30 80 60
62 36 23 68 62 30 5 13 87 52 20 76 80 33 79 66 9 22 91 90 36 33 30 89 6 66 6 67 69 84 94 67 57 34 75 52 35 71 81 22 44 79 43 38 87
7 72 18 63 76 23 86 31 62 86 48 39 98 87 39 90 82 31 61 4 37 50 99 34 15 55 12 3 5 27 42 89 76 32 36 56 78 76 39 35 82 76 31 1 25
38 40 38 33 36 62 6 1 78 18 28 97 9 23 99 79 86 75 41 70 3 41 89 34 69 83 11 100 62 99 41 92 79 4 36 48 88 90 19 75 38 1 4 1 29
98 61 44 80 50 72 24 66 25 81 39 70 35 60 73 45 80 99 74 46 49 86 55 30 36 61 1 54 92 80 84 94 87 40 5 83 96 18 22 27 12 77 50 63 66
89 27 57 6 2 7 87 16 25 95 40 66 37 22 2 91 52 17 20 36 9 29 56 26 89 25 99 34 45 22 16 38 51 77 26 45 38 55 38 64 35 47 61 74 46
67 74 49 93 80 50 34 35 76 7 47 4 4 22 22 76 67 45 61 1 72 49 68 21 11 12 71 4 75 33 96 74 66 10 3 79 1 66 37 7 38 57 78 21 44
5 81 23 29 78 65 36 82 20 16 48 26 75 71 27 51 64 70 1 10 98 14 93 53 43 36 41 64 12 94 37 71 86 84 57 45 99 36 96 14 33 69 14 84 72
82 41 60 58 71 28 16 10 23 28 83 25 29 4 33 61 92 27 27 39 36 11 46 68 10 92 92 46 71 1 94 100 74 54 29 87 74 15 62 66 97 83 20 88 14
61 53 73 20 35 64 98 88 4 93 97 81 44 17 53 74 49 27 69 40 17 67 23 28 13 58 3 19 99 3 4 60 27 93 35 46 19 76 37 19 85 40 47 55 78
31 76 65 23 83 41 91 54 93 66 17 94 72 3 24 88 48 50 71 15 16 78 57 5 73 23 80 54 37 60 34 27 93 37 2 11 23 23 25 99 67 20 93 60 66
3 5 37 19 28 91 24 14 56 63 61 38 24 28 6 96 62 64 70 68 27 43 56 2 7 60 21 33 86 79 97 34 52 38 42 21 43 95 43 40 100 22 96 4 71
87 25 55 91 50 16 70 98 17 31 4 32 65 34 44 62 37 85 96 13 19 73 41 68 100 56 72 58 83 62 78 34 85 53 48 73 15 92 58 70 59 59 42 24 100
26 31 45 93 61 30 1 64 71 7 69 90 66 25 93 77 14 48 8 85 87 7 79 69 28 65 95 71 93 86 18 73 25 34 4 16 52 18 14 76 87 28 16 85 70
100 87 62 84 78 25 57 18 50 28 6 24 6 57 91 41 43 70 47 30 78 98 6 12 59 63 44 78 55 7 77 19 95 99 9 46 77 13 3 23 67 58 43 62 5
72 28 66 70 48 7 17 26 22 70 78 22 39 12 43 20 44 58 94 73 9 77 41 68 69 64 77 1 88 16 91 66 56 30 24 29 72 22 3 54 74 82 52 34 56
40 20 100 58 59 26 87 74 79 92 84 83 84 6 97 18 81 38 70 25 9 96 71 74 13 12 19 45 88 58 15 5 12 89 46 44 81 8 19 4 83 93 100 84 75
94 22 32 77 68 76 24 17 86 76 39 27 39 52 26 69 75 18 94 59 35 90 68 92 23 51 88 72 8 72 96 52 19 40 62 2 24 56 31 9 21 21 65 55 57
65 11 77 8 85 79 74 54 45 89 32 76 87 34 20 50 68 12 72 78 43 88 2 84 59 59 78 86 41 65 48 77 82 55 100 53 59 33 30 13 29 71 13 31 61
99 53 99 1 18 55 97 88 42 46 36 44 85 48 56 37 4 75 20 36 82 93 93 5 10 52 53 77 70 42 43 35 17 80 10 58 72 93 56 54 36 54 45 83 83
87 64 99 60 56 10 74 12 53 40 53 47 23 57 98 14 41 89 69 46 37 48 7 61 18 27 86 99 33 11 61 31 59 34 17 95 67 82 85 65 76 28 62 96 46
82 50 27 24 72 45 16 72 16 97 4 58 73 86 5 45 13 73 100 35 13 74 52 4 76 3 30 62 46 16 94 4 92 100 97 47 17 45 17 56 59 50 87 84 78
24 15 4 100 23 29 57 6 47 22 78 9 11 89 47 77 64 55 6 22 24 49 4 8 77 12 15 64 37 29 33 87 28 6 75 63 64 60 99 8 7 15 95 69 98
27 7 26 13 49 44 20 83 69 22 20 43 85 27 88 3 78 81 68 16 32 46 35 59 60 10 72 22 54 37 51 2 61 81 56 99 54 34 4 8 10 64 81 9 67
21 31 42 17 72 12 10 35 89 55 80 1 69 73 89 11 13 60 70 37 18 53 55 36 40 99 47 61 99 84 66 40 81 36 89 28 85 100 54 2 63 36 79 83 66
48 63 42 18 39 94 5 66 61 72 42 81 40 93 36 31 5 71 99 10 48 61 58 42 39 86 4 50 66 89 74 87 52 28 83 98 41 79 11 45 49 6 31 30 100
13 21 100 15 3 88 34 90 49 20 93 26 44 95 80 4 49 42 94 34 64 54 51 58 40 33 43 9 73 17 47 62 55 31 85 7 74 3 59 23 57 24 95 48 91
10 6 55 48 51 12 2 48 91 66 21 69 81 51 88 50 59 76 80 44 81 64 100 88 85 50 86 69 15 44 82 84 33 31 58 49 66 8 83 79 10 15 71 6 1
66 63 9 65 85 82 19 53 55 35 46 28 91 88 14 1 35 64 10 96 85 98 28 17 85 98 90 79 58 55 68 68 52 61 48 59 21 41 60 26 11 12 43 69 82
12 95 27 2 53 49 51 10 30 73 65 78 26 39 78 39 62 83 22 77 39 65 49 93 33 28 44 88 18 67 36 78 51 28 63 79 66 9 26 4 87 17 7 97 100
12 40 89 19 89 3 45 41 15 91 58 41 93 51 45 1 71 98 24 37 46 18 7 42 63 37 85 73 35 1 52 47 93 43 97 63 4 19 63 2 50 89 57 26 6
91 12 34 66 77 80 77 84 97 30 14 42 13 89 67 51 9 23 16 56 17 99 69 23 6 77 82 15 96 93 19 60 40 19 9 60 43 94 16 62 3 24 1 7 96
78 21 98 85 96 47 7 72 87 90 87 68 33 98 85 82 13 61 97 70 71 13 54 14 70 9 45 7 72 84 44 83 58 97 87 23 90 3 46 70 73 82 14 41 48
26 29 32 88 64 64 57 72 55 79 92 92 17 4 11 60 98 3 15 95 92 42 46 60 40 31 86 20 76 70 61 73 61 9 79 43 15 57 38 98 3 59 28 71 75
59 50 42 4 64 50 71 85 95 6 3 71 88 11 13 45 27 61 70 28 87 73 86 78 85 51 24 12 15 54 32 60 7 56 43 54 65 62 91 21 95 58 79 64 64
51 56 36 71 75 93 39 47 12 81 55 31 1 36 30 26 17 23 56 90 28 91 87 72 9 10 91 98 56 56 78 8 65 73 34 68 1 76 29 3 11 12 87 59 89
48 30 4 83 80 18 31 32 17 36 16 61 38 25 6 19 1 66 91 21 8 2 94 1 81 94 33 65 46 93 78 49 81 76 85 63 87 11 91 31 55 56 86 73 37
59 33 63 55 68 81 75 25 73 67 9 12 51 8 20 8 94 71 83 26 19 2 85 83 74 48 90 75 96 1 12 24 7 2 73 27 15 74 63 71 59 89 83 75 44
93 3 6 25 70 57 13 36 14 61 65 52 89 99 18 60 73 68 99 82 85 63 95 63 63 69 51 71 36 21 44 36 83 26 68 56 52 1 68 62 78 83 77 32 14
55 28 39 79 40 54 14 31 14 39 26 99 61 21 69 94 46 33 52 66 45 10 67 36 14 93 22 9 28 51 75 100 50 84 21 54 44 28 3 31 6 81 73 63 24
57 51 33 54 88 71 58 68 67 11 54 92 58 100 19 18 75 81 70 77 36 15 94 12 51 53 22 52 39 66 98 20 54 18 28 32 94 66 72 87 60 48 51 95 35
99 80 26 52 25 25 26 70 53 27 60 69 47 54 30 7 89 72 98 62 85 4 74 6 65 47 6 66 13 78 19 34 51 61 9 76 55 7 18 75 26 6 84 19 5
21 49 11 54 85 23 15 70 28 67 14 19 52 81 42 83 71 56 2 9 57 37 57 28 42 78 79 83 46 97 53 24 95 54 80 56 98 37 2 33 44 67 80 4 82
48 71 37 6 98 18 21 92 64 96 8 98 25 42 59 23 25 46 40 58 84 17 87 62 70 31 75 76 27 33 57 61 60 88 100 40 37 71 86 19 92 8 98 85 46
95 87 10 81 60 60 40 14 92 28 97 32 97 36 61 33 73 66 9 51 12 4 40 61 13 65 49 39 67 11 97 27 44 83 74 90 73 73 80 50 11 83 11 49 14
31 78 70 40 46 71 6 16 16 18 94 71 74 26 72 95 31 69 19 23 26 8 26 86 66 95 31 51 83 45 96 84 16 52 22 69 70 58 58 28 84 63 25 7 20
19 6 37 17 14 38 41 16 66 15 19 40 48 93 24 77 31 29 92 89 85 6 74 2 38 54 28 26 78 4 83 35 58 7 25 69 59 68 78 79 70 27 12 66 47
72 82 44 99 19 82 83 59 36 65 92 44 25 48 35 44 53 36 40 38 54 75 28 72 20 13 60 95 20 24 93 77 4 8 85 39 24 78 13 34 94 59 87 35 85
7 78 15 22 2 15 44 79 23 42 1 13 64 70 50 97 1 73 68 25 60 23 34 47 27 61 12 58 8 53 99 61 46 60 29 29 89 63 26 90 92 98 75 56 85
2 70 78 9 33 63 31 96 7 33 40 31 19 43 10 67 51 16 64 21 100 1 88 41 45 95 51 28 61 97 94 33 79 83 30 1 42 79 58 77 9 42 40 40 88
87 56 30 28 67 56 48 84 56 49 37 44 56 70 25 98 16 71 68 43 50 7 80 43 50 34 3 60 64 29 63 40 14 78 55 25 55 12 23 8 65 59 94 69 39
72 31 54 26 31 53 98 54 40 40 53 19 92 73 45 96 40 24 90 78 15 11 5 81 88 97 77 8 98 32 20 10 99 84 81 34 83 90 70 11 13 91 27 70 58
