29 43
96 89 2 59 2 43 62 89 8 24 11 67 46 9 75 52 57 72 7 2 89 65 77 40 29 22 67 30 40 61 9 23 87 41 30 42 63 34 16 24 56 45 54
29 18 38 15 45 31 100 39 49 53 18 91 50 81 16 50 34 36 30 58 8 81 42 61 8 76 28 12 11 77 53 71 88 72 28 79 5 76 33 45 64 65 15
40 64 62 21 76 18 82 87 24 83 23 54 97 1 69 97 27 10 20 69 93 43 36 88 36 25 100 45 5 24 77 27 36 70 68 18 7 66 43 94 90 88 16
87 99 4 18 77 42 36 56 97 3 35 83 24 86 92 39 18 87 52 53 21 94 15 20 99 17 7 66 6 78 54 28 71 10 73 8 72 75 34 21 54 40 12
96 77 1 79 90 90 78 42 66 35 100 99 1 41 72 41 71 78 42 33 52 44 96 9 34 83 10 31 48 6 93 25 40 19 25 89 13 76 56 94 36 36 40
51 55 34 86 76 63 68 11 7 11 68 39 84 40 44 73 20 92 71 38 70 17 22 66 12 90 7 11 21 25 92 75 55 55 88 64 26 84 95 81 77 89 82
12 9 43 20 22 76 41 79 7 17 49 55 7 96 71 69 92 2 11 67 64 86 36 58 29 82 61 11 84 70 62 42 71 41 10 12 54 40 44 12 48 75 64
88 65 46 67 89 66 99 45 93 41 41 90 15 23 74 27 4 55 36 7 52 92 4 13 82 1 4 76 1 96 95 4 55 96 58 47 47 87 73 28 34 36 11
78 13 76 70 64 22 68 83 23 100 74 1 77 28 99 19 9 21 8 66 55 22 88 51 10 71 94 30 99 18 23 9 83 23 37 52 63 17 65 44 75 22 98
40 65 76 20 62 76 2 28 87 81 91 36 2 48 5 14 50 50 41 40 6 85 97 74 33 29 69 91 7 18 70 69 38 21 24 71 64 68 87 16 64 56 25
38 14 53 77 60 85 77 63 31 95 61 34 11 43 72 94 62 51 40 44 9 51 34 31 33 14 77 68 88 41 70 56 92 44 6 28 64 94 93 44 78 96 9
20 87 46 90 73 61 80 21 28 26 10 35 21 86 95 51 85 79 7 86 11 35 8 86 80 45 13 85 77 28 84 64 86 100 18 19 48 78 24 70 87 50 20
4 85 82 76 3 30 10 22 49 88 75 13 66 42 77 51 21 16 36 60 83 13 28 70 5 1 35 64 90 35 63 24 30 49 9 20 72 7 90 53 78 46 51
19 44 35 50 56 14 87 55 79 88 31 8 58 46 74 29 79 13 2 2 11 79 100 23 12 27 4 44 9 41 45 13 52 54 97 77 83 19 44 81 58 94 53
28 79 78 9 88 67 32 34 19 72 34 62 19 96 62 94 23 5 82 77 7 53 16 50 22 97 36 41 42 32 9 7 59 1 19 80 15 84 70 25 58 8 80
20 94 71 4 59 26 66 90 34 86 93 84 92 5 1 82 32 1 66 74 38 99 35 63 29 80 79 7 17 79 27 23 92 16 62 2 36 40 88 32 5 6 98
4 45 61 8 44 35 95 11 20 68 58 30 50 63 21 24 88 72 97 44 74 99 53 84 6 10 38 74 21 12 91 48 51 39 52 33 26 69 29 12 43 43 5
45 98 17 51 78 20 97 46 80 25 57 80 42 23 43 16 36 79 44 36 88 94 60 84 73 41 50 45 37 32 85 92 13 69 33 46 30 3 15 80 66 13 51
39 99 89 21 18 96 8 86 7 13 100 3 90 60 15 94 51 9 70 100 27 37 70 10 26 87 98 32 40 39 85 59 76 8 37 7 44 75 56 92 2 81 25
52 54 65 87 49 33 77 69 10 1 34 22 84 75 18 95 3 85 42 1 99 40 81 25 12 13 12 45 80 94 1 26 99 11 72 34 27 37 48 38 21 28 88
20 91 80 15 13 32 97 28 98 13 51 85 76 66 98 76 13 32 22 79 17 92 87 3 86 76 20 51 76 16 6 62 72 95 70 25 97 39 74 21 91 51 64
44 3 48 59 86 8 66 32 75 9 91 56 52 78 8 39 74 15 99 88 57 66 65 73 20 57 92 69 88 40 56 37 44 20 82 40 28 20 97 70 73 39 4
83 23 62 31 51 28 12 22 77 80 99 95 85 65 28 76 90 34 18 3 100 54 30 44 41 98 87 36 86 79 9 91 48 93 31 89 23 81 53 49 3 84 14
50 77 80 38 21 29 42 40 2 82 41 34 26 77 1 24 65 66 96 78 61 23 45 56 59 85 58 21 32 40 24 99 58 19 40 16 12 98 64 34 28 87 59
27 68 57 81 24 63 98 78 38 100 95 72 90 11 43 79 89 99 22 33 19 16 53 82 81 13 28 98 72 21 50 52 65 58 38 21 94 6 12 74 6 49 73
6 91 23 67 47 63 66 31 79 85 82 88 65 82 69 72 78 75 53 81 89 100 36 29 46 14 38 34 51 93 97 53 86 69 29 2 63 6 93 71 77 17 50
40 6 93 10 34 80 2 28 90 98 77 86 29 23 12 99 98 73 7 78 15 93 8 3 23 78 78 28 4 11 52 11 93 77 88 14 42 57 94 86 22 94 71
13 89 57 29 33 38 94 85 14 63 14 2 79 16 9 4 96 36 10 33 20 98 41 98 8 4 65 38 59 97 86 50 35 12 64 48 44 59 20 54 36 17 10
29 95 63 56 31 39 33 74 48 3 48 55 52 99 19 67 62 20 35 37 79 17 55 63 30 73 4 51 74 63 84 48 4 18 21 78 3 51 9 42 2 47 35
