15 81
41 64 85 85 51 28 55 71 19 57 18 17 2 81 56 79 92 94 1 1 47 61 43 48 98 95 92 92 22 70 63 8 53 91 80 9 91 71 24 40 10 12 20 39 17 21 96 98 76 100 99 66 26 87 9 21 38 53 97 31 72 99 41 33 95 95 6 24 7 55 8 36 77 12 58 58 48 9 18 63 71
59 64 25 24 59 43 71 99 70 63 72 27 63 33 52 36 62 28 98 46 20 53 13 45 79 34 98 53 75 18 81 80 46 92 52 58 28 17 80 92 37 74 21 52 91 11 80 52 58 73 71 85 99 54 13 77 9 46 86 40 82 72 13 16 49 79 17 63 74 14 81 2 91 15 91 3 41 59 54 58 95
68 18 91 82 19 33 46 76 60 20 77 83 40 39 66 100 17 32 36 37 4 65 20 47 96 98 59 67 77 66 78 91 7 16 53 96 40 20 100 2 39 98 54 96 98 23 23 44 67 11 93 22 2 42 15 29 98 25 57 81 49 88 42 16 17 81 18 54 93 44 22 86 47 57 90 32 71 85 23 36 19
37 77 92 8 2 58 77 69 30 92 26 8 51 87 45 54 65 91 70 66 91 9 37 44 5 55 63 29 64 5 44 66 61 89 8 70 99 98 72 86 67 81 38 100 5 28 3 10 88 99 83 67 70 60 78 26 49 82 26 29 86 85 13 29 8 52 21 85 63 23 9 23 33 67 17 54 16 15 57 5 42
63 93 16 9 52 5 17 71 22 80 44 29 20 98 98 34 79 15 63 82 28 24 94 24 51 88 19 41 8 51 63 18 91 65 49 56 32 66 45 17 55 17 92 90 6 35 27 39 77 98 1 66 49 38 38 39 20 74 85 88 8 77 36 17 18 22 55 10 57 14 66 40 51 90 75 56 82 37 35 50 75
43 43 73 64 42 94 20 23 55 66 84 23 4 44 3 1 17 100 61 58 52 4 96 100 10 12 97 25 27 41 72 57 17 14 53 22 76 4 1 100 44 53 11 100 43 39 48 55 28 2 79 40 25 47 77 54 21 2 3 87 41 31 10 2 80 88 36 50 60 39 63 10 79 53 3 95 22 38 91 85 33
91 93 15 88 52 42 18 92 63 87 59 28 20 37 10 21 59 11 77 55 3 18 74 63 92 13 6 42 91 42 86 36 53 14 66 45 69 24 60 54 58 45 77 79 92 100 38 59 30 49 78 36 64 14 67 53 73 17 35 50 12 79 15 63 82 44 54 40 19 92 67 67 67 61 46 62 27 78 38 38 56
44 31 20 26 39 58 11 20 7 26 6 15 87 80 80 60 1 46 98 87 48 83 83 54 39 82 61 5 54 45 99 43 10 56 6 89 80 71 84 69 30 64 83 82 50 16 70 14 27 15 90 56 32 14 19 31 34 72 69 6 85 92 9 78 76 51 2 53 30 53 89 40 20 8 92 23 55 48 86 56 76
44 96 41 58 85 86 90 91 81 89 42 59 67 100 61 98 13 92 50 85 12 97 1 95 91 29 16 32 27 35 78 65 54 40 92 68 83 89 43 39 8 6 89 72 45 28 75 12 89 45 44 9 9 12 4 96 53 67 40 39 90 25 55 21 9 95 56 83 14 26 46 59 34 78 92 84 62 14 58 77 92
100 99 5 100 98 14 47 73 53 66 9 36 21 81 34 44 9 12 87 10 28 76 90 75 79 89 30 11 5 90 39 13 14 44 43 60 80 45 63 8 83 72 10 54 53 28 38 36 40 38 4 96 48 87 51 54 25 57 80 76 10 33 28 50 49 41 97 94 45 98 41 85 30 65 77 19 75 50 26 4 94
13 94 84 40 52 53 40 78 69 72 96 100 4 29 75 19 48 80 58 9 18 34 73 76 49 56 36 43 20 10 41 54 45 84 45 47 60 89 36 44 63 15 36 7 63 14 65 12 59 4 35 81 99 12 84 20 96 53 65 64 90 54 42 81 10 8 8 45 13 43 90 11 9 56 83 55 90 38 8 26 100
21 65 32 55 36 65 67 78 85 21 82 32 73 52 13 85 100 92 35 97 83 24 37 46 9 18 37 78 15 63 75 26 50 13 62 76 81 76 35 96 100 13 65 63 73 46 36 4 33 38 80 79 28 32 32 5 60 77 32 69 71 31 14 60 16 35 32 8 81 82 23 52 86 4 78 81 44 49 78 44 14
13 40 42 20 14 16 92 30 19 20 57 27 87 44 92 11 6 97 74 50 87 3 47 99 19 12 40 95 89 78 41 57 10 99 56 21 15 51 6 11 29 6 12 51 12 12 41 99 99 41 82 29 6 64 46 66 69 19 34 89 33 88 100 8 41 74 64 44 51 47 43 31 46 25 60 99 29 74 95 44 5
76 52 6 24 69 15 48 91 16 81 12 58 4 87 52 13 40 34 88 45 23 71 54 38 37 71 46 67 67 70 86 77 75 91 93 5 26 20 45 13 78 40 62 47 3 40 9 86 34 42 43 61 12 86 79 63 35 35 26 66 69 86 92 86 73 85 85 12 92 87 61 18 9 26 33 25 68 25 3 50 55
52 80 73 88 16 79 63 1 19 49 1 74 91 75 33 35 74 99 25 62 82 100 82 9 65 63 23 31 8 30 46 63 40 26 58 42 57 94 10 18 43 88 25 50 1 79 6 16 4 40 57 16 95 37 39 71 68 17 14 68 52 17 77 14 98 26 71 3 37 100 33 59 75 62 29 80 32 52 52 68 80
