31 47
93 76 90 38 87 25 43 34 42 41 21 99 66 1 15 94 49 93 28 79 54 1 21 9 38 97 40 59 55 43 62 54 75 29 76 87 53 99 53 46 5 60 82 51 78 89 84
80 51 85 74 11 78 15 66 78 77 72 26 24 46 20 86 73 51 51 76 28 1 40 74 20 56 18 79 74 86 58 17 10 83 80 63 28 38 53 87 95 77 87 40 86 42 98
11 39 40 40 91 82 65 16 92 96 7 73 1 87 92 99 68 46 41 84 2 5 64 81 30 46 5 59 63 8 28 54 34 81 13 78 32 48 35 35 80 36 85 63 48 86 62
42 81 19 69 59 100 98 49 76 66 78 81 22 11 23 18 66 47 57 87 34 12 2 77 36 72 38 68 20 23 48 94 45 56 46 91 47 80 71 89 14 57 32 5 96 43 81
93 14 61 86 63 64 91 1 50 1 92 21 15 26 6 60 87 14 19 49 19 49 67 37 8 42 19 43 61 27 60 41 69 20 13 81 25 80 64 8 10 40 19 70 98 48 18
54 1 47 53 35 41 52 28 51 35 42 97 75 49 73 1 39 23 2 98 20 37 74 36 71 16 74 58 95 77 41 19 38 32 52 28 44 66 94 40 45 56 68 91 56 81 83
47 92 65 86 33 38 48 97 18 11 94 90 5 39 56 14 76 69 8 7 45 81 48 1 51 100 96 41 88 39 21 93 54 95 9 66 61 67 20 50 99 62 31 14 11 67 24
27 66 46 89 22 55 37 25 50 84 3 12 89 73 71 17 23 49 84 93 38 83 68 67 89 35 71 15 4 20 9 15 28 36 14 99 47 70 4 15 41 68 58 91 40 50 65
29 13 69 12 95 72 86 60 47 22 29 27 35 57 98 56 18 16 11 60 30 68 60 3 24 58 74 10 16 25 14 23 34 58 25 38 21 71 87 27 74 77 53 100 9 77 70
28 34 80 87 20 6 38 51 45 34 72 15 50 77 14 49 47 58 72 66 2 45 6 90 14 71 1 24 1 54 96 51 70 45 61 35 70 47 84 91 38 47 9 75 46 89 77
68 29 43 53 51 57 38 22 90 92 45 96 98 90 22 57 10 93 53 17 99 71 10 68 57 19 10 11 80 47 36 23 39 27 11 90 45 30 36 99 72 29 90 48 70 36 30
2 82 97 4 28 100 54 13 52 45 87 23 75 97 11 2 63 85 91 72 86 19 29 43 85 47 85 9 98 77 54 92 77 17 83 64 96 30 67 10 5 42 34 98 53 32 9
67 79 55 33 45 39 22 6 95 67 16 53 26 73 63 36 90 99 59 10 11 3 56 3 19 99 64 12 67 48 34 86 43 21 56 27 1 23 42 26 92 35 3 16 9 87 47
19 34 52 77 98 75 27 51 61 22 74 13 6 6 50 58 72 46 43 49 7 94 7 2 96 66 47 55 55 46 6 53 86 74 91 63 64 99 54 31 25 37 6 14 59 75 69
65 70 84 67 57 4 59 43 75 37 85 96 12 9 37 51 82 29 85 10 32 18 11 100 51 52 78 42 22 76 54 66 94 96 37 89 57 43 80 35 68 11 45 17 39 82 2
58 6 89 10 3 25 99 19 63 7 13 92 67 75 24 31 61 86 11 81 71 53 43 57 42 98 64 43 44 88 70 38 91 40 13 59 67 37 72 47 62 68 56 59 33 73 63
82 85 61 86 57 80 100 84 6 10 20 16 9 47 2 34 95 58 5 29 39 6 25 35 35 100 46 9 90 96 73 49 64 64 42 74 71 51 83 42 91 1 35 98 36 4 18
93 38 94 28 45 58 56 33 43 39 2 24 41 63 48 23 35 47 4 61 33 65 25 77 22 60 36 78 22 85 21 96 27 12 48 14 78 88 24 64 80 31 80 63 71 21 20
90 100 21 2 59 73 9 10 11 23 73 51 62 8 82 15 15 49 47 96 38 23 33 55 42 27 32 98 26 92 41 9 7 48 88 6 48 10 41 86 8 70 79 69 75 24 85
69 51 62 53 26 17 21 65 97 20 23 8 39 54 43 29 19 89 52 34 84 51 74 99 32 13 17 68 4 8 83 85 5 33 98 24 18 43 23 84 98 38 5 12 8 95 8
90 22 81 39 61 92 93 7 17 37 61 50 49 50 30 73 37 45 53 54 70 67 47 93 63 14 95 67 81 30 68 83 32 58 14 1 51 33 46 60 98 54 49 45 83 24 80
60 31 14 18 49 82 94 2 71 64 33 44 39 93 11 69 73 59 38 81 26 71 72 49 98 74 41 25 8 76 30 43 94 86 12 1 67 100 35 19 46 56 14 1 5 82 15
67 65 8 12 30 27 69 89 54 28 9 26 64 73 18 24 39 62 22 3 93 89 11 46 87 81 72 54 1 79 62 28 38 55 13 30 64 16 41 84 18 38 71 75 99 4 80
49 67 69 59 54 79 53 25 7 65 84 6 53 36 39 63 84 65 16 44 13 79 59 35 77 5 92 88 18 85 55 49 3 27 26 45 43 66 62 25 78 22 12 24 47 95 56
96 73 73 3 67 17 65 26 11 7 54 35 24 97 3 80 63 64 100 93 32 40 19 77 15 10 2 60 20 40 50 95 89 69 94 44 16 5 95 40 81 35 10 86 7 50 57
58 73 37 70 6 36 94 30 92 48 40 84 8 56 7 36 15 86 68 31 52 22 39 40 93 69 41 60 46 29 53 74 30 47 77 96 46 70 85 42 90 22 56 61 9 91 93
74 8 10 20 64 10 81 85 90 34 19 57 65 57 18 88 38 99 1 94 79 40 80 64 60 19 90 70 28 29 85 14 79 23 72 60 82 18 24 80 93 74 55 35 25 10 67
69 94 29 35 46 90 92 47 21 11 56 48 41 26 83 62 22 88 2 93 7 77 52 45 64 90 18 50 14 47 70 30 18 42 80 97 50 78 51 16 78 48 36 45 87 30 56
77 37 97 23 46 38 16 1 39 80 13 36 26 88 15 51 65 57 69 73 83 74 99 76 93 32 78 91 43 42 61 18 56 82 25 18 19 45 76 32 98 6 45 22 53 99 19
8 94 43 92 87 6 38 80 75 60 79 2 82 24 95 78 80 19 87 80 50 16 12 72 22 82 92 35 100 85 48 52 9 39 7 50 2 92 18 90 29 19 18 76 64 78 54
50 67 52 46 31 75 89 70 93 58 47 23 82 56 92 50 57 66 18 15 36 87 54 5 8 1 16 23 47 17 19 46 17 13 76 96 2 81 7 8 71 44 86 87 47 4 24
