48 54
87 26 5 29 62 45 1 31 28 24 73 2 69 2 39 70 93 61 3 94 64 56 20 46 34 31 67 79 100 87 47 71 30 23 58 79 43 57 15 39 82 73 73 61 2 11 31 32 76 40 60 5 51 38
56 63 36 75 92 36 23 39 55 48 54 93 13 41 53 16 88 95 22 98 29 37 98 52 16 8 91 11 19 72 71 71 64 68 97 26 8 13 23 71 43 90 16 27 18 91 62 76 4 67 2 37 52 90
35 25 53 19 12 51 39 98 98 21 65 21 70 23 56 24 62 43 23 59 34 55 12 63 17 83 90 71 5 31 74 77 67 18 7 23 10 8 9 51 91 77 21 59 33 12 95 69 58 35 12 22 97 39
95 55 82 67 78 64 79 92 88 81 36 3 17 99 21 98 72 60 86 79 4 61 39 35 82 78 73 47 6 91 58 16 88 62 40 44 77 49 72 67 10 14 28 39 96 28 13 72 93 80 7 19 58 87
1 9 25 81 89 30 36 91 99 54 39 37 85 20 67 43 32 74 11 85 17 40 64 76 86 88 99 31 90 12 34 74 97 22 27 97 33 57 11 25 74 29 15 27 96 49 3 5 3 99 56 60 54 36
84 18 8 36 3 57 55 92 56 37 41 93 13 75 49 88 11 73 30 85 77 12 2 77 14 71 65 67 97 70 43 48 89 7 11 45 81 35 38 77 25 4 76 16 98 26 65 35 59 28 14 33 76 28
77 98 71 93 62 38 13 40 32 47 22 73 60 47 24 100 55 72 49 48 14 53 23 22 89 62 83 61 44 58 89 76 46 60 15 96 3 7 72 56 57 59 100 26 17 77 57 17 38 73 39 48 94 33
51 63 45 88 56 52 63 48 80 51 17 69 34 87 62 44 35 65 98 62 46 90 11 41 55 8 40 23 84 68 94 60 71 78 73 87 18 29 83 23 72 9 15 80 83 82 80 47 50 44 87 54 57 59
71 45 55 31 87 56 79 80 53 38 26 22 29 45 56 29 16 11 45 35 10 32 94 10 66 93 56 27 72 53 72 47 55 34 80 98 28 22 29 37 75 38 53 48 85 11 95 3 70 39 4 40 23 90
76 78 54 22 54 17 81 27 36 42 93 56 15 19 92 94 74 98 68 10 12 35 61 80 66 12 89 76 77 64 59 2 41 2 86 14 63 71 26 6 69 42 39 26 32 100 89 96 65 72 100 28 86 23
26 70 78 95 13 55 15 12 37 68 76 15 97 16 64 11 100 28 30 61 19 66 30 73 81 7 94 9 8 13 16 80 30 19 43 100 82 81 95 11 88 75 42 56 54 50 93 88 13 95 88 55 56 66
61 32 43 25 26 76 26 84 33 39 42 16 48 91 68 97 85 21 66 1 43 9 27 34 41 78 23 53 82 90 69 19 74 67 31 100 65 10 55 31 94 23 79 5 21 9 76 14 40 95 70 36 86 75
83 93 61 22 4 7 97 80 16 89 69 93 20 69 26 1 64 80 10 20 72 82 99 5 76 79 8 80 11 97 87 25 86 90 28 19 46 12 53 16 80 40 74 91 68 56 62 12 47 60 86 11 32 31
26 7 70 45 62 52 91 16 7 83 68 23 38 33 19 14 81 99 81 43 71 100 10 73 32 51 37 71 50 39 93 19 49 60 60 64 66 83 53 80 74 77 93 90 17 53 13 7 17 76 3 4 3 88
2 15 73 7 31 49 17 40 98 71 61 79 80 28 3 70 61 31 59 20 89 65 11 97 63 40 6 7 30 97 68 51 12 31 93 11 24 98 63 82 74 63 94 64 60 96 86 76 23 27 11 99 20 86
88 80 21 81 100 60 43 67 54 14 60 94 75 7 75 61 90 26 99 55 51 92 2 34 82 54 68 13 81 79 78 30 13 75 23 54 26 16 24 98 43 96 46 58 76 15 14 84 19 91 32 63 12 46
1 72 16 87 2 57 30 70 56 76 2 52 49 67 81 70 18 73 36 78 87 63 91 72 32 13 97 98 13 54 98 94 21 83 4 55 50 10 58 62 12 78 98 42 67 47 40 58 5 14 95 34 13 43
61 54 53 100 30 22 66 54 69 44 90 71 17 62 84 14 40 23 39 50 33 38 25 75 84 97 30 79 40 71 73 44 29 15 1 67 78 71 95 65 60 53 68 47 87 77 97 23 93 63 58 85 1 58
51 55 1 78 3 29 11 82 64 36 48 25 64 37 94 45 25 20 12 20 15 89 3 63 55 86 4 40 23 75 79 20 93 39 86 9 66 28 43 65 64 5 45 95 98 5 54 9 90 62 8 22 23 79
73 8 48 67 5 54 92 48 74 68 80 35 8 39 62 76 56 39 3 27 53 50 91 100 93 18 75 61 37 14 84 38 36 33 10 50 34 51 48 35 48 5 86 2 46 63 30 76 99 88 87 32 48 24
27 58 68 92 85 71 31 32 54 18 49 85 27 7 1 57 78 73 53 31 4 57 48 21 76 37 12 20 46 98 77 31 58 47 26 12 2 97 25 52 89 47 96 4 98 93 90 8 100 67 34 6 79 64
40 30 39 67 22 12 19 95 29 63 69 74 40 85 92 67 67 67 42 84 84 27 39 57 30 82 65 91 91 55 97 11 88 53 91 46 82 28 62 9 99 54 42 17 5 15 69 61 6 44 35 95 77 52
81 59 53 5 53 89 15 93 68 38 96 98 32 58 35 62 51 81 60 54 26 86 10 67 99 79 38 63 85 14 32 38 38 51 98 48 80 43 23 68 79 68 45 81 66 87 14 40 38 38 87 55 2 98
99 68 61 4 62 81 13 78 61 6 41 36 81 60 94 3 18 84 33 19 55 3 93 24 78 13 27 26 1 27 17 5 71 38 82 45 51 1 33 94 67 6 66 72 24 99 39 91 33 46 52 85 21 3
13 26 76 94 6 79 58 52 14 30 86 26 8 94 21 71 63 8 43 13 9 33 88 4 27 29 87 82 71 55 43 2 58 89 12 89 43 50 25 26 39 31 93 43 66 63 27 84 18 98 8 100 79 16
12 56 2 77 93 50 6 64 67 30 60 13 17 37 54 11 74 83 3 70 32 61 64 16 65 75 10 50 3 33 34 73 70 17 41 33 51 36 25 42 7 65 47 97 12 31 39 90 23 77 45 12 67 12
26 72 4 60 86 46 60 74 15 36 14 26 18 64 20 55 76 63 51 27 52 47 40 1 14 63 21 99 11 25 84 61 92 69 24 99 92 78 2 79 78 96 69 67 74 37 17 84 23 29 68 15 65 5
2 98 44 97 35 26 4 12 98 95 86 33 40 65 71 40 9 98 96 94 35 1 50 93 17 89 82 86 25 5 48 80 25 70 7 77 99 37 64 15 43 67 44 73 45 5 35 26 55 45 23 27 83 67
48 40 49 72 13 42 3 53 27 20 58 62 1 75 53 32 63 12 12 55 55 20 38 48 56 70 29 60 29 40 94 17 10 25 68 61 97 55 90 28 28 77 41 77 68 83 18 15 5 16 88 34 85 92
24 33 11 38 22 77 100 72 55 16 3 62 55 75 24 99 9 4 74 2 5 15 70 45 18 7 27 43 79 5 55 27 87 76 38 71 39 62 70 42 27 35 94 37 78 98 72 8 29 8 20 88 70 5
82 92 84 3 27 49 51 34 98 14 78 41 10 8 83 39 90 89 13 62 89 40 64 6 99 28 25 37 88 60 18 66 27 9 20 12 42 22 57 44 64 97 25 1 99 31 44 58 91 10 22 93 19 24
97 8 47 100 78 41 33 79 14 18 15 33 8 52 5 21 80 55 83 72 33 7 74 18 70 5 55 53 38 37 16 88 86 3 2 43 12 75 75 16 89 5 1 53 33 57 46 43 54 84 37 23 10 55
5 22 98 87 81 82 16 81 44 95 95 19 6 3 22 76 30 70 57 100 21 48 58 67 63 20 7 5 56 17 39 54 26 63 92 41 13 53 89 90 35 80 15 48 46 74 12 23 18 80 26 6 99 81
49 36 54 56 56 57 19 79 13 23 3 65 39 66 47 37 28 39 17 44 91 7 89 5 27 8 55 23 29 52 35 35 82 98 13 55 13 5 18 17 28 26 38 88 48 90 27 63 46 84 86 31 95 12
57 100 19 99 89 11 22 29 17 79 74 97 66 92 73 43 65 59 55 72 62 63 54 33 45 75 94 57 2 49 54 33 49 47 79 81 36 92 84 21 9 37 81 83 11 12 29 94 84 89 42 48 2 55
50 48 10 73 69 3 58 78 20 44 49 86 8 45 41 50 51 44 64 17 66 62 3 31 92 7 83 6 42 86 92 36 16 10 80 45 2 77 12 69 2 40 89 48 13 27 50 40 53 75 44 14 2 41
2 33 3 61 54 68 15 94 59 78 27 27 60 26 70 11 21 40 100 14 85 78 7 12 40 87 40 81 98 14 100 45 64 6 22 96 33 13 96 97 63 57 12 32 75 78 21 86 10 81 5 52 97 80
46 59 92 19 88 94 59 15 45 41 77 41 68 44 76 70 94 59 64 52 58 88 59 11 78 57 97 85 30 72 42 74 25 40 77 100 62 43 33 6 33 73 65 32 17 6 55 86 56 58 22 44 9 20
2 90 6 60 8 79 15 82 78 100 13 72 6 30 53 47 54 31 27 33 12 41 39 1 87 31 7 16 25 21 71 78 70 34 72 72 26 65 86 21 82 53 21 50 85 44 10 90 28 82 71 90 74 37
19 85 74 55 11 68 34 71 2 44 17 81 57 20 70 41 34 89 83 78 97 14 21 20 69 49 49 74 46 23 99 55 44 3 65 35 71 90 67 18 82 25 42 21 12 72 26 48 97 46 87 11 3 81
17 64 93 63 92 8 40 56 76 5 83 98 97 95 99 43 13 90 88 58 60 100 30 41 77 26 80 81 84 4 69 46 79 25 67 100 13 72 84 62 83 25 35 6 49 15 80 26 61 86 51 74 37 12
79 54 39 87 6 12 48 97 67 85 42 82 34 53 51 6 47 84 38 33 50 92 84 31 42 19 61 39 93 65 20 9 62 47 92 79 24 86 69 81 78 82 10 25 31 80 96 38 9 18 19 7 40 15
16 58 84 47 30 21 59 52 5 97 64 100 84 85 73 8 82 6 22 2 15 8 46 68 51 79 17 1 76 67 74 31 8 5 47 13 89 72 19 17 36 62 72 42 27 58 18 80 7 34 26 52 25 56
94 26 68 99 67 80 51 71 44 53 3 96 79 29 53 35 1 6 9 50 15 76 65 58 10 33 47 86 58 53 4 33 15 64 84 80 56 83 26 9 97 28 27 11 66 24 33 92 57 55 64 55 96 19
78 77 62 24 52 66 96 36 85 35 6 85 81 99 92 15 40 43 10 92 91 82 43 65 47 25 57 99 30 62 60 29 7 11 10 40 57 65 22 9 30 98 87 17 92 12 22 27 5 71 42 81 51 92
76 36 6 55 40 30 45 70 23 48 94 59 45 61 42 64 92 28 100 93 69 89 1 66 67 43 92 94 18 88 47 15 10 30 90 70 24 40 98 5 76 92 12 27 15 95 7 60 71 58 60 29 53 52
5 95 22 40 11 83 82 4 35 73 28 17 75 97 58 46 98 41 19 55 70 85 66 15 65 3 62 42 32 82 98 22 82 81 24 32 1 80 69 46 88 79 91 16 37 66 13 59 63 39 25 79 70 42
23 52 78 65 14 4 14 100 21 8 30 97 48 86 66 95 39 60 24 96 30 84 20 7 81 55 99 15 74 48 86 45 13 99 23 36 11 9 60 67 62 17 59 35 79 71 11 9 9 88 80 10 18 31
