40 85
57 96 21 77 75 39 3 44 86 79 48 36 48 38 97 15 50 95 21 83 96 96 72 53 33 98 19 93 56 55 46 54 18 47 100 53 81 22 93 62 76 48 6 7 64 31 77 67 34 97 91 46 11 94 26 7 16 32 18 39 22 7 94 84 68 8 79 24 90 72 37 59 30 14 51 58 49 61 16 98 13 67 37 32 52
19 5 58 99 84 18 17 44 93 94 53 80 4 82 6 9 66 10 69 8 89 73 42 98 69 19 23 97 31 76 57 28 39 66 92 2 20 49 65 71 65 10 84 39 30 14 48 48 63 48 74 22 88 42 48 9 19 48 37 51 89 30 72 83 79 60 87 97 76 18 18 50 66 4 49 50 23 54 100 17 20 52 40 39 8
70 26 48 98 98 26 23 14 6 91 32 23 31 94 43 1 78 12 3 97 66 36 44 94 94 76 69 45 13 10 45 12 47 30 88 54 22 49 84 54 49 61 93 74 87 52 53 15 60 15 84 82 83 17 100 28 75 54 20 73 51 79 46 77 43 74 69 57 2 18 60 32 21 63 84 29 97 47 28 13 36 91 86 68 32
76 49 16 8 48 93 65 83 61 67 50 42 44 34 32 17 61 57 9 25 71 98 12 57 82 17 27 62 76 37 63 55 49 12 60 57 68 82 100 20 47 88 88 30 86 65 98 36 55 40 89 45 66 27 62 57 41 95 71 35 99 69 96 22 20 29 97 91 24 45 19 66 13 73 51 17 14 76 97 93 90 25 14 74 88
34 19 51 56 53 90 98 22 50 55 97 57 92 77 93 27 15 21 89 51 73 78 14 43 88 61 50 75 79 71 51 82 21 72 54 11 34 11 71 10 51 15 71 41 80 52 27 81 28 59 50 33 61 78 50 49 25 79 31 66 28 50 61 86 22 41 7 70 71 96 55 56 81 81 64 34 59 85 29 30 88 44 72 15 61
2 28 44 78 99 18 68 78 16 30 73 10 29 80 45 48 17 93 54 84 9 92 85 47 45 52 10 34 13 8 1 85 75 64 4 77 92 25 3 90 8 100 84 29 37 7 1 37 87 5 30 40 50 32 23 17 76 91 29 80 26 36 48 97 32 54 37 88 51 92 41 16 74 55 54 55 53 48 48 94 26 60 42 33 76
87 58 25 61 55 55 36 98 63 54 13 10 3 19 12 63 21 32 20 36 57 54 39 87 90 79 30 25 1 80 50 20 57 84 50 24 59 24 55 38 58 40 4 56 62 22 89 37 42 14 93 20 48 54 99 10 49 39 42 85 20 35 49 2 71 44 90 31 35 72 88 45 19 7 27 27 60 19 27 72 47 2 41 94 47
53 57 16 37 50 15 49 50 27 88 33 16 61 63 19 91 100 61 40 5 1 26 83 35 80 69 61 54 28 58 3 51 87 70 22 59 22 82 66 70 43 64 18 76 77 6 70 80 6 64 34 100 24 97 91 41 42 64 84 81 7 93 95 35 52 65 35 50 9 70 55 4 5 44 48 63 15 75 4 33 24 62 68 20 55
55 64 74 10 97 12 67 5 78 61 51 47 76 88 6 85 86 17 88 96 30 8 18 11 50 13 58 48 87 66 10 57 38 17 40 14 22 9 53 33 100 33 67 71 1 4 15 69 93 52 3 68 60 73 76 21 90 68 44 12 75 15 6 8 100 7 61 92 95 61 34 19 33 49 92 17 46 64 98 64 40 7 72 70 43
40 66 13 49 41 22 42 30 87 6 71 86 33 33 75 78 77 6 7 3 86 45 14 17 35 67 24 31 67 68 52 27 1 79 39 61 17 36 100 95 52 72 22 56 100 98 94 1 60 57 58 55 67 95 58 23 82 96 48 86 55 1 27 24 99 67 67 15 20 75 13 15 95 59 17 26 88 10 47 29 68 4 78 25 18
16 5 79 89 23 20 80 40 2 75 54 39 10 14 23 45 37 5 39 35 52 68 63 16 68 97 34 49 58 60 29 71 67 84 35 31 11 72 11 61 72 45 4 48 53 10 44 65 69 35 16 74 94 95 56 45 81 40 88 44 59 76 74 71 45 49 9 40 52 52 89 67 61 43 99 47 31 4 96 91 92 93 69 72 25
38 13 42 72 100 35 49 40 83 85 98 64 58 90 78 67 25 51 78 64 83 68 7 8 93 13 76 40 2 89 18 13 85 30 84 5 41 50 51 32 51 75 75 47 33 6 86 39 1 85 89 17 7 72 65 13 55 84 80 92 50 3 20 55 40 19 18 92 51 87 63 23 66 5 99 94 28 85 75 77 9 98 4 5 89
46 9 33 84 17 70 41 90 40 45 42 24 48 69 90 58 28 20 34 30 98 41 53 61 58 3 51 93 84 1 22 35 29 86 48 58 39 18 85 76 68 50 90 35 4 32 98 82 30 47 12 97 57 78 13 22 94 58 64 14 89 93 43 87 92 36 7 3 100 9 6 57 91 18 84 59 28 80 97 47 16 95 29 66 5
97 46 58 66 49 41 10 14 43 17 16 12 53 13 58 98 31 96 53 48 86 95 94 12 57 73 42 84 37 58 16 87 23 62 53 80 80 39 7 79 12 74 58 69 22 66 83 90 47 90 81 49 85 95 90 36 82 65 85 28 73 62 17 67 56 23 59 48 6 75 11 24 75 21 17 79 22 94 82 48 26 4 19 40 68
81 77 67 48 50 30 85 22 33 80 29 3 64 20 84 76 29 44 8 46 11 61 61 19 90 10 100 47 94 85 70 47 48 1 59 54 54 59 27 33 59 69 9 13 34 52 6 97 7 77 76 9 7 26 72 37 37 5 25 27 1 21 91 21 48 57 82 9 11 26 58 73 57 60 98 5 92 67 36 98 11 62 29 62 17
76 37 25 48 87 56 58 72 45 26 82 66 25 29 28 40 45 89 71 2 17 37 44 10 77 28 34 4 2 16 70 61 11 18 23 98 22 82 7 67 64 1 48 77 60 12 64 94 98 70 10 67 80 26 65 68 58 42 82 11 47 80 12 72 95 11 58 55 63 5 15 58 53 42 56 53 76 31 49 47 32 47 99 51 10
77 13 31 54 12 46 51 32 44 1 57 25 54 86 83 42 53 25 62 26 82 73 62 28 37 18 47 27 9 37 50 45 62 3 2 74 1 81 72 5 19 96 4 31 85 85 43 75 40 30 6 22 89 85 65 56 99 16 20 27 12 81 84 10 68 96 97 24 12 8 82 31 38 95 14 38 10 20 86 59 96 89 63 13 34
36 53 17 45 26 4 43 48 11 42 10 5 24 81 78 86 30 54 56 17 34 62 43 7 22 28 8 7 71 84 39 91 31 43 49 19 9 82 85 12 30 99 67 35 58 25 6 31 48 83 9 28 26 4 36 24 69 46 84 11 87 65 40 70 62 13 37 17 60 15 97 37 67 63 83 71 79 13 14 58 81 66 34 27 59
73 11 11 69 43 97 32 54 46 84 52 12 73 17 91 56 9 85 27 41 71 44 16 42 10 4 85 10 89 28 93 24 48 91 23 87 87 41 84 96 12 7 89 21 91 78 76 76 14 54 18 61 86 52 92 40 55 14 62 3 2 97 23 22 85 95 15 11 39 27 61 12 26 14 65 91 29 82 65 41 94 44 86 26 64
22 37 77 68 43 78 55 17 34 34 96 85 17 80 52 86 10 85 39 65 35 72 40 81 15 98 79 20 96 42 29 62 89 17 59 46 59 25 14 72 80 59 59 27 8 50 47 80 32 90 92 11 71 1 16 35 39 75 25 44 8 36 18 90 99 74 5 31 26 63 25 69 58 93 2 35 20 89 55 66 16 1 24 66 87
49 88 1 72 11 24 30 53 82 28 95 51 76 73 10 76 24 52 36 71 75 54 45 41 100 61 83 66 61 94 38 81 48 51 25 41 8 91 19 64 37 92 78 57 13 92 48 41 7 51 63 9 36 19 70 87 89 73 67 70 36 7 13 83 2 91 47 25 88 51 30 75 57 93 5 77 55 1 87 81 17 68 36 7 25
8 69 42 66 54 46 96 72 3 25 87 83 81 61 18 96 67 95 20 69 12 71 91 64 81 50 92 62 74 34 17 10 6 11 86 40 28 81 64 74 97 82 23 30 87 97 31 24 80 54 30 70 80 97 23 18 15 1 2 18 31 34 75 47 72 79 36 62 8 55 6 98 81 74 82 24 33 10 56 24 2 96 1 29 58
33 18 49 100 85 35 65 55 35 29 43 39 97 70 50 30 16 42 20 85 99 92 45 66 85 33 95 84 85 28 12 25 57 62 79 68 57 20 18 59 37 11 96 14 37 69 59 57 73 1 36 46 4 41 13 91 64 18 26 91 31 77 28 58 9 32 11 62 86 43 99 7 64 5 52 78 48 10 44 38 29 65 93 11 78
88 48 4 90 87 25 54 24 39 84 85 56 17 72 62 14 30 62 22 73 71 12 19 57 35 2 84 17 64 28 98 20 55 73 88 28 24 20 82 27 74 62 61 26 51 39 25 99 35 100 53 43 57 64 100 68 22 97 60 63 8 97 99 10 98 50 19 76 2 91 58 21 42 76 63 79 92 12 51 77 80 76 40 19 23
15 21 34 45 28 58 53 63 72 83 4 3 9 35 57 71 74 39 92 99 11 94 64 38 75 39 26 83 88 41 3 82 27 96 14 78 33 89 7 67 17 90 39 55 51 21 91 68 20 88 42 70 23 79 63 43 31 38 36 66 38 79 33 24 78 6 48 28 18 94 99 82 11 3 62 6 79 32 91 10 38 42 51 9 36
69 19 74 74 64 78 44 63 96 33 59 37 10 88 31 28 100 35 51 23 42 30 8 99 33 32 95 20 81 74 5 13 5 65 10 46 44 33 69 7 93 93 9 24 73 63 26 7 92 18 93 74 5 45 78 21 59 18 73 14 56 47 11 51 51 67 21 44 10 24 21 46 29 31 16 43 2 13 83 39 49 41 18 1 62
89 94 91 28 46 7 83 60 14 13 50 30 52 18 88 3 23 84 96 85 59 66 21 75 24 69 43 4 95 45 3 57 90 74 59 16 11 44 85 60 4 29 50 19 73 97 77 39 42 70 4 68 83 65 39 80 94 20 77 80 64 14 23 75 14 96 9 60 65 78 54 97 16 41 91 89 45 2 5 5 78 91 95 7 73
32 62 79 62 68 95 94 60 41 96 7 47 6 31 84 25 88 19 18 98 35 49 1 80 97 46 98 34 27 57 89 92 3 7 5 16 46 30 18 60 98 39 86 80 15 83 71 1 34 92 12 43 90 3 38 14 54 97 85 91 54 50 59 97 94 49 36 89 16 78 15 99 34 28 88 54 98 95 62 100 24 69 11 21 53
38 9 84 69 74 79 11 48 6 53 75 73 11 20 88 11 74 38 42 47 55 56 84 33 29 84 87 82 37 14 15 38 42 82 81 47 12 64 100 86 88 30 38 56 72 49 2 60 92 66 43 22 31 15 30 27 22 62 24 48 33 2 50 24 35 76 30 78 69 31 42 6 70 38 98 39 29 18 61 21 70 32 28 88 22
24 1 20 9 40 2 46 17 90 32 55 45 39 81 68 51 44 64 50 86 87 24 38 2 67 79 91 53 63 77 59 46 20 11 84 36 85 37 12 65 39 8 39 99 44 80 71 55 45 6 88 17 39 83 13 59 41 76 27 57 8 64 64 76 47 59 91 41 25 10 2 41 12 43 52 98 83 35 24 61 79 20 26 70 82
100 77 28 60 18 56 29 74 63 80 4 88 82 45 9 77 60 17 97 50 7 70 11 11 80 80 5 1 2 66 99 97 61 24 16 15 51 33 27 59 6 2 6 67 2 82 88 49 92 7 36 100 51 65 75 1 13 38 43 5 93 10 86 51 88 95 20 43 30 16 37 16 87 37 81 49 46 3 98 72 100 10 47 51 36
42 65 57 57 17 78 27 13 61 52 41 21 83 61 51 92 24 20 59 28 79 46 74 58 10 62 67 78 4 42 31 4 7 28 98 1 83 75 76 24 83 57 15 34 94 36 20 48 81 8 56 81 99 5 53 23 100 10 82 46 91 17 39 6 61 43 76 92 15 14 35 36 44 29 48 61 86 40 41 22 71 65 34 88 21
82 75 72 42 32 20 50 49 87 56 70 9 27 60 38 13 27 30 68 8 32 73 66 30 48 75 83 46 26 10 59 49 89 100 13 62 65 73 36 76 90 61 73 85 4 82 12 21 69 54 53 39 97 45 35 13 87 94 9 58 1 92 61 39 53 63 3 94 77 94 71 51 80 15 34 23 62 93 76 3 46 50 65 65 65
13 90 5 74 9 63 55 60 79 91 91 60 72 73 32 39 27 92 34 34 81 49 54 28 38 61 99 84 95 95 14 76 45 42 25 13 37 78 21 52 59 71 25 44 76 31 70 61 67 90 68 80 64 95 77 68 16 20 73 64 76 40 82 6 36 68 73 56 5 36 36 25 45 55 41 30 67 34 35 53 7 21 79 34 44
90 90 12 88 3 97 50 19 78 93 67 38 3 1 14 14 64 48 94 9 59 23 58 40 49 51 32 26 70 74 31 8 37 56 33 70 89 64 30 92 32 8 78 60 11 5 81 67 98 2 85 10 22 4 59 68 84 46 14 29 11 77 24 17 41 3 35 65 82 80 75 4 66 81 56 70 16 69 39 81 23 8 20 1 16
62 15 62 99 40 55 12 22 29 89 70 60 91 61 5 87 98 10 71 97 38 26 23 43 89 21 12 30 12 60 58 5 62 60 75 27 57 78 26 3 48 54 44 93 80 25 11 95 27 48 48 44 65 77 68 3 77 83 19 59 88 37 12 50 49 83 66 79 53 44 47 49 71 67 54 49 30 41 63 66 49 86 64 75 52
76 76 9 94 32 6 59 78 83 19 38 85 60 36 80 80 18 76 84 86 28 89 87 97 62 92 85 2 43 58 39 17 18 44 63 18 94 50 93 89 69 96 85 12 50 93 65 90 97 5 60 62 56 48 71 5 76 95 99 5 58 75 59 14 6 56 67 74 51 35 1 60 36 47 4 25 71 52 46 3 88 13 26 13 60
68 49 43 75 20 16 89 86 66 3 26 45 23 49 39 68 53 32 97 92 67 29 95 53 2 83 4 30 41 21 73 32 61 10 65 86 74 5 4 72 24 51 37 11 13 95 67 1 34 48 3 85 41 67 48 53 70 45 7 98 84 85 24 52 10 21 92 43 89 65 49 48 17 32 95 12 84 27 68 54 53 28 50 99 12
7 91 11 97 79 93 73 63 47 64 87 44 30 9 44 54 88 4 30 16 46 84 31 17 21 61 86 88 85 70 50 17 11 76 87 58 45 47 35 22 34 72 23 62 30 2 62 13 94 65 22 70 43 48 54 87 83 17 78 27 85 99 29 43 26 43 60 38 48 11 40 28 34 43 98 5 20 53 68 5 100 44 79 34 81
67 31 87 51 58 95 64 71 69 93 75 69 76 32 97 67 99 40 6 95 55 73 88 48 44 76 23 49 1 46 5 99 21 87 8 20 83 91 100 28 80 74 85 79 11 21 98 98 90 62 7 62 67 24 100 43 93 64 82 46 12 19 18 13 18 18 92 47 12 34 45 86 96 68 100 24 32 100 86 46 91 67 36 75 23
