62 81
89 82 64 88 2 11 85 3 61 90 62 53 1 1 31 35 1 46 29 83 13 64 28 41 73 22 1 50 27 61 17 37 5 73 76 60 76 87 54 60 75 10 70 43 51 94 68 89 8 52 76 12 28 35 51 45 19 94 81 72 7 27 8 39 69 16 88 61 35 40 4 60 55 44 56 34 96 54 11 16 75
78 79 80 1 43 75 79 67 52 16 41 66 56 18 21 61 55 33 89 23 22 76 16 53 68 85 56 28 97 11 96 78 27 59 86 27 56 84 54 42 84 42 16 29 95 61 81 49 81 83 12 21 88 93 38 66 77 61 24 71 75 38 78 73 20 76 7 2 82 51 75 82 61 98 26 18 2 30 47 13 11
85 13 39 95 44 28 8 89 96 91 48 8 52 33 1 34 97 30 86 97 72 12 44 77 68 53 59 95 88 2 17 81 63 52 23 3 68 54 44 70 8 27 49 19 74 30 80 58 99 55 39 44 2 92 33 74 41 52 70 35 12 98 41 43 10 1 79 12 66 38 51 77 60 43 30 6 48 95 15 11 29
26 53 40 86 7 67 85 13 59 77 49 77 43 46 73 98 77 85 54 30 6 23 50 82 96 77 95 37 90 26 60 44 32 20 5 91 42 16 61 23 18 62 7 77 78 74 62 34 74 11 100 3 38 6 84 50 20 75 55 69 99 14 56 76 76 28 27 46 76 99 76 48 22 47 39 96 66 86 27 39 67
67 56 93 12 91 61 14 97 44 21 58 100 97 40 28 67 1 98 30 17 47 84 40 39 15 86 47 3 91 32 100 73 56 100 61 66 85 47 59 19 100 3 74 39 73 40 44 95 92 77 88 37 46 98 58 83 82 56 98 78 11 65 86 86 82 77 27 3 14 31 52 53 60 7 49 16 24 36 77 98 55
98 84 33 91 14 2 80 32 93 4 42 20 34 68 49 49 2 67 84 81 53 94 15 38 83 68 97 48 60 87 20 44 95 37 96 98 84 13 33 45 45 50 7 41 94 59 47 57 97 47 64 10 41 64 65 84 8 10 76 92 63 41 19 41 37 95 83 95 44 39 23 69 95 7 14 41 63 47 43 42 16
62 95 5 38 12 72 8 73 8 5 15 54 80 33 32 68 28 41 26 49 35 44 84 64 40 98 10 35 91 13 36 52 22 25 50 82 30 51 92 65 90 34 31 57 84 74 99 27 29 14 55 45 62 67 66 44 100 87 15 99 96 41 39 33 3 27 49 55 19 98 11 75 35 9 99 52 76 100 56 32 49
6 54 26 91 73 59 27 68 73 8 58 1 28 47 59 35 4 50 66 51 81 76 65 52 65 95 3 52 85 18 97 98 18 19 8 99 92 7 77 44 77 21 74 59 49 93 30 67 53 90 7 41 21 29 1 4 39 7 61 81 40 97 43 72 45 55 29 70 95 87 25 87 46 38 21 57 24 35 17 49 32
47 57 10 9 45 16 12 58 79 100 75 62 5 26 96 44 20 44 63 98 69 77 82 89 23 1 28 86 38 61 13 32 54 14 85 86 64 81 56 10 31 10 17 54 86 37 18 97 83 92 74 30 95 3 68 9 88 28 75 46 95 42 19 62 92 64 71 3 26 6 3 15 35 100 68 32 84 42 5 18 69
38 13 98 3 79 42 38 29 74 80 92 96 4 50 36 87 12 44 88 67 33 45 86 80 37 91 56 7 3 90 15 80 62 57 54 31 19 27 4 27 33 92 25 3 35 10 57 53 82 51 49 59 75 36 30 64 71 27 35 63 57 20 54 34 68 97 27 81 6 68 28 40 11 73 88 3 18 32 57 80 53
20 3 38 84 13 47 76 4 56 16 24 44 76 33 66 7 22 24 91 87 68 25 78 42 91 73 88 79 72 32 82 23 16 49 5 48 11 38 81 29 33 64 30 4 21 11 59 89 7 97 60 55 21 7 31 8 85 45 77 76 73 71 46 42 43 60 94 86 83 26 61 54 18 18 86 48 80 9 47 40 90
10 88 98 76 15 9 78 40 19 60 6 40 90 80 15 80 22 38 28 76 63 18 43 48 62 94 57 37 38 45 9 23 40 43 80 43 48 98 75 76 51 88 68 96 67 8 98 84 1 38 68 28 34 63 80 67 92 91 52 59 10 81 28 63 7 53 65 54 34 40 77 24 77 81 100 94 44 33 3 79 73
20 39 63 78 59 64 22 53 78 51 79 94 3 84 74 73 18 84 96 66 22 78 20 78 23 40 9 88 77 57 67 56 50 45 2 35 52 88 74 60 90 10 48 56 39 87 27 84 98 78 86 59 11 95 77 77 30 29 38 96 44 13 91 52 90 21 53 38 37 60 51 13 90 59 79 59 33 91 71 59 57
51 92 29 61 64 79 79 50 47 5 90 16 40 1 69 2 13 15 45 90 8 28 52 12 60 3 88 77 13 22 66 87 83 9 16 7 5 85 31 100 42 21 93 62 60 86 29 77 31 45 15 35 48 81 66 19 46 81 61 15 85 74 82 48 18 89 89 65 62 28 93 90 66 91 82 98 81 77 98 75 56
22 61 48 47 67 55 6 89 60 21 35 58 98 94 33 39 41 47 67 62 16 69 1 38 42 3 56 69 11 23 20 40 51 97 53 95 78 57 71 93 81 44 46 74 32 71 64 67 33 83 93 86 59 8 46 19 27 55 53 2 67 57 4 71 96 30 54 98 81 66 73 2 8 63 2 87 93 91 99 58 20
48 43 70 84 37 31 69 85 6 47 85 98 3 47 72 40 93 39 53 53 77 4 27 28 5 9 46 36 76 92 4 83 26 94 34 17 28 34 84 53 17 88 7 63 73 5 4 59 48 80 71 41 71 92 18 18 30 17 15 26 29 65 1 61 93 40 18 95 98 97 100 19 39 34 5 63 55 66 99 22 21
62 22 70 34 94 61 81 23 32 46 66 95 36 13 51 54 26 17 61 42 94 52 30 56 99 78 74 54 82 89 53 64 19 92 4 36 64 77 10 63 36 42 1 33 27 75 37 76 45 44 32 32 64 14 58 81 38 72 7 49 69 78 99 23 68 54 78 89 27 89 88 26 31 61 82 43 53 28 30 19 3
67 99 52 11 64 33 85 94 89 55 32 16 6 33 8 78 68 40 48 3 63 56 13 32 81 38 42 66 44 30 40 94 38 27 67 6 79 4 100 57 15 45 4 1 48 51 55 96 50 39 81 13 93 78 91 71 67 33 53 14 35 31 22 88 65 91 16 87 11 18 90 2 91 14 48 41 85 72 94 49 96
39 36 75 16 77 52 60 67 74 80 45 48 46 77 75 71 68 20 21 43 73 44 13 76 41 89 85 33 8 87 23 93 35 70 75 68 98 48 31 52 9 3 39 37 82 14 26 38 14 6 76 100 29 49 98 20 43 97 43 76 28 53 41 14 72 54 95 89 44 32 60 48 28 19 76 84 1 100 93 64 56
50 85 75 99 82 73 53 80 22 97 38 88 77 50 19 30 32 53 58 76 43 43 61 92 63 68 18 91 31 11 2 95 72 46 94 23 18 42 96 83 91 90 42 39 66 44 52 64 32 96 21 77 90 88 88 72 84 23 95 65 99 66 55 74 37 92 89 32 93 21 89 92 41 97 85 54 28 62 45 2 59
3 60 24 4 87 13 10 44 54 47 55 57 57 53 42 88 51 30 10 71 78 24 57 23 96 31 28 96 32 49 49 93 24 64 48 81 16 72 90 81 67 73 56 52 100 2 90 46 88 87 71 45 94 81 95 97 94 16 86 64 58 38 49 60 34 21 6 9 96 52 5 47 3 10 16 61 27 4 15 9 61
70 49 2 67 23 73 4 31 76 4 91 64 34 53 66 13 91 78 73 33 62 87 1 3 30 45 87 83 9 56 55 32 53 68 54 11 3 89 26 47 18 85 26 55 50 86 26 1 1 35 20 49 67 75 18 37 9 36 94 98 53 91 40 27 84 13 82 52 61 87 62 78 88 21 15 49 81 47 69 10 20
38 22 46 44 50 17 79 59 48 10 49 62 73 94 4 17 23 53 4 53 20 49 64 100 29 33 83 81 9 33 80 80 6 16 78 64 31 91 28 95 59 24 64 78 28 99 85 3 95 3 25 59 76 73 5 35 53 48 10 84 20 37 84 57 16 97 11 82 47 50 55 3 37 51 88 35 92 10 96 65 85
25 93 74 22 65 6 49 20 25 28 15 99 74 92 23 99 25 63 37 1 14 62 5 43 35 75 47 4 28 24 64 4 74 31 19 62 33 97 29 55 87 23 18 42 86 45 89 48 84 33 90 34 77 16 58 29 17 35 83 81 32 89 28 89 34 46 63 10 30 79 4 37 90 89 21 18 24 80 5 43 59
69 57 30 49 13 90 2 64 23 34 79 46 11 93 31 18 96 95 20 87 85 3 3 15 44 76 3 84 63 53 91 90 35 70 12 85 21 64 27 4 78 78 93 7 42 58 51 32 16 62 52 12 45 24 13 37 83 50 48 7 32 90 85 47 43 49 13 82 68 18 95 94 54 41 27 25 66 33 53 11 30
59 7 26 89 3 18 60 49 100 10 48 17 72 80 64 89 1 36 50 50 86 83 53 22 40 26 63 67 56 4 84 38 1 28 96 12 46 27 84 40 2 21 67 88 58 53 68 17 87 94 76 31 9 98 61 66 79 42 54 25 40 60 9 60 93 65 30 9 95 7 70 63 84 84 77 7 13 71 79 19 51
74 93 35 31 33 90 85 78 66 48 24 68 66 5 97 23 39 85 6 96 47 74 46 62 47 96 40 38 27 50 3 61 37 79 59 63 8 81 33 45 99 36 9 58 94 20 31 35 16 60 62 27 26 78 61 3 95 23 82 67 36 56 29 1 14 89 57 59 30 61 73 43 48 22 58 96 3 63 59 24 100
99 69 77 17 60 32 97 92 35 61 41 4 38 2 78 50 91 54 69 100 59 22 53 94 59 84 44 14 69 34 40 2 26 83 29 15 95 99 50 69 86 73 35 60 30 44 18 61 62 75 82 41 58 74 75 57 70 64 92 66 6 46 49 43 74 92 45 5 15 50 91 3 43 42 31 94 94 92 63 66 25
74 26 2 10 42 65 100 27 40 73 60 31 12 8 83 22 88 83 31 85 54 67 41 51 28 7 50 22 67 82 98 16 5 61 86 23 22 31 60 83 86 86 88 67 25 25 53 95 87 8 92 96 65 80 76 96 55 52 95 64 72 22 60 80 23 86 90 70 91 64 12 97 45 69 61 30 28 27 61 60 77
88 13 65 16 48 36 17 47 86 58 34 90 93 97 76 43 71 34 50 7 13 9 77 52 96 20 97 80 64 25 97 78 23 9 6 60 80 60 87 25 68 55 76 55 81 29 72 87 86 61 91 80 10 6 72 17 76 24 39 23 2 98 98 71 88 85 29 27 68 24 100 11 60 57 56 18 100 79 48 70 40
3 82 64 11 36 12 7 89 94 92 80 94 78 68 74 61 4 38 67 92 49 23 58 24 32 8 7 12 15 65 40 45 89 74 37 20 6 40 94 51 73 85 91 16 33 18 68 52 19 27 10 20 95 36 87 97 33 23 5 1 78 58 13 12 31 79 49 96 29 5 78 13 94 73 44 60 43 8 34 78 42
26 38 35 93 64 80 83 8 90 74 73 16 8 37 95 36 38 74 89 25 73 27 1 16 40 43 73 59 11 18 59 40 54 10 78 20 42 55 22 92 56 93 14 16 10 88 80 1 17 31 93 21 83 9 5 88 34 8 89 37 6 34 82 38 96 38 9 56 50 95 58 46 33 55 70 43 100 14 92 14 83
56 29 54 92 88 86 14 96 39 94 46 21 25 73 19 59 82 72 56 17 47 38 21 57 70 3 96 94 23 55 18 57 65 36 63 94 29 44 25 61 88 61 58 29 35 94 56 51 50 99 16 10 61 43 58 65 63 93 56 21 28 68 81 61 58 72 69 67 62 14 74 62 87 82 88 45 3 10 80 72 34
41 73 13 80 97 57 48 42 82 39 84 67 97 96 74 19 83 91 99 48 66 72 53 53 68 89 97 75 21 12 83 74 72 71 50 52 52 41 98 64 21 68 3 49 44 15 41 12 99 62 88 84 42 88 92 16 21 24 57 22 67 95 7 58 46 61 62 85 4 22 32 99 85 11 71 47 50 77 28 17 6
21 44 28 87 13 27 89 91 30 78 16 19 2 29 58 12 68 96 91 80 5 29 36 71 41 95 67 55 79 6 62 72 45 59 74 81 64 32 69 83 15 87 97 91 57 96 62 29 91 49 78 13 86 29 80 27 70 27 79 7 8 32 59 23 22 95 80 39 49 13 98 89 62 93 1 29 43 12 71 19 71
92 86 40 16 69 14 89 85 96 86 53 13 60 37 37 43 66 36 19 63 70 6 20 63 46 97 82 69 49 71 84 88 9 55 30 72 44 5 8 83 77 23 79 62 41 70 44 45 96 65 75 94 29 32 74 51 77 87 37 98 4 95 13 61 60 25 94 86 46 75 62 32 54 60 39 14 19 16 94 99 83
54 100 23 48 4 69 30 27 72 52 55 68 92 18 54 22 1 75 49 28 51 77 39 92 28 26 22 67 17 56 58 9 93 58 18 42 25 42 47 50 85 85 51 61 29 95 100 46 85 20 9 5 84 66 56 66 95 99 25 20 95 53 74 97 1 49 39 24 21 17 55 41 56 1 55 32 85 60 79 92 47
50 39 53 4 97 72 64 57 24 23 38 88 95 46 16 94 40 36 33 95 70 49 12 18 96 31 56 90 48 38 5 21 49 67 8 90 89 87 82 78 35 74 46 18 12 42 13 92 73 52 37 3 32 62 16 68 42 94 37 23 16 2 36 9 77 12 39 38 52 4 65 22 70 88 94 88 85 75 12 11 22
49 100 45 52 6 52 65 43 20 75 11 40 3 49 73 93 87 69 24 76 4 100 49 67 69 65 82 18 29 17 68 64 19 47 9 35 60 96 72 74 75 31 64 48 12 53 83 27 23 23 9 74 38 20 87 71 14 64 36 99 31 77 73 51 8 29 27 35 17 4 83 49 16 60 41 88 9 35 66 13 49
48 67 14 67 67 29 61 75 29 66 36 14 83 43 98 17 95 16 28 72 41 89 46 90 47 50 63 47 27 54 88 45 24 55 79 27 67 33 55 91 23 4 24 49 7 90 95 76 19 74 44 98 55 82 17 35 67 47 95 86 5 7 24 50 91 81 11 57 84 88 71 30 7 30 76 53 98 91 32 37 72
50 65 38 64 18 52 79 96 72 90 29 58 85 96 96 14 34 32 74 64 87 98 86 99 44 64 14 15 56 38 76 51 41 61 13 6 53 74 7 66 46 9 49 85 84 86 36 92 16 23 33 97 16 64 100 49 22 72 59 98 63 9 56 18 89 50 50 92 43 10 31 42 39 67 97 31 60 40 82 13 17
16 98 19 65 97 83 69 61 76 93 32 51 13 69 92 60 76 14 79 40 57 82 15 36 66 62 19 5 79 1 30 35 27 75 72 85 28 61 26 3 35 23 8 27 85 64 57 60 1 49 33 64 83 85 1 74 92 8 13 43 23 22 90 92 96 6 18 95 58 54 56 9 30 69 34 33 34 77 57 83 71
66 72 67 56 55 17 35 18 38 61 94 100 61 1 87 78 11 25 81 96 39 87 20 61 89 63 40 36 3 65 72 88 58 52 34 51 65 70 53 4 64 20 83 33 25 100 36 86 15 39 58 80 16 40 58 16 13 22 16 71 95 49 15 6 52 75 11 78 10 96 74 30 39 25 92 92 10 17 34 84 18
86 10 54 44 66 65 67 81 19 1 55 64 67 52 98 85 23 83 15 11 28 32 64 23 20 10 75 73 79 99 88 95 69 85 68 40 45 96 5 74 38 27 8 11 45 71 91 36 56 99 79 12 25 6 89 15 66 22 87 94 39 26 1 58 37 95 4 39 17 86 80 44 12 30 49 91 2 76 67 22 76
34 22 80 7 55 46 56 98 10 67 40 47 59 49 33 16 52 52 42 83 25 54 54 48 42 7 89 83 87 56 35 33 3 31 39 59 93 27 62 28 24 61 8 46 58 38 45 77 4 66 100 7 80 48 4 67 63 10 9 62 72 47 74 55 84 68 42 88 79 12 20 85 47 15 81 9 36 1 33 69 59
74 26 79 67 65 4 63 57 22 14 10 15 12 47 44 52 91 61 2 21 65 26 4 23 47 100 34 47 18 39 54 62 74 88 53 22 67 4 50 88 78 25 56 16 43 68 86 50 1 92 33 11 69 17 33 67 7 33 83 68 61 47 3 19 97 77 44 93 96 92 48 85 84 85 58 23 20 90 40 20 98
21 78 89 34 5 100 57 87 67 80 55 49 50 100 39 46 46 93 44 86 69 56 74 14 31 39 69 74 76 15 69 53 31 92 43 46 73 42 4 13 82 75 81 59 48 74 95 62 66 70 23 19 70 82 17 45 54 79 32 58 28 58 1 8 88 60 13 18 14 10 84 79 52 14 32 20 76 64 57 53 2
41 90 99 8 50 72 57 3 87 74 44 90 1 88 73 53 28 52 81 91 97 73 87 2 5 78 45 19 54 31 30 9 34 26 52 71 93 65 70 86 70 73 88 11 16 2 61 41 3 94 21 81 10 80 3 19 14 73 5 28 9 88 11 100 36 57 20 18 21 87 67 66 92 91 70 51 56 12 24 28 54
24 4 28 97 7 32 44 7 83 87 64 36 59 46 43 63 25 37 82 61 25 41 99 14 35 21 5 16 84 14 12 79 79 91 55 90 31 17 80 76 27 30 98 19 18 57 33 59 88 49 38 10 69 53 63 27 28 58 81 41 87 55 14 1 73 90 54 94 20 4 49 71 68 63 39 22 60 69 54 33 88
61 35 50 74 28 59 79 48 86 25 13 22 6 49 76 4 65 30 60 47 39 99 10 24 34 35 90 21 9 79 48 47 28 29 36 24 37 50 82 50 26 22 98 51 96 19 85 86 64 59 20 78 7 3 100 90 75 45 74 29 76 76 36 71 96 15 73 39 47 18 45 70 25 3 8 8 25 84 34 49 58
24 79 83 28 89 46 46 74 66 7 84 37 100 53 47 91 33 72 3 29 3 35 96 78 34 25 19 61 29 66 40 36 82 60 28 94 44 47 20 70 69 96 46 61 64 84 10 30 24 93 32 28 6 81 64 68 23 19 50 12 98 10 51 6 33 23 47 65 45 63 24 24 67 65 79 24 72 9 14 49 44
4 10 88 83 74 94 32 87 98 59 17 54 28 58 32 12 13 39 36 59 82 82 48 47 78 7 2 19 2 26 4 48 54 81 57 45 34 86 26 18 84 8 89 22 75 89 94 67 17 63 76 79 21 71 42 2 80 27 75 21 33 62 35 37 70 62 55 28 41 89 94 43 43 56 76 81 68 16 27 19 31
21 21 21 59 81 26 67 94 61 58 91 1 22 37 18 88 31 1 30 72 1 95 35 54 27 30 4 18 31 21 28 67 72 43 56 68 53 35 83 52 34 73 93 63 86 59 40 93 97 20 1 62 71 15 5 74 77 71 19 65 38 82 61 14 44 86 49 49 8 99 98 67 35 74 18 73 86 1 55 76 41
40 81 75 64 52 74 34 62 90 45 77 93 39 27 4 29 61 19 97 16 60 3 94 54 54 15 13 67 87 94 9 70 93 39 8 54 31 34 82 38 49 90 51 32 71 41 47 87 85 46 5 99 19 95 69 77 8 20 95 55 21 26 77 23 79 30 80 7 92 84 6 57 10 56 10 76 16 28 33 42 42
100 55 91 91 9 73 59 70 95 22 63 30 94 75 46 33 3 39 29 63 68 11 7 74 32 6 91 56 84 61 51 56 71 29 78 50 26 93 83 6 63 94 84 63 14 7 74 97 62 66 50 91 31 76 4 44 37 88 94 68 12 79 68 83 43 2 27 18 29 1 3 89 98 39 56 20 48 26 46 13 2
64 41 13 33 25 69 94 4 63 54 44 92 76 82 87 25 43 85 9 11 78 34 27 69 46 41 21 90 95 100 62 76 33 62 13 65 95 48 66 68 99 50 64 9 19 14 95 12 51 86 49 40 47 92 32 99 97 41 38 48 86 7 59 27 38 48 35 68 33 91 42 79 65 13 28 23 56 14 12 30 50
77 26 55 80 25 16 37 43 14 98 3 19 67 58 56 65 25 3 86 99 44 68 49 52 57 55 33 12 3 42 20 97 18 74 5 89 13 98 90 53 63 47 7 91 48 13 55 69 28 32 34 30 57 96 79 12 77 18 80 22 62 57 56 38 57 51 77 71 36 99 55 29 76 83 55 77 50 17 3 95 45
88 72 41 4 52 61 66 16 9 48 66 10 100 62 51 86 35 68 29 6 75 51 70 84 91 47 30 5 98 40 17 9 57 1 92 99 90 10 53 36 40 55 37 58 89 26 76 17 52 13 12 31 86 91 33 77 79 29 49 46 56 31 70 38 12 61 56 53 76 67 13 44 43 100 74 56 2 18 12 39 87
25 78 24 64 43 69 50 70 15 74 99 59 96 54 33 45 63 48 38 72 63 14 32 69 85 89 83 96 41 19 94 7 52 37 91 72 98 94 23 77 29 29 29 10 10 26 6 3 64 96 65 47 51 85 40 24 87 43 51 59 17 53 39 38 53 5 73 16 40 84 24 97 68 11 97 50 78 5 26 52 59
9 72 4 11 13 56 66 57 74 36 82 27 35 79 18 28 8 11 34 11 8 2 48 3 99 97 59 23 75 35 74 17 33 34 53 10 19 53 4 56 33 50 31 6 8 68 12 14 56 7 67 72 33 83 34 15 45 87 17 62 13 99 78 81 67 87 36 8 13 17 37 47 13 33 36 50 12 44 100 95 97
3 30 82 52 48 13 56 54 25 40 3 22 60 52 100 84 36 34 58 37 17 51 3 20 61 34 13 52 57 50 54 29 66 37 51 51 57 96 17 33 37 15 41 34 12 43 2 2 83 31 32 27 6 12 39 5 38 61 1 55 77 17 56 26 99 6 47 48 19 46 3 74 78 100 33 78 97 49 82 52 29
47 61 13 82 81 77 28 41 29 50 13 87 43 69 7 36 26 99 23 24 12 85 9 68 53 22 9 41 20 13 74 10 37 2 53 63 98 10 66 36 45 17 15 86 86 100 37 12 21 59 78 82 66 12 87 62 39 13 11 51 25 42 89 91 63 67 35 79 63 40 34 28 94 82 40 88 63 33 55 91 87
