19 69
72 79 50 95 25 69 46 50 16 70 84 75 87 77 86 83 91 82 10 77 36 40 28 36 26 12 87 24 64 79 41 66 51 14 52 58 13 49 31 52 15 50 52 51 20 94 57 70 95 64 6 59 8 13 19 40 34 96 58 60 27 75 63 68 72 78 94 94 67
70 29 17 27 100 27 1 54 95 12 69 64 72 62 47 59 20 3 92 74 83 16 19 19 35 9 26 44 79 70 51 5 41 82 9 46 26 45 99 94 92 3 52 76 64 23 100 37 6 34 94 99 9 1 74 92 95 23 65 78 97 7 99 38 51 52 67 78 98
86 77 71 82 66 32 19 2 37 35 87 65 82 90 4 82 92 17 91 44 69 84 39 72 4 99 6 98 20 40 10 90 58 23 13 75 61 61 59 76 88 60 12 43 39 29 30 38 2 63 91 16 99 24 98 12 98 6 14 40 21 79 3 5 13 16 41 100 95
34 42 44 95 2 12 66 51 3 28 45 83 21 29 64 48 64 71 89 93 25 57 8 77 49 32 42 34 24 38 98 2 16 24 61 15 85 48 44 80 11 62 8 19 22 99 21 9 25 22 11 64 27 59 53 62 81 49 39 10 8 49 95 96 82 71 82 77 87
75 68 80 58 72 25 1 55 27 69 22 71 56 15 57 66 8 9 70 88 51 27 65 88 44 65 13 49 33 29 74 77 77 78 85 23 79 61 23 67 69 42 87 1 60 3 86 58 85 23 15 86 81 74 63 35 93 62 47 72 29 53 73 50 98 62 20 27 14
85 79 27 35 19 83 92 62 13 100 76 65 91 29 30 91 76 63 50 91 28 37 80 100 42 45 56 15 28 96 29 85 59 70 63 39 63 84 95 71 11 23 80 21 61 2 53 13 97 39 88 63 14 46 45 21 44 93 67 59 28 11 34 13 13 63 26 84 20
76 35 6 99 11 25 48 93 4 26 92 1 89 30 24 91 91 78 20 43 62 16 63 98 11 82 65 42 100 25 35 17 68 7 63 75 24 88 10 99 65 62 47 80 90 79 90 13 40 28 33 23 96 95 82 90 69 88 17 73 88 91 19 98 24 20 87 5 93
36 59 39 63 80 11 98 86 96 2 11 49 90 41 97 43 79 36 72 41 76 89 68 38 49 60 87 24 18 29 52 83 94 48 85 95 41 94 12 20 1 27 37 93 97 3 11 55 8 73 92 67 11 50 18 31 46 6 60 3 20 89 80 98 46 20 66 16 45
54 48 46 1 33 55 66 88 91 10 19 44 34 18 79 97 44 15 87 19 70 73 18 22 11 48 46 63 16 84 32 35 23 63 14 65 76 49 18 44 86 75 28 68 90 63 24 46 25 15 25 63 91 30 41 58 48 54 35 41 34 64 1 91 11 14 81 48 77
79 14 89 51 48 42 59 73 89 71 76 63 74 71 99 38 23 68 1 67 89 76 38 72 43 100 38 44 55 39 31 87 94 78 14 54 71 25 15 8 10 8 50 69 48 51 35 74 52 47 70 13 46 86 95 22 7 29 72 90 76 52 21 46 20 81 91 16 18
45 60 18 20 11 98 68 21 30 70 87 38 78 87 41 15 17 83 98 58 40 64 27 28 83 11 95 34 53 97 96 99 37 7 51 29 40 96 26 49 8 97 65 15 12 80 51 85 25 27 18 82 68 91 13 30 2 88 33 97 40 16 66 85 11 96 20 96 10
26 25 16 53 31 21 1 94 90 55 80 34 78 21 45 75 73 84 68 79 97 21 83 7 39 47 80 73 54 28 60 23 9 57 39 9 9 30 94 48 61 46 88 72 42 12 30 35 1 54 57 23 38 13 82 10 31 66 56 72 2 11 83 65 44 57 100 47 62
96 44 54 44 55 94 38 51 54 69 45 43 81 13 46 2 95 68 21 64 63 16 23 47 62 68 76 64 73 16 84 43 84 81 11 100 98 52 65 95 7 74 25 72 36 52 27 38 46 95 99 53 58 62 12 26 39 3 18 16 97 100 68 96 85 51 73 28 32
80 25 83 24 9 10 36 100 54 20 85 39 34 57 82 16 93 29 95 61 92 38 50 34 98 51 56 55 17 46 37 92 60 90 21 55 18 90 58 99 63 75 40 77 73 28 16 76 46 99 69 73 55 99 26 98 24 20 79 10 23 87 6 26 10 39 69 11 29
7 99 72 59 85 91 20 11 30 87 27 83 50 88 17 28 58 9 52 21 5 19 59 60 44 92 27 77 86 11 61 86 94 94 100 86 10 81 97 2 35 6 31 69 82 49 60 59 19 7 65 33 96 45 9 6 49 91 98 77 13 21 75 45 63 56 13 53 45
46 22 45 69 54 67 68 95 4 2 85 42 31 87 99 94 24 61 52 17 6 87 85 73 34 12 82 85 69 46 34 92 11 82 56 42 91 52 77 60 64 68 84 38 6 81 65 67 42 74 70 21 13 22 51 90 4 96 54 50 24 19 70 85 28 82 31 87 44
56 22 86 66 77 89 41 91 52 2 51 43 40 17 21 66 40 50 55 80 44 99 32 85 61 70 65 68 28 19 20 21 54 97 17 33 78 81 69 91 83 50 21 32 75 63 93 54 24 26 66 29 3 71 92 94 75 36 40 64 83 14 81 31 34 60 1 50 81
86 27 14 38 13 23 1 92 29 1 12 3 19 21 15 45 72 14 28 49 74 22 3 75 29 94 98 97 5 54 89 24 50 7 11 89 95 35 33 34 51 97 78 48 73 21 92 7 92 98 78 44 87 94 98 93 57 66 77 21 54 63 49 39 67 85 38 57 1
74 69 1 14 48 32 43 93 6 34 84 93 32 69 3 10 42 85 52 40 99 73 97 97 86 83 20 79 28 96 37 61 27 40 90 84 15 63 84 85 84 73 36 97 23 72 42 45 52 91 64 3 39 57 90 57 81 2 25 77 85 57 6 80 52 3 28 79 6
