19 24
59 94 43 32 66 26 2 26 33 69 28 54 10 23 92 88 74 50 67 23 5 66 12 4
66 99 100 53 56 38 8 72 45 31 61 65 22 58 43 86 78 45 29 14 9 98 64 64
32 82 33 90 28 52 88 62 56 30 63 8 36 57 28 87 94 23 2 24 25 82 41 84
32 98 91 58 95 39 65 61 66 12 51 7 23 67 41 2 48 6 47 78 97 33 38 28
6 70 99 68 81 41 23 89 79 96 63 93 71 58 58 55 6 9 49 81 21 13 22 1
8 79 81 3 53 20 66 56 9 71 71 58 9 65 61 80 39 78 89 19 25 82 9 96
82 9 78 84 100 12 88 42 74 9 16 48 31 56 86 49 67 63 35 77 81 68 32 49
28 53 32 100 25 64 62 22 56 15 79 49 87 6 39 25 9 19 65 40 12 3 44 94
8 22 26 37 80 87 56 64 26 1 48 93 59 72 98 73 22 73 87 35 94 23 45 23
44 43 95 68 18 7 92 23 92 56 73 83 76 9 24 78 17 70 50 85 92 30 9 3
75 57 23 66 77 13 53 59 45 79 31 47 58 65 91 49 11 13 96 13 84 12 37 78
45 43 42 57 74 46 90 14 39 84 34 90 12 79 49 29 7 32 88 89 92 64 8 59
94 8 34 62 4 54 66 73 59 10 19 15 38 84 14 17 38 38 93 88 23 72 94 78
58 38 7 34 24 78 52 54 27 63 56 87 84 20 28 9 33 61 98 65 96 23 92 1
96 7 59 31 14 37 55 60 94 77 84 83 11 97 39 12 68 64 17 42 53 42 11 80
81 25 54 39 49 68 77 33 37 82 21 88 73 66 41 42 7 92 6 99 91 66 56 23
7 72 34 10 57 8 74 94 41 98 56 96 71 39 29 93 81 25 87 54 72 7 35 33
21 100 86 70 82 53 68 22 30 14 42 99 25 94 89 97 27 48 92 24 60 80 47 37
48 30 24 21 64 95 94 59 96 85 91 85 22 6 46 90 23 60 6 50 34 91 34 87
