94 51
32 59 75 92 77 66 53 50 17 17 51 5 87 31 66 37 45 64 16 45 66 67 26 73 15 38 10 88 73 30 37 86 28 83 24 76 1 8 100 74 8 67 72 39 66 76 30 3 88 90 34
77 75 97 50 49 27 94 17 41 81 40 54 5 94 4 16 3 96 40 16 27 35 63 10 65 12 68 4 97 17 55 39 51 74 56 31 86 26 68 29 44 89 25 83 52 60 81 96 72 25 92
92 90 89 81 58 60 80 3 33 23 79 13 36 84 31 29 81 8 69 80 19 14 9 76 98 90 88 22 60 21 65 30 62 94 27 81 64 79 67 73 25 8 15 63 13 2 95 26 80 28 75
30 75 7 62 91 81 44 33 55 19 94 3 85 56 100 31 39 92 48 19 75 27 36 60 57 77 73 57 96 79 18 25 2 73 86 47 61 10 93 80 88 47 80 3 85 11 55 16 12 94 99
59 95 89 84 78 27 58 69 58 19 4 69 61 28 9 92 76 42 70 10 72 41 94 7 42 26 35 68 83 38 77 45 51 94 97 20 97 53 2 37 76 72 73 34 53 89 98 100 37 58 16
23 49 90 5 74 43 35 4 67 2 74 67 98 44 61 40 99 2 32 78 65 9 97 19 56 1 47 9 31 67 33 74 83 79 55 72 58 2 74 61 39 36 93 74 49 25 18 78 70 76 78
42 18 93 72 70 68 95 48 30 76 77 55 2 66 59 72 43 6 99 99 23 97 41 45 63 27 62 19 7 37 96 16 97 96 78 72 94 26 93 54 69 72 24 76 65 42 80 30 85 43 91
68 10 76 70 100 54 3 4 51 22 94 32 26 9 42 94 36 26 9 75 7 22 59 75 16 63 32 26 59 20 65 9 6 10 69 2 45 82 22 38 65 97 32 18 33 88 77 12 70 43 26
87 2 36 52 46 27 32 87 46 81 54 11 1 33 15 91 13 75 40 3 36 47 66 57 50 11 67 88 85 81 86 68 67 10 44 72 93 62 47 76 79 58 12 89 88 38 84 19 39 44 41
71 10 80 6 38 14 86 2 8 8 5 68 24 82 57 2 82 21 99 50 98 65 76 10 57 41 7 19 49 45 83 11 94 21 12 92 98 64 96 64 12 21 78 72 1 29 50 82 87 9 23
19 71 33 61 79 68 5 61 50 36 22 36 2 11 4 59 42 22 44 63 47 77 77 67 85 36 63 41 80 30 17 15 39 7 78 63 73 61 70 17 18 93 27 35 52 71 40 33 38 81 92
26 97 59 38 11 94 52 68 70 8 64 82 86 94 7 84 9 30 73 74 57 95 23 7 92 51 61 24 82 70 72 14 69 11 17 15 39 60 30 92 21 65 13 87 83 7 63 72 43 43 55
65 99 24 87 38 31 41 46 92 50 24 14 37 28 77 88 93 52 43 78 76 30 72 76 92 84 36 90 49 92 24 61 65 58 54 36 60 32 52 25 28 13 29 88 54 54 67 79 70 46 43
23 23 13 1 94 34 32 43 29 87 98 4 19 48 82 2 11 74 19 33 79 25 16 48 94 84 49 5 75 89 85 28 22 62 7 12 14 64 2 93 43 54 20 37 2 93 46 86 11 71 32
19 55 22 33 47 59 39 60 2 99 70 66 69 82 52 90 16 57 10 68 54 21 11 30 25 18 29 100 62 94 12 28 68 82 3 37 64 63 31 52 23 80 14 15 39 8 81 27 47 86 44
73 30 75 49 17 61 86 27 87 24 37 43 13 54 56 97 69 36 16 97 71 20 26 96 26 18 23 97 67 55 2 51 53 28 4 53 19 89 63 3 15 35 14 46 41 38 52 43 67 7 16
100 14 97 80 40 25 86 12 9 36 13 48 26 80 93 4 65 57 41 84 49 28 58 85 29 14 4 15 93 69 89 15 69 57 46 62 11 6 27 46 56 80 13 9 10 26 6 92 63 67 64
86 74 99 30 1 26 54 84 32 76 46 97 62 58 65 74 65 88 55 60 59 70 57 98 9 53 60 16 8 83 66 100 53 61 2 91 75 99 59 1 32 99 97 16 24 49 8 14 25 27 98
11 36 11 13 34 79 22 16 10 83 19 88 35 36 39 42 80 71 44 15 29 18 82 92 35 62 90 15 50 50 97 22 70 91 4 71 71 60 22 95 11 42 97 51 82 63 46 91 11 12 75
53 62 31 90 98 44 28 15 59 50 18 40 15 2 92 65 71 46 95 7 30 46 61 73 85 69 40 36 18 62 14 10 21 13 55 62 47 39 61 62 31 6 88 19 29 38 66 4 68 51 73
8 19 44 11 25 4 47 72 5 93 54 50 92 51 18 13 54 71 50 62 59 98 25 90 31 84 84 30 31 68 62 21 33 28 37 20 99 71 18 46 59 50 39 48 90 55 60 70 62 98 11
86 28 86 5 92 94 96 42 60 45 26 42 8 71 51 29 73 31 65 36 83 20 23 9 27 71 61 17 65 31 60 28 14 23 30 60 75 63 49 57 87 43 10 9 42 21 18 24 78 19 80
46 18 84 46 24 100 27 13 79 43 16 49 39 81 55 14 59 23 43 59 73 31 15 73 97 38 91 23 97 34 25 27 44 53 93 82 47 98 82 3 27 91 14 61 88 16 69 6 26 27 48
38 38 9 16 13 31 20 5 60 61 98 72 30 9 36 69 62 11 82 17 75 93 2 3 57 89 39 96 90 100 88 4 71 72 89 91 15 18 53 28 20 96 49 41 97 11 20 75 16 88 100
79 85 29 44 73 91 25 25 4 66 79 46 15 64 94 98 50 79 56 41 40 95 22 28 46 52 4 65 56 39 82 59 4 74 74 92 92 56 47 39 17 78 9 48 31 66 97 89 64 18 59
96 27 77 59 94 26 67 97 6 67 91 69 87 65 96 21 26 34 77 80 72 24 94 91 82 78 86 41 6 29 26 97 36 59 18 30 1 82 30 18 52 72 100 96 73 53 57 14 39 93 72
16 73 72 90 81 77 96 66 90 44 6 53 24 56 47 42 97 90 76 78 47 50 83 90 12 97 60 75 53 59 69 99 82 45 38 30 50 37 67 16 12 63 50 25 80 22 16 69 90 31 67
97 51 25 89 85 2 58 39 88 22 57 8 9 80 53 60 23 96 5 53 75 10 76 77 84 63 74 100 51 10 12 39 88 84 41 25 77 19 85 69 78 25 46 68 21 8 81 72 27 29 30
62 14 58 55 32 24 20 30 13 8 93 48 41 68 20 1 36 87 26 26 58 47 85 42 85 53 7 72 34 52 18 71 8 75 98 27 18 19 82 75 47 89 46 80 80 71 52 17 12 1 14
88 11 10 83 40 5 56 17 94 36 88 83 61 57 93 11 81 71 28 74 76 36 44 10 3 92 11 28 43 87 8 82 3 91 67 47 4 54 78 18 40 28 9 27 3 80 72 12 24 19 87
100 66 98 55 2 70 78 87 11 68 9 61 99 60 90 62 61 75 3 67 22 58 90 1 48 14 66 80 55 25 19 20 56 92 57 36 68 25 61 42 23 95 100 10 33 71 96 27 97 37 33
3 80 88 28 38 88 46 10 85 94 7 22 63 53 72 15 1 92 71 97 74 2 97 66 5 28 7 26 38 42 9 34 66 81 24 44 71 48 26 20 19 22 87 41 36 92 62 90 60 100 97
3 94 41 25 87 97 91 93 55 59 41 88 17 68 13 89 1 36 80 23 16 82 35 37 51 7 93 31 42 59 83 22 53 94 52 97 85 33 72 48 24 62 90 9 91 85 4 93 24 17 88
12 63 39 97 52 20 60 96 19 41 41 68 83 22 50 66 9 2 27 85 13 96 75 5 17 22 62 18 4 32 14 100 78 4 84 44 53 80 63 25 5 73 81 88 79 75 86 69 2 49 26
51 56 35 6 54 64 13 5 54 51 73 43 23 76 59 82 79 51 56 29 28 10 29 21 75 31 42 42 99 16 23 74 94 96 97 44 28 5 80 87 82 14 55 100 26 71 29 94 79 15 67
24 36 97 18 68 36 50 78 74 81 70 27 15 37 49 31 59 1 40 88 85 72 100 51 69 25 67 89 78 53 36 97 94 66 35 23 94 45 73 67 54 59 89 77 61 46 52 52 9 35 11
8 1 37 42 24 42 24 11 95 96 14 31 55 1 26 68 40 71 12 92 58 34 97 72 33 84 19 1 32 28 79 27 24 9 20 28 3 100 15 87 48 70 49 40 44 23 72 11 41 36 18
90 22 19 78 92 36 60 89 48 8 70 32 47 1 8 71 69 6 1 41 24 91 94 77 94 32 86 84 56 47 91 79 76 64 91 8 65 69 97 64 99 75 1 52 28 46 37 40 1 19 54
31 54 16 55 53 13 12 68 57 68 53 37 15 13 10 20 9 42 29 32 52 25 93 7 45 9 43 62 84 85 86 88 5 20 88 9 6 11 7 24 45 87 36 10 17 26 90 52 58 51 86
3 28 48 46 19 4 96 24 50 27 5 77 5 31 3 22 75 64 89 1 29 50 24 46 75 11 58 56 89 51 65 94 79 78 48 51 85 45 73 98 1 65 36 30 99 65 27 6 7 27 42
39 73 97 68 49 30 59 82 54 9 71 24 17 33 84 66 84 69 68 34 52 79 26 11 5 73 50 19 12 92 98 52 59 95 93 79 21 41 94 90 30 10 56 11 61 63 99 30 47 50 93
72 83 48 45 17 92 14 84 51 85 78 82 27 100 79 40 23 48 2 52 33 19 3 60 51 12 3 14 27 74 91 59 93 34 4 27 3 77 60 13 68 16 50 56 100 55 97 84 11 96 43
36 56 22 16 92 76 70 87 59 34 24 69 59 13 93 7 12 4 39 62 74 54 78 90 30 27 50 1 30 93 77 58 60 54 98 92 48 25 73 13 60 18 53 41 74 48 60 85 44 49 87
20 55 68 81 11 20 19 36 24 66 58 77 9 30 20 71 89 43 74 11 44 55 72 10 19 69 93 12 67 35 58 24 86 99 11 56 61 12 80 61 16 68 69 30 19 31 33 22 50 79 80
83 44 10 44 42 59 31 16 72 39 36 70 46 92 68 23 4 85 92 8 2 74 68 31 15 48 79 98 65 31 10 3 30 73 97 73 86 2 31 90 4 30 65 22 45 18 8 51 75 29 86
16 94 83 77 91 53 84 30 10 38 5 45 42 75 27 30 91 44 34 60 67 57 61 12 1 78 28 88 15 96 35 20 83 69 1 32 66 11 51 7 54 77 90 44 42 50 30 51 84 78 96
99 66 86 55 38 24 24 34 28 80 71 45 27 7 20 45 89 83 37 69 40 42 45 27 55 82 67 10 78 97 80 5 12 88 91 31 34 94 96 33 3 46 53 37 38 12 70 40 56 43 19
94 55 5 98 32 45 55 47 91 61 1 100 100 51 32 21 11 70 8 28 99 75 92 69 13 59 79 99 65 61 54 62 10 21 68 88 10 36 89 93 61 57 17 52 28 51 15 31 45 12 85
90 25 22 35 23 51 96 80 88 75 83 31 9 69 9 46 96 7 66 23 14 44 89 68 80 27 73 84 25 19 33 34 42 56 77 98 35 54 58 74 72 16 59 95 20 24 25 12 65 61 96
33 36 61 55 24 82 76 94 68 16 84 73 59 38 79 96 14 2 26 93 18 55 43 9 9 32 21 11 61 31 82 74 8 26 98 49 49 28 75 44 67 95 20 44 15 32 1 82 22 95 35
17 51 30 28 5 78 92 78 48 46 91 72 63 72 97 41 8 68 73 3 71 52 34 43 94 19 36 12 65 35 3 85 81 10 88 27 11 45 24 73 16 47 40 74 85 92 7 8 68 25 42
58 17 39 81 33 6 42 52 15 55 9 53 76 75 51 13 44 71 95 69 88 71 95 62 83 78 77 26 17 5 23 46 51 100 86 61 70 69 49 54 29 17 35 21 8 25 57 85 63 84 20
6 1 33 50 77 13 67 7 1 82 27 23 65 43 34 50 81 98 71 60 37 24 39 50 27 13 92 100 45 88 71 87 63 90 93 30 94 55 100 37 57 21 49 77 3 8 13 6 54 62 40
54 58 51 93 97 4 23 8 9 96 3 72 68 45 98 81 72 84 85 40 63 32 45 20 91 61 7 54 28 42 36 40 63 4 42 35 57 91 67 8 72 3 72 47 45 35 1 95 43 16 27
73 90 42 2 28 32 98 80 24 32 51 29 70 16 55 13 12 21 80 7 98 32 88 48 71 3 61 6 35 61 49 21 69 94 77 35 61 90 6 83 81 47 65 18 99 29 87 64 53 54 100
72 84 26 9 25 14 9 96 55 7 38 75 91 21 58 11 90 79 78 2 89 99 37 10 5 68 41 37 71 46 59 30 55 43 45 78 16 26 61 90 51 18 11 10 5 73 11 27 10 45 67
65 84 7 73 96 32 50 17 72 35 59 18 91 82 59 38 5 86 12 3 6 2 11 40 3 88 57 48 86 36 56 85 35 74 21 36 39 33 60 12 16 30 84 80 49 79 11 13 28 77 64
20 17 77 67 40 25 38 20 78 90 10 84 18 81 9 41 81 1 82 45 39 94 17 32 75 50 1 25 33 15 51 25 36 77 78 38 88 13 76 36 81 29 5 65 8 34 59 22 69 24 46
24 34 85 41 32 35 17 71 19 87 92 83 29 82 13 6 76 79 97 35 27 44 95 25 75 55 18 7 38 35 95 92 86 56 38 24 68 35 19 79 90 18 81 96 58 31 69 97 36 38 35
29 70 95 95 10 58 16 86 17 83 88 43 22 87 89 87 8 44 24 99 44 66 99 33 100 17 62 30 84 80 76 83 60 61 71 13 97 29 74 85 4 6 80 43 67 91 43 70 83 16 58
49 54 15 21 93 50 30 96 27 97 70 30 19 75 51 80 81 52 73 67 59 34 39 98 83 91 93 15 14 87 91 32 5 25 36 1 68 50 73 92 36 34 71 27 21 33 74 73 40 81 10
88 12 86 1 43 28 26 63 96 44 7 3 18 80 45 71 14 26 20 77 87 78 25 87 21 60 84 88 75 73 46 64 27 77 20 2 18 52 100 3 63 11 46 98 61 33 26 62 25 63 64
92 56 84 100 21 17 69 19 34 82 48 17 62 60 45 48 100 36 45 9 54 91 95 90 13 45 33 20 86 58 4 34 52 81 66 86 51 17 7 50 40 1 37 57 2 23 41 63 40 16 39
46 60 38 37 74 68 61 63 8 27 24 68 30 50 51 45 74 87 77 30 1 89 76 97 98 50 71 80 71 90 87 45 37 33 56 40 46 6 78 79 36 100 60 4 69 25 32 20 26 78 9
22 48 51 96 92 67 75 88 6 33 2 48 19 7 56 23 68 74 89 36 89 81 63 61 82 49 75 28 35 65 8 19 28 79 44 21 64 94 17 47 59 53 47 76 93 49 50 68 13 38 31
13 6 92 6 80 13 51 82 18 14 15 33 2 87 34 45 18 35 74 19 12 8 88 18 51 80 49 3 53 96 35 33 100 93 75 22 56 22 72 16 19 26 32 40 76 68 1 82 96 72 99
27 2 80 8 27 96 71 65 75 22 100 43 51 91 86 8 11 58 7 90 95 27 46 4 94 86 66 84 67 70 20 61 55 98 99 35 6 76 30 15 62 83 33 91 56 23 70 65 4 41 87
35 96 73 35 51 23 31 5 36 35 97 65 84 24 67 54 35 39 26 42 57 28 95 36 55 78 39 72 20 39 87 78 81 46 33 60 25 95 67 5 91 8 9 77 93 22 34 20 62 30 27
94 6 76 46 40 64 63 24 32 80 58 33 24 22 95 57 33 47 46 12 79 99 24 41 36 74 73 18 9 47 38 63 22 13 43 13 6 24 44 33 2 16 34 9 98 33 9 62 14 99 84
3 70 26 44 5 29 84 40 92 22 74 40 25 74 64 37 96 56 93 9 35 11 98 83 67 36 70 9 51 72 62 16 3 46 22 48 54 24 76 52 88 57 74 100 81 43 74 38 54 76 41
30 33 67 97 53 82 28 73 35 21 22 89 23 66 40 17 35 48 37 100 46 93 41 61 34 72 64 23 25 68 77 62 98 8 20 81 31 23 36 29 15 55 88 58 21 68 11 57 59 54 57
78 24 87 95 98 14 46 54 91 16 45 68 23 62 48 68 50 39 82 75 76 60 67 75 83 30 46 47 37 90 45 87 24 26 8 33 97 95 90 4 26 65 14 80 44 86 12 86 72 67 6
58 2 39 85 66 74 70 56 96 1 57 69 75 56 66 45 66 18 54 1 86 72 29 62 13 60 58 37 94 12 80 67 27 73 5 74 53 45 100 49 3 76 36 49 14 89 54 89 67 69 55
46 16 6 68 70 24 57 46 98 57 100 42 62 53 6 63 74 77 71 49 98 7 72 26 81 38 34 75 78 66 79 46 6 87 70 45 70 31 34 46 12 18 33 88 11 97 69 72 100 16 28
81 98 41 12 13 66 34 73 49 76 29 86 63 97 6 73 94 21 85 7 33 66 30 7 56 93 85 10 79 5 37 24 32 74 68 36 35 52 23 17 64 76 76 47 61 10 89 24 17 76 91
41 72 29 59 19 20 41 4 62 15 52 9 98 74 2 8 1 49 86 47 78 48 90 57 67 50 9 33 93 87 38 55 82 83 36 83 91 57 83 70 67 65 10 18 24 10 17 81 77 67 29
53 64 96 89 55 68 24 3 9 54 80 40 76 91 2 100 58 53 83 66 60 59 69 55 59 74 90 47 100 17 53 80 38 51 74 2 39 20 100 72 1 77 8 37 46 16 53 41 14 96 82
98 9 44 19 70 73 50 56 42 4 93 58 44 72 47 16 80 14 41 9 36 42 100 86 42 22 82 47 18 65 7 5 76 53 20 23 15 10 21 61 75 97 54 52 37 74 24 95 32 9 1
77 21 3 58 100 22 51 31 81 32 34 12 9 88 85 94 48 19 68 91 56 12 44 34 25 78 37 91 18 25 52 15 74 66 4 50 4 6 45 56 39 58 22 66 90 13 60 57 12 90 23
92 35 9 100 51 86 27 71 14 99 52 57 14 97 77 10 46 23 46 13 66 89 45 40 89 76 88 94 51 49 39 26 25 20 78 53 67 67 57 91 34 84 25 10 16 58 38 96 9 85 13
18 80 91 81 48 33 67 4 35 63 20 55 9 20 77 22 20 32 83 76 29 52 58 83 18 84 93 74 14 39 21 76 56 5 17 97 47 18 99 46 56 33 100 97 80 11 4 1 40 9 4
67 94 2 41 54 54 30 54 17 96 64 65 22 88 63 98 29 15 28 75 21 24 81 87 34 28 56 1 36 21 41 52 87 1 86 25 28 81 82 80 2 19 16 55 32 61 21 51 22 47 79
8 30 68 43 95 74 84 89 10 99 60 58 4 68 18 35 70 78 27 52 32 78 70 87 96 10 91 67 76 28 12 19 74 93 15 3 97 100 92 69 5 25 84 35 20 49 86 80 71 43 12
32 91 96 18 42 100 83 19 1 97 38 24 64 89 57 81 65 13 37 40 87 100 3 17 64 15 42 92 55 97 77 57 31 86 85 69 35 46 3 79 39 21 21 42 94 5 27 82 41 87 80
61 5 5 12 7 21 27 100 68 87 84 64 69 39 40 77 81 27 52 47 38 13 10 48 38 54 9 62 27 68 83 34 66 14 9 25 67 94 74 19 90 4 72 45 56 29 24 15 22 43 36
47 53 39 46 68 93 54 58 47 51 56 12 78 80 70 63 38 4 91 33 98 47 2 69 48 87 26 61 80 2 5 87 94 46 13 62 69 70 40 48 25 54 71 79 97 2 29 61 34 19 64
64 46 70 5 54 28 89 96 32 63 11 35 65 69 32 15 14 78 5 86 43 29 97 23 72 18 76 11 29 57 38 86 83 78 40 41 44 98 87 97 1 92 85 19 66 43 87 37 41 68 83
2 11 83 31 74 99 10 62 72 64 8 24 75 21 87 44 98 23 57 31 95 88 41 2 47 53 45 84 28 73 46 31 94 19 66 8 2 56 45 61 64 66 11 58 64 68 33 82 36 15 34
71 44 60 52 88 2 32 63 54 42 88 97 89 68 76 50 73 97 54 38 52 72 39 13 90 74 94 55 66 8 76 44 46 75 47 77 10 35 37 72 25 57 19 12 42 95 59 65 29 70 98
14 28 46 22 55 27 35 96 65 21 36 69 28 61 71 55 77 17 64 45 72 22 27 22 56 84 15 13 28 44 9 72 32 23 3 93 65 5 97 86 80 82 73 92 18 79 98 17 84 32 72
100 57 60 30 33 36 26 28 89 18 15 21 52 97 87 92 30 30 24 55 95 64 93 40 11 1 92 3 48 5 95 71 81 72 19 16 15 65 17 70 38 1 96 60 98 88 80 91 82 26 9
24 45 12 15 19 31 58 57 46 54 88 19 77 10 28 72 27 77 63 55 9 83 1 74 97 90 22 68 50 1 90 16 98 74 1 83 96 60 24 52 43 58 23 62 2 5 19 54 46 55 57
15 45 17 67 94 52 59 91 37 11 78 14 59 56 7 79 9 17 73 60 60 18 35 3 98 90 55 97 29 77 33 84 18 10 68 39 98 93 94 94 15 56 3 45 16 58 92 1 22 68 88
17 46 15 82 99 43 86 56 43 54 36 51 51 26 68 100 44 21 5 67 71 36 92 38 92 58 44 24 27 89 28 83 4 16 27 15 89 24 32 35 56 15 91 65 75 49 84 17 38 27 86
