72 35
39 63 66 60 46 51 70 7 76 79 8 4 63 17 76 65 45 71 59 12 93 100 78 33 98 70 62 57 61 74 3 42 63 49 75
27 23 74 23 75 41 59 44 73 92 57 69 19 93 66 5 67 96 33 55 93 63 77 21 42 33 46 13 33 28 44 1 8 42 92
82 73 4 76 64 81 53 98 67 92 65 64 52 63 89 2 50 59 98 56 55 95 76 46 8 19 86 14 76 89 94 57 19 80 86
100 78 12 13 28 33 94 2 100 17 40 75 54 43 18 93 32 81 70 87 44 75 33 100 98 36 31 97 17 18 30 11 49 100 22
64 96 79 47 52 22 83 41 47 33 26 15 41 44 5 24 53 3 82 95 35 84 77 30 52 45 15 9 78 47 40 2 92 13 29
63 70 23 61 48 88 79 11 46 13 41 8 49 19 48 13 77 70 69 100 50 93 44 94 58 59 100 76 49 98 83 58 76 52 73
69 75 43 25 54 27 87 50 30 76 53 98 67 70 86 64 99 59 72 11 56 32 72 58 83 27 85 42 61 5 35 87 86 11 76
30 32 62 11 75 16 7 14 33 95 20 74 90 71 96 32 72 15 49 34 16 1 36 3 83 75 85 63 58 56 44 42 87 31 70
46 68 72 8 19 29 94 89 99 9 77 34 10 14 68 3 44 47 38 16 64 29 89 9 87 24 23 33 57 78 92 29 24 58 35
20 75 91 45 98 96 3 11 85 97 18 96 84 68 66 34 6 73 33 43 21 32 68 31 76 91 49 4 65 16 84 82 19 79 50
8 83 82 92 31 29 10 94 61 26 50 5 25 52 22 73 21 53 97 19 88 3 37 76 69 63 3 98 48 49 86 67 63 67 73
74 95 18 57 81 41 21 7 36 83 32 94 23 95 88 23 48 2 51 50 57 5 55 40 61 68 93 77 28 71 64 96 63 29 3
65 43 94 51 99 44 44 31 29 87 50 63 22 39 13 24 3 26 15 96 20 15 80 5 52 19 6 68 20 83 88 78 59 8 66
43 21 60 8 68 61 59 16 3 49 20 94 66 99 38 82 95 46 15 83 3 6 16 62 96 84 64 60 65 14 1 80 16 13 92
12 69 44 33 47 82 32 100 47 84 60 50 4 13 27 54 13 80 23 25 77 20 5 56 64 97 2 70 76 7 57 93 86 56 58
97 5 32 40 30 77 32 34 73 64 28 47 42 33 64 44 80 77 28 39 82 22 6 17 93 10 40 3 94 64 62 72 29 40 35
17 38 21 88 63 51 26 8 29 34 9 18 1 45 96 95 49 43 53 27 9 12 86 26 47 3 8 19 13 7 79 61 78 33 45
77 4 21 34 75 38 95 73 12 86 74 60 86 3 21 73 65 50 94 59 27 90 77 16 27 3 3 2 32 48 34 51 54 79 49
84 67 77 32 51 48 73 53 68 18 82 7 67 33 73 36 68 61 7 11 82 94 11 47 36 90 59 73 69 49 68 62 88 46 95
1 40 99 73 97 8 89 70 2 81 73 70 60 26 97 15 17 68 27 75 69 91 31 50 91 1 56 35 49 70 90 43 34 100 45
76 79 12 55 58 24 64 65 84 57 70 91 70 16 69 40 15 56 26 37 97 75 42 77 6 92 74 64 82 44 23 29 34 70 32
94 15 64 96 99 52 68 16 19 71 43 41 79 14 93 49 11 57 25 56 46 32 2 56 55 47 50 2 69 92 98 100 100 12 94
58 25 37 7 96 77 87 74 75 61 41 54 16 4 90 81 3 71 83 87 57 69 11 88 27 19 14 91 28 86 98 95 92 37 56
41 59 80 97 66 65 9 92 86 67 61 95 36 11 94 24 48 31 96 58 3 87 32 91 2 16 88 61 62 76 61 52 2 99 29
54 85 30 81 86 50 23 74 49 85 8 29 10 12 52 17 75 50 7 4 72 14 76 94 96 99 84 61 90 19 30 48 18 46 26
3 31 80 54 59 67 41 50 90 49 71 2 96 95 97 38 95 29 36 68 76 40 23 94 7 93 11 78 45 88 70 74 72 97 31
45 15 74 27 97 63 15 10 87 85 21 93 67 36 21 6 37 97 68 97 44 66 78 94 89 12 40 27 92 56 73 23 33 63 98
75 5 37 98 76 89 87 30 93 80 65 36 58 41 3 65 93 76 45 81 81 54 32 55 64 33 91 42 69 100 12 10 33 62 35
46 77 78 28 10 33 96 52 51 20 90 60 90 28 25 89 97 75 12 7 89 5 45 84 73 12 80 52 90 22 57 55 4 18 1
18 15 94 31 6 34 46 38 89 40 65 31 10 47 12 25 23 5 19 49 45 65 20 19 63 55 45 76 59 100 26 90 54 52 34
65 2 76 22 63 61 54 12 62 92 38 84 96 53 72 89 55 52 4 94 51 15 33 14 73 48 57 97 25 88 55 92 50 26 26
60 16 6 81 53 22 18 7 52 13 24 70 39 81 54 34 25 86 90 23 54 30 62 19 51 2 87 77 13 30 24 55 98 36 66
73 21 75 14 10 31 48 18 14 74 37 39 56 33 22 30 34 36 33 73 60 69 1 77 69 59 53 86 96 42 9 42 57 55 25
2 30 70 85 1 64 9 5 94 30 3 2 25 46 72 96 57 37 30 14 100 96 33 95 34 32 51 70 86 70 44 100 47 71 40
28 58 53 4 28 45 3 9 86 55 46 55 37 97 69 39 85 53 93 19 68 96 12 18 39 38 19 82 68 12 30 13 93 29 21
32 81 86 16 94 82 18 66 88 67 74 98 27 38 52 37 78 80 2 36 30 80 21 21 15 90 67 63 17 49 74 15 8 74 50
100 55 82 1 43 55 66 8 88 58 49 64 48 13 76 51 63 67 9 81 67 31 96 14 77 81 74 5 24 60 50 37 76 22 26
7 85 12 45 91 96 52 7 15 81 77 94 46 42 37 58 48 54 61 47 31 77 56 33 53 75 60 81 19 88 50 2 93 79 68
18 47 70 30 50 43 36 64 8 60 48 13 7 75 21 49 4 60 87 90 43 71 5 61 39 35 7 91 50 39 82 70 92 71 81
35 100 13 86 80 88 69 78 58 84 66 45 83 25 82 90 28 94 99 89 58 96 98 89 58 55 41 93 47 12 96 22 75 59 5
11 45 8 17 55 1 70 76 14 63 36 48 26 41 36 25 12 24 88 88 55 58 87 82 53 38 48 26 12 19 49 55 98 85 2
87 56 60 55 87 87 2 60 44 92 93 91 97 66 78 87 89 77 60 31 35 42 59 41 97 96 98 68 83 44 78 40 32 84 89
84 57 65 24 20 28 12 81 5 10 46 16 26 53 54 94 20 57 79 38 99 53 5 68 34 64 81 7 57 73 100 96 82 7 55
59 70 93 61 92 1 49 61 14 39 4 75 86 4 22 28 52 58 69 96 17 14 91 20 5 53 68 56 87 55 73 74 89 33 67
76 10 87 86 22 57 27 33 20 56 49 94 90 16 23 63 53 94 88 12 77 79 92 9 91 32 61 43 10 5 93 86 52 16 50
45 18 76 87 5 56 50 1 91 9 94 60 17 79 7 20 95 77 49 74 98 38 91 3 60 94 76 70 49 38 12 64 34 40 15
49 20 47 14 58 47 68 95 75 52 70 58 90 60 16 79 27 65 20 54 36 22 94 81 48 98 9 5 48 53 25 27 79 78 42
51 63 20 24 38 30 60 48 49 26 78 1 82 83 52 18 75 30 43 23 12 43 7 30 20 74 81 81 11 3 87 53 26 44 84
9 19 95 100 54 39 4 78 77 77 2 61 68 97 4 92 33 73 3 21 57 83 91 91 91 43 51 18 75 34 13 67 62 15 33
70 23 16 52 72 95 97 44 4 97 65 58 24 83 77 45 56 69 81 33 71 12 80 14 20 1 31 25 19 27 45 8 68 81 65
46 92 52 84 37 95 57 14 76 49 38 19 79 63 71 26 85 97 39 52 20 41 10 66 59 43 25 9 83 67 76 29 74 26 80
97 38 84 93 40 58 61 5 35 54 32 22 63 11 64 81 6 25 97 7 49 36 90 84 83 20 3 49 49 45 9 22 1 5 57
69 35 16 41 33 74 79 17 75 59 60 58 45 31 52 76 88 90 61 5 39 88 46 55 96 23 13 71 58 42 60 68 76 56 82
57 10 31 32 15 5 14 26 9 20 61 59 37 36 89 90 80 63 91 21 1 4 17 84 54 14 75 93 46 63 50 69 97 31 10
55 90 45 89 91 42 65 75 34 74 63 41 91 31 7 37 37 23 18 87 76 91 51 36 58 50 65 93 35 69 65 28 22 73 87
3 13 97 81 98 95 49 34 38 20 57 60 13 86 6 41 51 59 65 8 37 73 14 15 58 61 32 55 48 43 6 42 72 38 69
8 28 63 63 9 64 10 79 86 87 57 74 98 23 83 50 27 71 92 40 29 44 72 100 85 74 21 91 82 9 56 40 61 83 90
20 35 68 11 38 56 71 4 83 40 79 18 68 96 38 34 65 54 12 74 75 49 59 95 41 5 85 45 44 29 19 92 59 85 57
25 60 46 90 84 28 40 85 43 64 40 52 79 97 86 16 61 74 9 30 71 68 92 100 92 34 75 39 22 89 87 67 30 57 45
11 50 42 30 43 26 2 58 7 79 16 23 10 3 72 5 63 16 88 58 51 73 18 4 23 90 27 27 99 92 31 45 46 52 58
65 44 11 66 60 38 14 2 74 5 58 95 18 10 34 52 68 93 40 24 91 31 14 83 52 44 58 32 45 56 12 14 57 9 61
60 91 94 32 70 82 74 61 21 68 100 25 86 13 78 97 95 57 68 4 13 28 90 55 70 54 40 44 82 12 53 91 71 74 2
77 77 8 20 31 51 82 76 21 12 75 18 32 69 58 49 42 71 80 53 61 99 52 14 66 76 52 20 26 12 70 30 29 11 43
71 74 69 28 91 23 95 26 90 45 96 29 66 71 83 59 42 3 67 94 71 25 74 65 14 75 11 18 98 64 68 61 20 37 15
52 76 61 31 64 61 88 49 74 91 34 11 70 32 57 40 44 14 100 25 60 4 30 52 92 31 58 44 66 86 56 12 32 7 64
55 74 96 93 87 42 9 73 53 44 88 47 69 71 23 41 85 32 17 99 3 12 68 88 70 84 49 11 74 28 4 96 41 3 85
77 24 21 47 31 42 2 5 45 57 87 95 91 74 42 9 7 19 35 93 60 84 96 85 2 31 37 68 18 27 48 18 2 58 7
78 12 17 55 7 75 97 75 64 94 88 34 97 56 78 93 35 48 92 76 99 41 68 62 42 56 26 72 43 17 75 66 85 92 20
40 10 42 1 28 49 26 18 79 28 3 38 93 1 54 3 92 90 93 57 84 14 4 50 57 66 15 45 45 32 39 93 17 95 64
65 77 43 63 2 6 74 17 84 48 7 20 60 28 82 32 85 23 85 53 19 75 97 43 92 26 23 25 17 69 69 46 72 63 20
13 38 34 40 17 16 45 50 80 49 99 32 87 34 70 98 58 84 91 32 92 98 66 47 86 44 69 69 5 27 65 95 16 99 72
53 70 21 13 5 4 20 5 23 35 30 94 45 45 2 61 65 40 58 64 99 59 58 16 89 75 23 73 32 77 92 19 73 62 8
