16 64
2 9 49 30 43 16 82 12 32 3 12 69 55 18 7 92 42 97 61 76 16 29 1 89 23 58 59 60 74 15 77 11 13 79 45 58 71 51 57 29 11 68 47 15 38 46 15 30 12 36 78 44 49 6 4 81 83 45 68 30 41 55 94 10
25 11 29 83 88 9 55 91 5 88 9 31 89 99 51 20 11 95 80 32 65 43 90 91 41 49 45 63 26 12 99 33 81 29 95 53 43 3 38 71 58 93 71 95 68 94 4 26 6 67 75 74 89 80 93 67 77 26 60 39 20 46 69 3
1 34 66 52 44 100 52 29 53 23 35 53 90 2 8 31 70 58 3 36 76 83 99 77 81 66 83 70 1 14 30 98 47 1 65 99 54 36 87 72 14 97 70 90 32 91 48 8 83 19 40 27 99 18 10 8 11 15 49 11 37 63 59 48
84 22 50 51 93 3 21 70 74 11 44 26 57 62 25 14 32 78 91 18 61 77 76 2 71 56 93 15 57 37 81 70 55 65 76 37 11 26 13 69 5 73 93 16 54 38 21 23 45 76 58 23 84 78 64 53 2 54 81 42 45 45 70 68
73 75 63 50 5 21 35 10 18 36 82 53 2 71 2 31 60 64 46 56 84 3 86 74 56 52 80 52 8 86 48 30 29 43 30 93 38 98 42 81 70 99 9 70 6 78 14 92 50 38 92 34 67 95 42 33 56 34 54 8 79 88 22 99
53 70 31 65 28 99 8 94 53 2 72 29 26 2 23 72 2 75 94 45 58 91 76 17 98 1 67 80 13 44 11 72 81 39 82 41 47 91 20 44 2 2 1 66 13 11 4 61 37 58 90 81 47 90 16 32 24 59 47 70 23 69 85 98
59 6 33 94 28 39 78 49 25 62 26 55 76 74 21 1 22 19 11 34 78 52 42 4 43 66 90 87 48 11 31 78 36 7 65 72 27 97 71 11 39 26 38 3 46 49 14 20 27 35 20 67 51 65 78 14 78 22 57 39 81 78 81 35
75 59 94 23 23 56 97 87 68 51 100 89 16 95 11 36 32 57 83 49 24 14 100 94 19 34 6 73 42 7 87 12 5 53 100 63 20 25 73 53 75 68 70 62 97 25 52 16 58 85 95 48 80 42 32 96 2 26 62 7 6 61 13 68
69 62 28 15 48 82 31 36 65 89 39 38 62 53 93 47 65 96 52 4 25 89 15 59 36 66 18 59 6 33 7 52 13 64 56 4 21 30 20 22 49 2 63 40 70 18 42 70 88 76 14 93 24 24 35 76 69 31 28 18 65 10 33 32
25 25 62 90 83 1 34 41 80 76 34 58 10 89 51 81 100 60 9 94 28 74 66 92 24 12 82 12 32 8 72 64 2 13 20 37 35 56 55 86 17 90 36 86 58 92 92 28 52 25 93 56 17 63 58 36 98 9 66 1 10 35 82 52
80 46 40 13 64 14 41 97 29 69 93 21 45 21 18 42 1 61 26 31 61 12 17 63 94 3 2 84 64 32 8 59 34 86 60 21 87 91 70 1 24 12 89 63 64 96 63 80 43 67 64 75 50 100 25 76 57 17 9 31 45 62 11 98
17 4 22 35 76 68 68 48 81 67 45 84 62 59 76 15 49 55 95 12 36 67 84 66 74 55 34 12 99 89 29 70 84 21 97 97 22 80 77 36 57 58 7 88 80 24 26 5 63 50 76 38 92 18 9 10 2 61 99 68 23 2 24 92
36 64 89 20 82 95 20 54 15 22 28 86 77 59 59 98 39 19 57 16 18 84 32 40 9 64 83 79 43 84 98 7 44 41 34 55 63 9 69 10 92 74 57 23 78 26 41 60 2 10 92 15 33 89 65 72 2 99 2 24 43 15 41 74
89 37 100 88 34 47 12 96 31 6 72 83 23 55 83 77 87 12 99 39 85 89 40 10 62 15 36 89 94 100 92 4 59 14 55 5 87 24 89 59 85 23 55 50 15 34 49 55 99 96 96 28 75 65 65 9 44 71 97 92 93 42 34 30
45 18 99 35 1 89 16 100 46 4 84 47 79 41 14 20 89 42 65 25 99 96 72 14 77 71 65 26 28 5 73 4 52 33 64 6 16 81 29 72 45 45 37 68 30 58 40 16 43 43 20 12 41 19 33 21 96 31 17 83 10 45 24 34
55 90 82 82 29 36 80 13 91 19 57 71 76 88 2 77 57 2 76 71 76 1 76 46 14 80 59 58 71 83 55 7 3 65 82 99 28 86 69 15 63 4 52 89 47 64 24 86 4 35 13 23 68 70 73 25 14 89 36 89 8 66 14 5
