96 57
20 3 88 37 53 56 53 76 10 10 28 95 80 36 96 70 84 45 63 6 41 41 2 38 87 66 73 55 2 4 73 88 100 30 68 92 23 13 38 85 86 71 70 37 54 41 77 67 76 89 48 8 65 91 44 2 4
88 5 24 72 67 24 40 57 64 54 22 88 38 79 61 34 90 39 79 76 24 91 48 49 36 44 91 24 65 69 24 49 16 58 93 85 61 19 60 16 90 45 21 55 60 7 64 6 41 77 25 27 66 93 78 40 38
22 28 29 16 78 66 2 2 30 58 47 69 27 61 57 23 91 2 40 90 90 54 9 58 6 98 63 58 69 56 8 40 70 7 37 39 1 22 98 92 3 35 34 87 53 96 51 71 87 1 36 12 56 95 76 37 32
40 47 1 38 20 38 81 28 72 39 78 4 57 33 32 72 27 93 92 63 83 94 74 81 1 7 59 5 86 94 32 42 81 83 42 16 72 69 29 16 54 72 54 49 75 24 26 16 23 85 35 91 14 76 61 33 12
24 73 65 100 12 33 72 70 48 5 56 58 70 48 38 3 12 98 66 15 47 4 29 99 74 48 72 83 2 95 55 60 32 44 64 77 65 15 74 43 30 94 4 87 61 63 10 21 38 22 81 51 33 96 22 51 30
72 33 20 11 65 71 22 18 36 30 61 18 23 15 88 84 26 41 42 21 25 100 97 43 47 56 29 7 89 87 27 68 94 76 58 93 17 93 34 43 28 88 64 19 92 13 81 79 24 47 42 55 83 60 42 90 4
82 30 16 68 96 62 74 46 28 1 96 33 42 79 75 8 64 69 79 86 67 81 54 61 3 6 22 43 87 18 51 41 83 38 29 44 9 10 41 5 85 21 61 17 60 99 53 8 16 97 31 29 26 73 90 83 19
28 43 79 95 39 4 10 83 9 77 89 62 13 4 25 7 62 84 72 1 84 61 9 98 37 66 78 84 89 43 20 73 34 25 19 13 75 35 16 38 66 46 71 79 100 72 41 86 67 20 58 3 11 57 66 100 78
29 80 54 17 40 44 71 88 69 25 90 48 36 2 4 70 9 55 97 82 92 62 50 22 46 99 19 48 66 15 44 87 95 12 32 65 17 69 59 24 31 51 17 30 8 61 33 86 68 96 98 29 57 10 55 9 65
16 54 79 31 1 48 95 57 44 95 60 88 93 39 13 58 81 5 87 27 92 77 79 15 14 87 27 62 88 25 53 70 87 23 8 93 83 99 1 3 78 33 15 98 87 89 94 22 57 48 29 40 43 57 20 65 90
49 17 12 72 16 9 76 55 93 26 39 61 80 46 76 74 92 66 10 36 44 44 84 85 53 94 36 38 55 48 55 31 46 59 19 87 81 75 60 89 14 10 27 83 9 38 76 22 26 29 18 3 76 75 64 68 75
32 10 14 88 74 48 41 96 33 34 68 74 13 50 19 85 24 25 10 69 53 28 72 77 80 98 28 21 39 6 31 56 88 35 18 5 43 65 53 61 3 18 28 81 92 37 40 18 20 39 9 72 6 48 36 63 78
95 64 47 87 76 1 51 85 86 78 84 71 18 90 23 24 2 57 20 16 65 73 9 33 50 65 34 83 44 88 26 1 97 73 90 8 33 26 28 5 16 95 75 78 38 76 77 1 63 25 9 25 40 97 38 21 48
1 67 2 74 30 17 83 31 66 14 95 91 54 43 14 17 20 88 52 54 92 99 94 48 47 62 99 51 92 65 26 61 89 15 56 97 25 4 41 65 60 19 42 22 26 28 33 20 45 69 84 13 48 49 47 78 48
29 13 21 94 66 45 93 13 91 69 55 30 71 83 77 21 69 81 92 45 4 66 33 43 93 3 56 19 3 60 85 99 89 88 88 72 33 26 87 66 1 5 16 100 54 64 12 24 29 14 50 8 33 41 37 28 36
9 46 34 53 16 68 80 90 8 52 53 7 41 59 19 22 31 41 47 33 65 33 25 25 79 79 5 100 2 20 99 5 34 4 59 71 89 76 20 75 65 70 26 10 41 2 92 95 84 46 15 72 83 66 57 54 86
8 94 1 48 10 57 10 18 9 81 13 1 56 22 90 83 22 9 83 39 16 78 26 68 70 73 87 4 51 27 77 9 68 87 85 64 41 24 54 1 30 53 51 65 1 2 78 57 79 48 79 96 4 84 53 95 14
88 38 96 1 59 16 29 73 27 46 90 60 59 9 58 27 85 37 44 78 56 80 88 2 51 100 58 83 94 14 41 62 53 37 85 100 22 33 65 95 85 94 50 81 71 80 6 15 55 76 56 92 89 70 12 42 52
68 29 72 5 47 90 28 54 13 82 43 23 51 71 67 96 92 56 96 10 1 61 39 63 18 71 90 84 89 65 44 81 82 95 32 92 51 25 51 9 40 50 31 54 25 1 9 53 79 71 71 42 41 43 26 71 96
14 61 37 9 91 39 97 25 98 98 39 29 35 53 98 44 38 3 84 77 84 100 78 81 13 75 7 68 75 1 41 95 93 1 89 34 33 20 21 99 99 15 11 15 80 55 23 31 18 76 55 62 16 77 55 73 20
59 24 15 83 75 25 46 72 41 23 1 73 67 32 51 78 31 83 8 20 64 54 91 77 74 30 64 97 31 62 11 48 40 25 80 97 53 37 28 35 62 72 80 29 19 6 77 3 69 75 72 18 45 19 30 61 24
6 71 26 47 73 31 43 13 18 61 82 95 87 39 49 11 6 5 54 5 16 57 94 61 51 3 44 21 8 2 64 30 65 99 81 100 23 21 100 80 92 52 42 52 46 90 71 81 15 42 8 12 24 19 22 81 24
65 32 5 39 42 35 5 66 32 100 23 9 85 34 81 10 19 80 33 15 76 45 67 63 25 14 49 61 7 16 38 45 86 59 68 27 70 78 33 46 50 96 36 53 7 18 1 52 53 74 37 85 7 31 78 88 53
6 51 12 81 88 87 15 27 33 71 45 54 13 73 51 38 17 86 9 87 72 96 70 49 34 20 12 74 45 58 48 54 14 11 95 17 38 22 76 46 33 34 64 42 16 58 75 38 82 78 25 77 40 97 33 33 41
32 81 53 54 94 74 59 11 76 89 72 50 75 86 68 13 96 80 2 82 95 90 99 81 71 76 42 17 41 84 28 15 75 2 32 16 47 75 30 1 19 66 84 99 55 45 54 55 94 85 14 92 65 10 98 68 18
98 60 21 39 80 26 75 9 50 19 1 84 6 62 27 40 27 10 75 46 63 22 16 83 68 74 14 24 29 45 72 26 23 64 50 80 88 15 47 23 58 35 42 46 99 79 3 90 67 55 56 3 98 30 24 44 44
30 68 31 19 50 25 64 12 99 61 88 20 83 57 93 56 14 14 84 34 41 43 82 78 5 43 23 86 32 39 48 22 75 30 90 30 19 58 88 52 91 62 30 100 18 2 18 67 45 23 55 64 72 32 83 45 62
52 9 69 14 92 92 40 19 59 47 24 62 45 77 59 86 81 14 97 4 50 55 11 29 87 86 92 97 94 22 47 45 54 6 9 63 21 95 32 23 36 83 41 18 24 3 78 75 33 57 90 30 5 87 69 16 79
18 63 70 53 46 60 85 6 1 73 94 96 34 94 28 61 25 31 22 4 96 80 65 51 79 72 42 39 87 16 72 27 95 99 44 36 64 21 68 57 51 42 93 58 77 44 24 54 35 24 16 1 41 33 50 23 43
77 25 27 14 20 11 11 68 2 76 76 8 25 89 65 24 7 75 87 15 4 85 55 89 27 99 95 49 97 65 57 54 55 28 50 25 82 67 63 66 20 48 6 97 68 64 82 27 40 88 94 97 18 98 23 64 93
43 5 18 33 34 13 88 98 65 24 64 25 83 2 52 75 82 31 80 34 89 14 41 54 12 33 94 24 34 4 16 17 80 57 8 88 93 70 63 8 82 1 30 73 22 1 3 73 24 58 92 76 40 15 53 75 27
22 71 28 15 64 4 75 10 73 100 79 62 62 6 3 89 69 83 74 62 20 98 26 60 30 94 1 13 63 28 77 9 86 48 89 40 88 32 55 66 82 34 77 77 75 83 43 68 55 73 5 30 3 62 24 37 62
69 50 84 20 1 40 39 53 36 68 29 16 74 86 78 84 5 86 54 82 99 30 94 52 37 38 34 50 23 9 2 3 26 21 77 35 49 27 23 50 71 16 14 3 47 79 11 46 1 2 94 75 1 18 7 60 42
7 30 76 16 92 69 73 32 9 69 11 23 74 70 79 78 49 11 98 42 54 25 74 100 86 11 33 46 98 51 47 42 74 62 91 22 70 49 28 8 71 14 38 80 33 89 42 41 7 84 98 21 44 17 74 36 57
70 90 61 79 98 49 13 94 82 49 88 78 86 28 70 57 17 90 56 33 18 12 99 63 13 53 24 92 45 91 1 63 84 96 83 76 88 41 60 19 30 63 75 32 56 68 53 14 35 28 86 45 63 65 85 80 62
67 96 54 3 73 44 49 15 24 19 53 93 1 75 30 27 28 14 28 35 82 54 14 2 36 19 89 62 13 18 87 76 66 57 31 50 3 40 50 9 98 22 82 81 43 41 98 7 98 46 39 31 4 56 94 72 14
42 62 85 3 79 70 45 93 66 98 73 3 54 2 24 61 84 84 56 48 66 28 55 75 50 80 84 38 4 17 11 49 84 3 67 57 72 47 83 11 24 15 66 27 38 30 70 15 100 54 54 39 16 82 40 48 83
16 99 94 29 7 5 19 13 64 7 93 20 62 12 5 6 15 48 36 39 57 6 74 11 1 75 38 13 18 8 97 37 17 46 51 24 52 53 46 36 77 43 72 43 53 74 43 61 9 39 94 26 67 4 43 96 43
52 71 33 60 29 82 83 37 30 88 37 33 35 15 73 83 38 54 83 90 23 48 76 89 27 1 58 72 87 14 8 46 15 35 17 50 45 55 62 40 20 90 71 57 15 58 45 37 56 34 37 32 1 98 84 91 64
25 20 45 61 95 10 86 98 62 24 70 90 83 25 64 50 45 91 65 73 62 20 36 61 18 96 72 59 55 53 28 66 37 20 22 45 17 35 81 95 88 40 87 7 91 97 63 22 45 80 20 37 1 33 23 17 40
37 61 68 100 62 91 17 14 89 97 43 98 59 33 36 17 70 2 24 19 41 37 67 81 19 50 51 33 65 86 52 73 35 11 14 37 96 53 65 68 83 64 40 4 97 17 48 60 84 42 85 31 98 56 16 51 7
75 7 39 67 57 59 29 48 99 64 54 46 24 26 15 15 6 70 28 73 90 58 27 70 63 14 7 12 46 3 89 69 48 49 19 36 49 64 87 28 92 2 27 81 66 12 38 89 39 82 77 85 83 24 100 76 13
19 50 70 70 87 64 88 12 65 56 4 81 92 65 53 22 92 15 4 51 4 27 32 4 8 49 70 40 73 63 4 5 92 82 33 37 32 16 38 40 32 92 78 89 36 13 20 81 82 35 100 26 44 72 29 72 97
90 75 54 93 38 85 14 69 77 68 70 30 20 80 66 36 17 42 50 14 56 55 90 4 55 89 51 10 66 24 7 43 6 50 87 40 16 5 5 74 28 52 1 77 90 36 20 15 44 53 55 20 86 38 64 3 27
98 66 44 9 79 70 96 47 55 58 2 56 4 9 75 18 32 6 29 8 18 58 23 5 7 72 72 31 41 79 73 95 31 56 56 1 89 48 78 57 59 84 35 91 52 82 61 13 65 78 78 91 93 66 62 16 40
46 92 90 59 76 59 50 34 11 53 9 32 57 71 98 2 39 55 53 38 44 30 67 82 48 48 31 90 90 82 17 98 36 63 33 44 18 86 73 52 42 70 10 81 10 97 17 99 34 83 78 13 76 67 21 88 97
28 16 25 74 53 99 100 10 36 62 9 2 28 32 16 98 85 80 63 10 34 49 70 25 1 41 78 53 41 67 59 11 72 9 69 52 54 3 4 49 97 54 86 82 11 79 19 9 97 99 31 93 69 79 17 53 94
84 32 43 62 53 50 96 65 76 90 22 53 97 10 12 93 20 66 76 73 22 4 14 46 15 28 52 10 51 38 29 75 53 29 79 64 11 18 64 96 15 41 11 94 97 59 35 40 74 34 63 4 52 17 2 64 48
55 78 45 88 13 13 26 65 45 88 94 92 98 37 79 99 70 40 9 70 67 66 18 66 25 84 75 83 10 32 55 53 3 23 78 8 27 42 61 4 81 90 12 5 63 21 36 67 44 56 74 78 53 66 39 18 40
6 69 45 45 16 83 91 89 99 61 73 3 99 23 25 97 33 61 42 96 96 45 65 60 71 85 59 14 38 47 52 30 93 92 27 91 38 80 54 49 47 62 72 10 44 91 90 8 30 71 47 18 52 92 39 33 89
18 46 53 67 23 28 40 70 59 65 23 99 46 10 82 38 33 77 20 14 43 57 87 52 81 52 25 95 20 71 40 79 97 87 15 11 5 12 74 56 38 18 90 38 10 27 73 68 74 48 48 60 86 59 65 32 51
8 20 72 45 83 45 32 30 18 16 76 70 3 87 99 45 31 51 79 34 8 33 62 34 97 47 10 28 64 63 33 21 89 48 12 11 95 39 40 74 94 47 14 59 68 100 39 76 37 36 87 79 94 99 7 7 55
12 36 77 44 61 43 11 85 92 50 62 69 34 88 67 25 41 19 46 48 84 17 80 86 81 5 6 97 62 20 11 75 80 23 37 70 58 14 30 73 45 38 6 100 3 87 99 5 5 97 1 19 4 96 51 14 35
21 74 33 71 75 72 29 95 66 48 23 82 59 60 16 38 68 55 87 6 77 36 83 51 68 62 61 47 68 2 47 82 4 74 82 66 78 68 41 72 6 14 15 18 85 6 36 80 49 81 31 62 27 100 26 1 58
67 85 62 26 25 96 81 97 64 99 46 29 93 23 3 62 35 98 38 28 53 31 82 96 92 72 80 36 57 56 81 45 51 48 48 81 65 56 69 56 99 10 63 86 57 6 86 62 15 56 41 85 67 62 33 38 92
17 96 92 93 47 95 12 13 3 34 81 44 12 85 50 34 5 98 7 83 8 94 14 55 81 84 15 66 37 29 81 54 12 97 84 39 28 52 92 23 40 4 31 72 68 46 58 91 81 87 75 46 31 5 75 53 32
11 70 80 88 37 12 80 71 31 59 43 11 36 92 44 87 33 98 3 43 39 4 89 37 90 3 100 68 75 72 74 70 93 67 91 63 34 92 39 79 39 93 69 64 34 32 76 10 86 78 43 51 29 56 80 79 21
30 20 94 64 81 51 63 90 13 93 29 3 31 68 56 17 90 96 75 14 44 15 43 18 60 47 86 52 63 48 41 59 24 90 75 39 59 78 47 87 80 100 47 69 80 66 26 16 83 87 47 14 5 89 56 10 31
51 65 87 80 9 36 34 49 14 57 76 69 85 26 28 1 7 21 95 3 96 17 81 31 51 9 43 34 63 23 66 35 7 88 51 48 79 40 66 62 44 13 24 87 99 43 76 3 22 51 22 76 28 92 79 91 49
41 60 100 27 52 81 17 14 79 71 10 7 37 73 82 81 31 7 38 47 75 88 74 5 49 62 20 57 16 3 78 21 75 87 46 10 25 71 75 58 78 12 62 71 43 20 90 39 55 56 85 23 70 79 30 28 50
34 67 11 29 69 36 27 63 60 92 68 92 49 12 70 48 81 8 16 81 6 28 19 45 8 8 82 16 86 20 51 12 99 59 53 67 80 73 72 44 20 74 62 7 79 49 99 70 27 29 23 8 44 66 70 84 74
95 16 97 5 47 78 73 24 86 45 42 68 22 78 12 51 37 10 56 84 76 7 12 38 20 66 84 49 4 18 41 43 83 13 72 87 80 97 62 54 11 78 97 22 14 82 9 40 4 6 32 81 8 7 62 41 53
91 9 83 32 44 72 38 47 29 3 76 13 13 58 100 15 12 17 86 37 73 36 52 75 32 66 5 53 27 92 40 77 68 15 70 40 77 17 29 48 16 84 5 9 44 31 23 52 72 55 95 12 86 9 58 31 46
56 89 52 12 65 45 87 75 73 59 12 92 72 21 84 63 52 66 13 23 67 50 56 80 28 42 18 36 99 67 62 31 36 49 36 20 26 73 23 83 89 54 22 48 16 96 38 52 7 38 11 39 7 54 7 25 99
11 63 61 99 34 71 7 79 64 33 92 11 83 37 64 73 82 12 55 18 46 67 68 24 30 42 18 43 79 60 27 27 41 83 40 54 16 39 53 93 66 68 21 4 72 90 22 38 32 50 68 66 30 41 27 80 70
10 14 55 44 51 43 11 96 11 73 58 49 24 23 54 49 88 10 13 47 57 92 67 11 26 59 32 21 7 46 20 77 80 89 11 10 92 55 84 1 39 39 95 4 29 28 46 26 41 50 97 54 91 44 14 88 2
52 12 62 57 3 94 95 10 89 62 40 76 17 86 100 85 36 39 62 3 84 16 72 100 11 2 13 87 13 33 86 61 83 17 38 96 80 86 93 59 9 13 79 38 43 89 96 35 7 8 14 73 3 21 48 100 80
26 54 53 64 49 22 16 4 49 41 7 88 86 63 36 29 92 6 26 87 36 18 32 49 84 21 75 98 17 77 37 57 90 42 77 63 26 68 73 51 26 38 82 38 20 88 91 5 43 78 96 60 77 13 13 68 25
18 25 75 64 1 4 62 30 56 92 7 60 87 70 8 89 34 25 40 82 73 59 49 66 23 57 10 26 94 44 57 16 18 20 47 26 56 51 27 73 77 37 60 23 32 71 75 62 76 89 37 70 49 9 17 44 44
21 84 36 25 55 24 60 36 95 22 2 4 29 68 65 96 69 19 14 46 35 1 24 21 34 37 53 5 36 49 83 54 14 60 31 61 70 25 11 65 2 41 62 90 11 17 68 43 18 42 46 34 14 16 77 96 98
12 34 52 60 69 41 68 42 49 70 82 35 1 79 5 38 42 44 25 35 86 35 90 30 59 27 51 56 33 3 70 99 2 55 91 69 13 95 11 20 27 51 62 68 2 57 59 74 67 25 70 100 71 70 82 61 28
73 50 6 49 7 86 100 11 26 18 8 69 8 18 45 70 68 58 73 70 97 44 94 82 16 16 66 84 28 7 73 7 100 3 35 6 17 61 42 11 28 80 16 74 2 94 19 18 94 93 52 19 31 11 63 61 35
41 54 86 91 56 16 54 95 41 75 34 8 55 75 38 45 54 65 10 75 86 28 80 33 40 71 19 14 57 20 71 32 81 15 51 85 98 77 91 16 84 55 40 46 63 97 92 29 3 84 46 88 15 36 58 93 2
86 89 88 81 53 80 28 97 25 41 95 40 25 73 21 46 61 47 13 94 16 42 71 16 64 99 49 9 46 25 85 1 83 25 79 96 23 55 15 5 57 58 25 99 39 20 7 28 80 33 50 91 51 86 97 40 93
99 22 71 46 86 59 17 44 42 68 50 40 62 89 48 14 96 30 94 75 20 74 25 21 85 45 75 34 57 69 12 52 28 23 78 96 39 97 91 12 6 23 34 27 32 46 23 88 25 88 58 70 57 89 87 94 7
42 9 73 52 20 24 16 81 55 77 41 58 20 19 24 28 63 45 77 61 85 21 4 99 93 27 2 15 61 86 98 55 4 58 89 33 86 63 25 38 39 29 64 5 19 52 47 36 30 54 36 81 47 55 49 89 62
12 34 78 99 91 30 97 49 34 48 66 6 70 76 58 87 29 29 82 56 35 5 10 14 10 91 17 4 28 99 11 63 66 31 62 45 22 81 17 79 84 93 74 22 44 64 19 91 18 81 52 93 35 22 7 96 96
42 99 100 69 99 69 52 12 11 79 15 26 71 19 83 32 13 53 44 42 45 80 3 76 70 14 64 45 47 69 76 41 66 16 15 62 83 79 5 19 97 46 63 39 12 84 36 76 74 94 89 43 67 81 54 86 99
98 71 81 59 21 6 45 18 64 96 18 50 5 81 26 29 5 75 91 81 10 4 85 87 23 41 20 11 46 70 45 41 63 54 14 30 35 25 83 67 32 33 2 25 63 97 14 56 69 77 32 49 46 33 74 9 95
20 68 16 47 89 20 86 73 91 9 29 36 58 3 55 42 80 37 94 49 53 39 37 83 27 70 12 89 93 60 39 34 17 72 15 41 40 52 65 52 24 85 83 58 17 62 8 84 29 72 8 75 37 60 44 53 25
74 99 81 70 70 25 28 62 8 38 94 2 24 91 60 39 22 84 23 34 92 26 44 10 78 75 38 57 49 62 57 37 31 29 88 40 38 55 97 49 11 11 95 45 93 18 53 86 22 17 33 93 28 55 12 22 84
68 80 72 83 18 66 2 90 86 84 33 5 66 94 47 70 18 45 55 22 49 23 54 11 61 74 34 15 53 3 100 77 18 26 63 78 52 87 23 23 15 95 96 86 37 69 23 68 5 26 5 16 93 59 34 5 60
77 44 73 23 37 81 66 89 21 98 26 49 26 13 57 19 96 60 69 61 75 87 10 82 8 23 87 8 47 56 45 15 26 4 25 78 61 73 87 2 19 29 25 35 54 84 45 2 11 50 52 72 61 81 91 21 1
21 86 97 8 82 94 25 84 10 7 77 29 56 95 40 94 96 82 89 39 20 98 88 12 38 4 52 73 50 100 48 7 99 6 72 95 49 78 82 1 46 92 56 52 10 43 83 69 58 75 60 17 4 17 6 86 83
36 29 28 10 13 61 36 76 14 90 90 25 6 6 72 16 28 31 78 18 66 40 11 29 60 46 88 94 58 3 7 67 66 69 7 81 65 80 18 25 51 22 15 54 48 82 41 75 2 27 87 1 29 42 78 7 31
54 20 16 4 28 27 56 86 26 85 19 48 51 96 38 64 48 49 44 100 17 36 100 79 51 24 51 88 21 69 77 53 73 45 63 59 20 44 35 97 56 41 47 44 88 98 95 10 61 39 42 46 52 34 55 26 84
31 92 18 69 36 79 40 65 60 34 88 15 79 80 3 33 53 62 26 94 100 92 85 96 3 65 25 86 25 88 56 53 85 24 55 71 79 4 72 8 27 67 11 45 64 47 87 39 96 29 61 6 90 16 92 37 52
1 37 47 18 3 85 30 94 10 92 74 14 98 41 22 11 96 71 3 47 16 2 69 10 13 99 15 44 73 40 8 98 70 7 23 1 87 4 99 67 87 45 23 37 23 42 5 73 31 5 72 61 86 11 96 3 21
20 13 50 17 48 50 17 68 47 67 83 18 45 57 42 63 21 53 96 100 15 3 71 82 5 4 84 10 15 3 47 28 61 84 80 29 9 78 53 54 28 58 82 22 18 75 93 46 85 96 87 65 73 4 67 98 17
8 46 24 26 54 14 9 14 41 55 4 86 21 82 61 11 36 36 80 64 37 54 48 24 12 55 9 100 74 83 26 20 55 89 56 59 21 8 45 62 91 9 96 88 82 44 61 83 70 63 63 42 8 99 85 51 90
94 10 91 91 45 24 40 77 43 82 38 25 97 88 14 70 27 7 94 13 79 22 85 23 65 57 10 94 27 8 70 13 78 62 79 47 8 78 2 3 83 65 64 61 17 90 33 75 78 26 93 10 27 88 84 87 25
4 72 50 74 38 40 25 1 86 71 72 28 85 81 20 32 59 41 69 69 74 76 65 76 97 45 46 93 2 5 15 42 97 69 37 7 67 45 99 69 50 52 16 56 73 82 80 100 66 48 38 51 34 22 92 87 52
53 72 11 82 96 53 66 84 52 97 24 91 27 2 4 41 9 34 50 74 32 28 6 11 74 99 97 64 8 5 25 39 26 84 19 42 60 48 92 33 79 85 24 5 51 62 12 41 71 63 25 91 80 71 90 69 11
92 1 65 94 47 20 25 15 59 51 3 29 33 68 96 11 34 3 79 40 72 16 8 78 82 65 30 1 77 40 6 94 6 97 73 99 22 51 3 77 48 41 25 21 10 86 12 90 83 58 15 40 15 15 59 73 83
22 1 60 74 92 4 99 40 11 91 31 63 78 81 11 15 87 99 13 70 26 10 28 88 83 22 55 3 31 30 73 70 45 81 81 55 62 32 43 2 73 65 56 28 77 19 54 69 23 23 76 70 80 2 77 49 39
8 14 80 63 9 5 24 12 18 75 71 54 14 14 17 74 69 63 44 40 69 86 65 44 31 64 92 57 20 64 11 18 21 1 47 63 72 70 4 72 31 79 38 49 26 11 84 73 20 35 56 11 62 94 99 14 92
