93 82
47 84 57 61 13 76 59 3 95 14 71 14 70 10 56 97 13 28 71 11 96 70 74 14 10 24 39 15 29 46 40 80 91 66 97 67 46 26 88 73 39 48 93 3 84 77 23 19 59 71 5 59 98 38 8 53 77 93 20 70 81 100 65 53 10 89 100 74 42 63 78 44 95 10 56 66 23 93 87 1 20 24
2 90 71 18 58 78 68 30 14 95 30 4 55 61 74 2 89 37 90 43 10 64 8 20 55 7 100 90 85 69 38 7 17 55 67 100 68 15 51 50 4 67 36 4 59 64 73 69 61 60 77 98 23 77 4 54 26 11 54 67 37 13 11 96 55 75 42 85 1 58 15 55 11 77 23 53 40 46 73 6 19 88
54 55 11 56 28 3 46 37 56 62 26 49 45 19 88 52 81 37 17 91 58 63 34 25 47 7 63 88 60 52 8 44 43 88 94 32 73 16 67 61 84 81 20 19 70 55 99 33 2 28 98 60 33 83 10 55 64 90 7 66 1 32 47 32 95 99 17 33 13 25 44 32 73 69 52 97 25 9 9 42 54 30
82 43 5 7 83 92 63 29 49 14 43 91 61 33 90 97 80 16 6 86 46 45 63 70 38 50 66 65 81 16 58 86 65 8 56 15 40 3 94 89 85 98 20 91 86 37 79 26 74 32 58 3 9 76 86 36 58 39 68 31 52 70 24 9 68 53 84 75 74 36 46 75 38 9 79 16 25 83 12 33 48 57
91 35 48 77 82 50 74 23 17 35 33 28 70 83 34 72 68 70 16 48 4 53 20 4 48 36 62 16 100 4 41 68 44 64 15 77 15 70 49 50 20 89 9 31 6 24 65 52 36 41 43 74 15 31 1 62 7 9 87 66 24 57 18 32 32 20 7 19 53 54 29 36 93 60 72 90 46 24 18 42 99 80
2 30 98 87 74 95 48 45 57 36 62 85 30 45 29 56 24 56 28 31 86 54 40 1 89 33 68 38 11 53 19 99 14 41 67 35 26 75 15 38 47 74 55 80 90 31 50 44 41 18 4 33 86 39 78 52 64 1 14 31 16 57 35 98 11 78 69 92 63 35 1 5 31 9 83 37 34 79 95 75 43 83
45 59 78 24 5 5 47 41 27 99 64 55 7 60 60 53 83 10 17 70 44 81 61 80 19 94 53 68 48 63 54 39 80 51 77 99 6 39 91 49 15 78 44 5 75 91 5 62 55 45 45 69 69 24 62 4 37 49 64 75 5 70 69 49 3 47 48 86 10 20 59 29 18 72 32 2 59 81 68 10 64 25
95 82 49 8 66 7 10 43 74 35 47 49 92 25 76 60 86 33 63 66 85 2 8 88 99 27 68 75 2 80 50 9 2 23 2 94 12 99 79 20 80 80 68 36 72 87 21 2 73 14 63 82 81 27 57 72 69 94 84 4 10 65 89 67 63 100 2 98 13 96 79 24 5 38 49 22 61 71 100 93 49 3
84 60 96 81 69 34 28 78 12 54 30 4 58 97 97 79 31 56 92 60 13 2 94 66 82 53 18 22 36 16 11 100 24 11 22 79 12 95 49 11 5 91 42 49 27 40 45 26 59 19 74 69 19 76 82 43 44 23 76 96 84 32 47 63 89 33 22 53 90 38 31 62 93 76 67 60 69 3 74 96 36 65
30 38 96 32 99 81 57 85 46 91 66 65 36 50 37 44 5 11 68 57 95 18 30 17 69 46 56 32 9 14 60 52 69 100 12 95 58 21 67 7 73 57 69 79 15 76 11 13 14 38 80 74 56 35 10 78 15 58 25 41 98 23 14 61 7 62 30 61 37 30 24 44 16 49 81 6 75 22 31 32 38 1
92 55 48 94 83 7 14 24 78 47 12 67 62 28 67 12 84 25 68 36 38 10 36 36 86 50 69 27 69 45 36 40 66 98 99 38 11 75 17 21 49 6 48 51 48 4 82 14 5 57 38 96 96 63 5 33 100 14 36 59 13 47 45 76 100 71 94 71 40 71 81 68 72 6 57 73 36 99 55 45 54 59
64 29 98 56 34 64 43 43 9 47 31 24 73 76 56 48 77 25 65 3 5 61 81 10 84 28 34 35 67 92 93 72 14 47 31 21 40 65 27 81 44 49 43 10 67 16 28 3 11 61 26 35 94 9 39 80 64 69 70 93 69 24 15 8 15 58 97 82 50 85 36 44 52 19 17 94 87 17 75 82 21 3
19 47 60 67 77 50 22 14 20 41 58 48 12 10 87 67 11 15 29 15 15 15 74 69 33 19 94 45 25 31 86 65 16 74 90 99 93 89 73 74 73 63 97 20 13 64 7 37 73 79 52 95 42 52 33 10 60 83 96 47 33 71 11 93 41 6 44 49 14 5 90 21 3 98 32 8 72 88 39 61 32 23
32 74 99 9 50 10 44 32 37 44 25 21 92 26 66 17 92 6 100 6 37 92 99 39 76 25 46 39 42 58 82 83 25 43 24 15 100 1 46 36 99 70 56 39 48 100 79 32 39 1 79 3 1 14 66 30 51 58 24 9 29 44 4 11 26 10 31 2 16 12 83 17 81 72 14 87 87 44 53 2 4 79
75 81 27 11 54 71 57 43 61 26 39 95 58 83 71 24 58 70 22 94 45 15 13 39 20 26 10 49 2 93 9 63 80 24 50 68 37 78 61 60 8 57 1 84 57 58 69 12 15 54 97 99 78 92 71 73 92 92 9 100 31 91 50 85 51 88 31 100 62 91 44 34 87 4 35 10 91 85 40 50 73 63
81 36 73 31 69 89 15 21 31 43 25 5 100 93 42 97 85 47 64 65 58 33 13 69 16 1 69 28 39 19 3 74 68 79 6 63 96 76 41 52 49 56 46 95 35 76 74 46 53 46 61 45 26 3 38 29 13 46 16 43 67 18 79 64 43 95 100 77 83 72 87 31 59 7 80 5 42 69 36 1 67 96
48 31 16 38 42 95 17 96 71 2 96 19 100 84 53 77 61 81 31 24 31 100 80 94 21 71 14 84 78 28 82 21 73 3 37 41 8 49 76 63 21 96 5 74 38 21 28 51 44 35 55 24 59 76 56 11 51 8 50 14 54 64 43 41 100 1 1 93 51 5 32 20 72 7 14 48 57 62 28 68 85 50
1 45 45 47 24 77 97 93 91 94 78 85 53 9 5 12 31 53 80 89 79 69 43 33 52 48 93 100 34 41 72 95 65 66 7 32 40 45 71 50 20 72 36 34 41 32 84 81 56 61 76 19 37 41 70 27 87 95 10 31 18 9 73 23 12 15 52 25 55 54 33 91 90 73 6 57 90 83 13 4 11 97
83 92 87 93 37 93 94 20 41 87 11 44 5 39 82 64 23 88 42 80 23 16 33 68 38 72 9 60 16 97 9 58 41 3 29 11 44 22 58 99 80 68 65 74 34 2 22 30 98 50 96 55 69 40 84 5 11 64 29 94 70 28 66 47 63 54 54 10 39 28 67 52 24 45 94 60 9 59 53 41 52 15
42 40 7 5 19 77 69 57 7 6 61 88 73 48 51 11 14 99 54 9 19 80 34 95 96 21 94 9 38 67 89 19 88 26 29 65 92 22 24 10 59 14 62 51 30 58 83 83 83 80 69 14 21 58 4 94 31 73 38 1 78 30 17 37 5 98 71 1 92 91 52 85 52 65 30 11 43 48 93 10 90 88
80 15 15 42 60 22 16 25 99 11 85 21 40 46 85 67 89 8 22 77 61 48 15 63 99 85 57 70 23 40 26 80 31 35 90 33 60 99 90 16 59 27 74 84 62 95 13 41 84 40 84 86 59 36 35 81 23 40 95 21 39 20 1 14 51 88 37 42 94 8 18 10 41 97 37 36 51 97 29 88 74 63
94 69 86 85 21 46 37 66 50 8 47 3 51 37 14 100 25 25 85 43 88 4 56 48 71 40 12 75 64 41 60 38 5 54 15 71 72 82 88 1 93 83 78 10 37 61 46 92 29 82 89 94 79 85 30 34 84 5 75 20 75 91 59 73 81 14 16 5 13 45 78 6 98 11 68 99 11 59 53 64 62 94
58 26 60 69 34 25 87 49 9 87 74 22 33 32 89 36 26 36 92 16 54 65 81 66 81 30 12 98 61 39 15 52 11 70 90 4 92 78 1 38 11 9 63 19 100 63 6 48 50 80 80 2 80 42 67 3 49 37 41 6 4 95 85 57 38 32 86 95 76 68 85 16 79 18 73 57 87 37 15 27 18 61
74 44 36 57 88 19 36 18 53 76 72 94 8 56 18 14 92 45 38 29 44 33 43 50 18 40 74 75 41 88 68 67 25 37 50 85 47 24 70 79 61 90 36 85 95 41 72 93 71 83 50 75 18 91 65 9 75 32 20 21 79 99 63 58 46 9 66 51 25 5 79 58 36 63 12 4 99 48 78 81 11 32
28 75 90 98 39 38 11 30 3 3 6 1 2 65 4 16 76 4 74 62 59 99 39 36 36 39 11 26 85 94 93 12 8 21 17 44 92 82 47 89 82 37 98 13 83 89 56 43 24 5 20 40 2 84 22 11 24 66 64 66 41 48 21 71 6 53 94 95 16 89 98 58 97 90 74 35 69 66 85 97 99 77
66 94 33 28 28 87 8 44 33 9 91 66 22 18 86 3 30 94 2 43 1 16 40 84 98 44 88 68 33 55 7 59 86 57 42 50 22 89 4 90 63 33 13 73 49 88 65 82 32 34 8 100 19 35 47 61 36 26 68 71 93 15 5 74 29 7 19 7 63 3 40 72 45 100 17 61 10 81 69 63 89 46
89 15 5 51 43 14 61 84 33 22 87 75 98 3 18 2 86 91 64 80 96 78 73 18 45 30 3 90 80 66 92 42 33 86 67 93 62 58 60 91 11 3 63 91 36 42 81 10 65 98 96 61 69 80 16 33 39 80 19 70 24 31 78 82 29 39 4 84 25 27 87 41 26 64 52 81 25 11 92 41 74 59
56 20 33 73 52 43 73 78 40 69 47 90 19 99 59 11 77 44 65 7 38 65 66 29 83 27 48 13 93 57 99 43 64 20 81 70 97 19 53 70 71 32 72 86 30 40 44 70 33 54 68 7 86 75 23 24 4 36 4 74 4 57 59 23 63 25 22 39 10 14 18 26 71 66 74 56 100 30 68 55 9 21
32 19 75 28 82 8 58 45 11 36 18 90 70 36 85 92 14 100 24 55 72 31 29 35 79 20 92 39 80 80 36 49 71 91 24 27 65 80 73 85 100 32 35 47 48 33 23 68 63 25 75 50 15 64 20 4 58 54 11 13 62 19 67 3 19 87 26 85 90 41 74 48 83 9 26 32 73 57 61 33 56 74
46 52 87 15 45 59 31 14 32 48 96 25 14 10 86 26 80 24 75 63 73 23 92 41 75 25 61 59 2 95 64 26 21 23 84 2 27 91 38 84 8 78 92 81 44 22 2 17 95 82 6 18 5 56 71 50 4 23 88 28 11 55 9 46 97 73 10 87 51 41 63 95 99 53 32 13 82 24 78 16 18 74
61 49 99 94 12 46 74 93 2 20 76 45 58 22 42 90 61 63 21 19 10 100 68 32 91 76 43 91 6 71 38 57 26 6 38 6 27 23 88 20 79 63 72 19 95 90 31 1 69 65 100 60 27 7 23 56 48 33 36 31 62 46 19 2 80 71 63 94 8 66 24 62 95 53 3 67 88 77 81 86 99 24
41 28 83 40 46 40 77 81 56 8 38 24 96 57 35 29 42 85 27 10 98 62 59 21 94 100 17 93 15 29 77 47 23 16 92 10 90 44 53 24 92 19 74 47 13 51 71 4 30 35 77 45 71 33 77 41 29 63 82 4 30 67 32 76 47 11 51 87 50 9 84 29 87 19 90 37 88 19 63 55 39 29
60 77 39 73 23 47 15 58 63 95 66 39 93 53 4 94 41 53 64 86 74 42 46 61 94 39 46 45 58 80 42 46 66 71 9 21 35 52 49 51 88 34 66 69 50 58 79 7 24 13 72 35 63 69 29 23 71 16 22 57 61 41 67 94 97 7 62 61 19 99 18 70 70 48 19 58 29 45 44 56 78 27
59 32 19 59 51 48 91 54 86 60 49 43 33 6 7 53 85 21 77 6 71 2 67 47 16 17 53 33 98 9 29 70 17 62 14 64 53 1 71 23 18 73 26 90 81 81 62 64 39 46 11 23 8 63 24 61 58 34 45 77 93 56 19 44 77 88 81 68 34 48 80 12 7 56 32 58 47 43 80 14 91 20
88 71 24 97 98 39 88 46 27 38 42 23 75 63 11 18 22 95 83 48 64 33 49 18 40 22 18 45 28 65 54 5 44 78 36 77 64 53 19 63 54 80 17 57 69 100 33 73 2 72 11 21 93 14 11 42 84 68 78 2 18 62 76 79 75 68 19 6 9 59 74 12 10 67 42 7 56 11 29 48 54 28
91 80 77 7 38 25 33 10 32 22 82 41 80 93 49 41 37 76 75 64 18 58 83 70 67 44 10 40 27 19 40 95 15 35 14 11 77 41 92 69 8 77 100 53 31 48 26 64 48 79 81 33 87 51 21 94 35 4 50 82 60 43 26 9 2 93 83 51 21 44 91 4 61 100 32 8 68 51 70 6 98 100
62 14 92 82 8 16 44 47 80 23 39 51 38 9 92 83 44 35 1 97 32 9 100 50 90 96 36 58 77 43 23 87 40 11 18 20 28 14 82 2 17 97 45 51 74 37 87 35 73 27 22 9 78 78 92 16 66 98 22 1 7 51 52 78 14 12 24 47 94 100 63 52 95 29 70 100 57 71 8 36 98 7
32 35 61 81 98 81 68 46 87 25 52 42 5 11 100 57 43 89 52 96 56 78 31 27 9 97 15 60 70 71 23 42 14 71 8 20 98 89 56 28 30 17 5 67 21 17 98 9 14 18 15 88 92 22 57 86 35 54 4 88 11 83 8 58 64 30 49 99 99 80 3 79 60 45 56 80 36 57 56 49 54 80
28 70 52 54 22 55 59 59 16 75 91 80 57 93 84 99 47 64 65 23 27 60 93 22 95 35 40 13 70 45 82 5 1 32 47 42 20 71 2 81 39 80 31 62 58 8 47 42 58 94 50 45 70 51 52 3 8 25 78 71 21 85 95 65 76 75 43 8 65 88 88 99 61 65 7 26 15 50 72 39 10 68
31 38 50 80 34 24 21 45 93 75 35 9 29 74 95 62 96 42 83 47 84 70 2 24 18 63 49 89 45 79 60 7 79 87 37 3 74 30 16 29 43 28 89 44 27 62 32 35 87 28 20 75 98 61 50 58 57 57 58 11 98 61 30 67 51 39 81 20 53 12 47 43 16 62 44 71 6 37 94 32 56 8
66 90 47 20 89 38 3 25 95 21 36 66 9 3 98 2 84 58 55 6 33 92 89 73 6 58 57 13 17 62 62 56 31 22 19 71 35 38 97 38 93 15 71 16 53 81 62 44 61 94 39 92 22 20 30 18 69 89 81 88 72 5 26 71 70 96 9 51 73 32 66 36 30 5 86 45 83 63 39 66 76 24
5 63 98 71 62 12 35 72 14 69 97 45 23 50 91 16 22 7 49 1 67 48 76 23 42 69 81 50 18 60 77 68 94 23 41 57 2 35 30 67 71 77 27 65 90 48 14 10 2 99 81 61 8 69 6 56 6 10 69 14 79 44 92 26 54 50 31 97 21 59 21 85 72 39 94 59 14 17 11 57 32 32
11 64 24 19 16 77 87 38 61 27 57 4 1 57 72 42 16 44 84 89 63 59 78 31 34 81 80 38 66 58 72 85 21 98 7 47 85 78 96 69 75 69 81 47 64 2 45 66 72 90 78 20 26 41 57 73 12 28 60 49 83 34 23 54 22 22 74 64 39 71 58 25 26 83 34 13 25 93 76 74 11 27
80 77 25 71 52 30 90 100 17 88 78 54 89 76 53 66 97 42 53 20 69 12 25 22 93 35 40 46 42 59 9 87 26 11 96 72 80 45 1 96 4 87 51 81 85 2 96 92 8 13 51 12 96 45 22 38 54 76 85 61 27 60 7 33 75 38 19 58 64 38 6 90 64 69 19 26 100 92 54 36 25 74
41 85 19 17 60 87 76 57 17 61 22 94 79 70 76 66 58 59 33 42 31 88 34 22 44 20 61 86 3 36 31 48 79 29 24 99 83 97 3 28 74 24 59 55 99 71 36 68 30 92 63 100 73 67 73 26 40 84 5 69 47 67 24 20 2 21 64 75 35 27 9 71 10 8 79 17 5 9 88 39 61 29
61 68 57 43 62 94 69 54 7 68 26 4 33 100 96 60 78 5 24 46 19 58 95 98 62 99 35 67 51 8 64 61 16 47 6 99 77 61 9 90 85 60 76 96 73 98 98 32 100 62 58 54 56 91 15 25 27 30 91 92 6 29 31 98 87 80 79 21 13 95 86 68 64 60 33 27 20 82 61 3 14 29
78 91 57 100 72 15 3 85 43 35 89 52 7 70 43 91 98 67 26 89 78 87 74 32 66 81 72 83 83 66 73 3 54 97 61 13 48 38 94 80 26 85 59 89 14 62 23 81 18 30 94 65 8 33 55 20 9 17 51 24 14 97 5 22 59 52 22 44 10 23 39 16 72 66 100 10 62 10 76 29 27 6
86 10 83 40 54 41 59 61 1 96 20 60 13 72 62 35 88 79 6 18 22 32 81 74 89 85 73 2 93 59 77 63 65 97 25 1 56 26 53 75 95 76 47 3 74 85 65 99 100 25 99 91 36 84 17 4 22 10 85 49 3 39 20 100 77 72 41 91 24 19 49 92 92 42 93 97 35 31 37 64 18 55
3 26 77 100 44 26 90 71 53 80 42 18 40 59 66 98 83 8 91 41 49 48 45 66 68 63 57 100 79 54 29 32 45 98 16 61 58 10 6 58 13 43 89 19 21 14 29 76 55 2 33 23 12 46 94 46 35 45 3 88 90 28 78 16 70 1 34 18 19 29 42 82 48 10 28 15 79 10 58 93 9 42
33 41 65 32 6 76 70 3 78 69 33 20 65 31 4 45 82 72 91 27 89 84 64 1 21 16 94 31 28 37 78 84 48 84 38 48 38 11 97 21 30 33 74 92 48 26 88 30 89 65 30 52 67 67 40 24 30 84 46 92 79 88 44 72 41 86 54 11 69 36 92 66 42 43 76 85 10 80 14 78 55 55
97 83 21 63 44 6 31 91 48 51 73 23 8 34 17 58 37 37 4 94 43 60 78 76 67 35 25 97 55 60 87 42 14 77 15 96 57 32 37 84 10 98 60 9 82 17 87 89 79 14 39 93 58 45 72 55 39 85 54 46 65 99 69 37 39 54 72 55 41 34 71 91 78 26 48 14 99 26 72 13 36 33
93 33 25 14 97 44 88 17 20 90 17 76 91 96 58 42 9 87 9 100 94 16 58 99 38 63 69 81 63 9 60 23 74 79 13 14 72 87 38 77 99 85 64 55 14 55 29 1 62 37 89 38 10 11 60 20 85 11 54 58 29 2 75 12 84 86 8 47 51 9 13 86 97 84 41 56 77 58 2 99 61 7
94 7 62 37 59 91 6 74 29 17 78 26 97 68 12 6 11 67 30 9 5 64 36 34 99 46 58 98 31 67 25 67 46 56 99 34 58 18 37 97 89 73 89 27 14 63 9 56 75 47 50 100 67 71 68 75 72 87 41 79 67 14 32 77 54 85 80 84 31 78 73 51 40 27 87 65 43 1 44 75 30 47
87 4 21 66 66 44 43 21 87 43 94 80 15 91 11 78 38 85 49 19 35 4 73 67 67 75 30 57 16 99 26 47 28 23 20 83 61 40 76 45 96 20 92 9 65 95 56 79 13 44 80 89 98 84 28 33 66 5 60 48 43 29 25 47 98 5 85 88 11 55 18 10 7 45 77 16 99 1 76 44 48 82
60 40 63 48 93 85 27 47 82 86 69 56 77 98 64 72 66 18 93 41 99 54 100 99 97 19 88 15 9 52 31 58 89 63 90 15 4 3 71 6 38 59 31 68 41 41 67 62 13 48 9 51 30 32 1 76 96 36 97 39 42 4 59 84 35 47 90 30 81 86 54 28 10 55 53 14 61 68 54 23 76 56
55 92 7 87 35 47 86 60 45 36 43 52 32 44 30 92 71 68 60 23 43 12 41 33 82 4 65 91 50 77 37 20 83 37 71 16 9 61 79 51 45 99 96 68 25 39 70 26 30 97 25 18 78 91 74 86 95 13 29 42 15 98 75 93 64 53 80 35 29 80 84 36 97 79 69 43 23 76 20 84 87 49
8 63 41 51 87 82 87 70 9 4 52 33 38 92 34 68 43 79 15 7 75 53 28 92 10 23 13 75 42 72 85 17 58 5 17 51 19 21 79 41 45 19 73 43 70 74 46 70 48 6 92 94 93 100 86 10 83 70 96 5 98 32 93 52 73 78 5 68 78 7 51 13 61 41 64 31 83 98 84 44 4 54
92 2 79 86 81 42 36 5 76 9 46 73 71 38 66 96 70 81 68 47 70 39 61 83 46 81 17 94 83 37 61 88 86 6 35 19 75 83 65 32 64 39 80 43 33 84 34 68 91 22 29 87 96 29 65 76 54 53 84 96 72 89 25 56 23 22 3 79 24 94 46 6 81 100 58 26 22 61 51 50 18 31
97 5 14 93 42 38 62 88 24 2 2 1 14 58 90 47 50 45 73 97 76 41 18 99 38 9 100 1 15 21 76 93 77 86 64 99 10 3 82 69 77 53 18 4 30 49 48 88 79 7 25 74 61 63 43 28 43 49 88 33 65 79 28 71 67 50 45 77 70 64 35 25 47 56 51 90 24 39 32 65 24 15
41 5 95 93 34 88 24 38 33 80 60 74 14 74 68 20 78 53 7 65 17 94 7 25 26 44 92 18 51 74 20 30 5 92 16 99 69 58 7 8 36 90 42 11 48 20 16 89 43 15 15 34 95 31 27 38 91 48 85 3 57 92 31 80 24 73 50 37 4 62 75 23 92 76 98 46 15 75 8 86 43 41
44 55 82 29 9 16 85 13 33 94 37 38 21 60 31 8 67 50 4 68 48 87 50 12 100 91 46 47 74 45 6 9 57 95 57 66 87 43 36 72 47 42 60 45 90 40 81 55 89 67 73 57 10 3 17 33 4 73 71 90 12 66 49 91 98 79 81 24 63 47 98 95 91 57 93 20 30 90 55 64 51 72
54 88 9 84 94 32 10 46 34 38 17 23 16 85 62 83 17 38 35 52 48 41 41 97 85 19 73 83 24 18 5 33 99 30 98 6 37 39 38 76 20 67 80 90 70 85 59 67 6 81 69 21 21 31 58 43 87 42 43 31 81 22 87 6 2 98 87 17 89 69 88 88 49 63 99 81 4 46 48 15 24 7
28 23 7 47 16 59 28 98 69 77 46 47 45 31 93 52 57 5 91 70 77 90 20 28 65 42 29 53 69 26 26 16 8 94 90 71 4 65 7 78 41 75 94 57 47 71 48 28 88 21 34 19 3 45 38 73 2 90 18 48 14 58 72 82 4 6 75 7 98 100 1 46 16 7 58 76 5 39 80 75 93 90
71 51 47 35 46 55 66 48 99 42 87 17 63 95 78 35 26 21 87 89 90 51 19 66 61 61 83 39 44 56 46 76 77 99 74 62 65 73 81 42 23 32 77 32 43 54 89 28 98 11 73 44 65 12 36 76 20 59 61 23 69 7 57 7 53 89 94 15 23 7 67 94 34 84 86 14 60 4 30 98 36 33
78 65 23 1 57 33 70 47 68 67 59 13 100 51 87 75 69 34 83 13 12 73 1 53 35 1 69 99 23 1 39 73 68 68 99 95 1 68 76 95 78 62 89 1 85 11 62 9 9 82 89 28 68 43 12 91 25 11 34 9 93 89 4 45 33 25 74 85 51 19 90 5 52 57 76 11 15 60 46 65 40 5
22 63 55 76 82 15 38 85 60 10 28 22 78 57 68 59 31 75 97 20 55 37 67 52 79 27 98 11 72 17 69 73 70 78 22 75 52 96 44 83 59 61 84 27 70 11 25 15 63 78 18 16 39 13 77 67 31 46 34 74 56 32 88 71 64 10 19 54 49 74 21 53 50 94 14 38 44 5 67 25 6 85
30 83 100 19 24 42 36 75 62 65 78 7 69 7 41 38 95 91 62 46 3 59 57 25 36 85 55 66 76 5 63 100 49 68 19 99 95 69 41 67 84 38 100 29 99 41 45 55 63 99 67 3 32 20 50 11 68 41 15 15 15 59 51 71 23 25 3 59 93 27 34 17 68 15 85 50 16 88 59 99 38 34
99 69 74 9 35 55 28 14 62 99 60 42 25 27 28 4 49 69 8 49 8 1 12 21 11 18 8 45 43 84 63 83 83 25 72 54 60 69 66 47 21 30 7 31 14 35 12 98 44 92 39 55 99 71 81 20 86 6 41 69 62 5 52 40 2 81 18 31 46 81 29 54 47 44 32 90 85 48 83 67 66 53
38 81 82 28 75 8 40 85 100 62 92 67 12 63 29 12 56 8 57 60 97 17 10 78 28 35 19 56 86 38 15 71 5 54 74 79 90 21 90 84 17 84 12 53 86 53 27 47 42 100 64 90 17 57 46 59 33 34 32 69 95 49 53 26 56 20 98 45 55 62 19 61 76 17 43 23 16 10 85 52 16 81
7 61 35 30 76 7 4 42 83 35 51 98 61 94 87 41 19 92 64 8 56 38 74 23 80 86 9 74 14 46 2 41 7 47 94 95 48 43 82 37 68 48 27 94 81 48 14 2 41 30 11 35 32 63 89 23 60 88 37 16 51 17 4 57 24 63 70 82 65 78 53 13 28 50 93 13 77 83 65 43 11 83
54 91 93 78 19 21 90 96 72 81 88 10 43 28 54 38 7 89 24 52 55 83 79 93 91 99 69 28 85 51 45 49 87 60 47 89 6 9 91 15 50 18 8 64 53 72 4 42 77 85 8 2 38 50 72 3 20 67 72 37 100 8 41 74 32 29 23 96 80 31 19 63 76 9 20 52 19 91 54 61 21 42
94 91 72 4 36 90 83 3 86 60 87 40 96 45 79 88 13 57 48 18 5 71 48 6 87 100 78 42 93 23 45 36 49 75 40 15 7 74 50 29 72 9 39 32 21 35 15 95 92 98 33 56 22 47 35 35 66 2 8 37 17 35 86 42 30 11 73 80 92 17 20 70 82 22 26 88 62 51 64 83 97 66
13 47 17 44 6 54 36 78 79 4 25 81 81 45 85 10 89 79 43 61 57 85 91 33 42 96 75 53 42 15 55 42 7 48 75 93 55 60 34 42 33 59 93 25 32 94 53 16 83 80 17 93 29 8 96 6 22 67 57 78 69 29 51 65 55 70 23 70 47 85 88 4 72 5 43 76 9 10 63 66 67 35
78 14 96 37 20 27 89 30 80 68 97 31 56 3 77 11 66 28 15 97 81 35 3 99 61 17 10 84 34 26 37 51 97 62 22 46 44 86 45 1 87 53 74 94 39 53 9 53 44 66 86 4 22 68 90 49 79 48 69 43 11 90 5 22 55 28 3 5 71 26 9 48 62 69 16 66 20 5 3 65 72 96
19 45 78 30 9 51 38 78 17 18 93 46 95 26 3 45 99 58 30 92 49 27 67 95 71 95 46 45 27 71 74 71 76 1 38 9 84 21 81 25 17 6 41 45 84 63 70 55 35 87 5 83 81 14 31 91 20 65 22 89 29 47 16 58 84 85 49 22 91 90 98 56 35 47 2 63 94 19 56 49 37 75
39 99 37 68 33 61 73 63 39 44 10 21 99 1 31 82 16 47 86 52 46 48 30 13 17 40 66 1 68 91 62 73 65 64 65 38 15 90 43 82 86 14 16 76 38 24 9 47 34 26 9 77 95 87 30 12 82 45 57 64 22 30 35 38 74 99 97 60 1 1 7 50 2 63 45 13 51 28 74 71 88 59
12 62 53 8 95 23 52 73 69 57 44 21 74 62 79 87 78 54 20 2 39 63 88 20 39 20 30 56 46 13 90 41 35 18 36 56 17 32 4 48 24 76 59 96 37 41 19 4 34 28 8 10 17 21 68 36 64 41 44 69 81 38 3 64 63 83 66 49 20 53 41 55 88 41 42 72 75 6 23 23 10 41
8 20 12 63 21 63 26 36 33 66 63 14 88 12 30 75 42 26 60 43 88 41 15 87 34 72 7 94 78 7 99 74 5 68 31 95 19 45 19 84 12 95 44 77 92 34 21 3 34 96 62 61 64 14 72 8 90 96 19 10 93 21 43 96 54 43 80 91 92 87 86 22 70 80 9 98 20 37 1 91 87 85
44 1 74 11 6 46 68 60 94 60 36 51 32 56 24 71 62 68 57 57 14 71 70 90 40 23 3 25 52 87 52 24 95 29 50 63 83 66 68 89 80 56 98 15 72 97 87 95 13 74 61 49 13 36 49 8 87 30 26 31 72 23 89 97 32 10 47 62 18 52 32 54 25 12 28 60 85 78 86 32 1 60
66 21 34 12 18 58 28 68 33 78 40 86 68 93 41 84 46 28 71 39 5 68 9 14 65 27 42 78 45 48 30 83 100 56 17 46 62 13 45 57 27 90 52 81 59 47 40 91 14 46 90 21 77 26 80 48 74 15 62 94 57 14 96 36 12 3 46 69 4 52 48 84 32 79 83 68 78 75 44 74 80 91
99 36 76 64 14 36 7 88 15 82 58 54 67 81 6 100 25 2 14 3 51 43 98 94 31 59 14 70 100 47 27 36 78 17 74 66 23 74 43 39 52 78 23 97 40 46 45 86 71 53 29 39 29 28 30 70 67 86 30 66 90 60 64 79 84 12 13 25 16 24 82 19 5 41 1 54 77 5 49 22 14 78
31 43 57 4 27 76 51 32 96 82 93 66 58 50 55 56 44 48 35 20 85 8 90 17 83 78 43 92 64 2 39 24 8 7 45 39 43 39 55 39 21 7 89 89 30 5 52 7 25 83 53 64 68 18 39 68 34 67 31 49 24 45 11 25 88 39 64 36 22 15 3 61 91 15 86 52 28 27 44 71 89 95
11 62 38 18 65 15 58 67 67 22 21 67 40 31 5 24 22 73 1 24 100 43 98 89 96 21 23 96 53 13 75 87 79 91 60 7 30 94 66 66 13 55 72 45 23 47 6 89 55 56 40 43 64 84 42 90 59 26 76 84 17 45 64 79 63 94 53 77 79 96 46 62 23 34 16 82 73 65 73 43 35 2
54 47 32 2 25 89 51 4 38 64 86 3 7 68 34 89 66 85 72 99 24 37 59 14 18 78 81 28 62 36 31 27 52 72 89 99 66 38 12 59 54 94 30 42 69 93 91 26 35 46 54 65 33 11 8 82 66 62 90 38 7 67 45 51 65 15 69 33 83 97 15 67 55 37 63 36 17 74 4 94 51 5
47 79 84 86 58 67 39 21 26 9 13 41 42 98 82 35 54 45 5 43 94 71 34 10 87 79 60 8 72 85 66 100 93 9 55 8 28 97 38 39 96 78 59 48 59 59 82 84 10 2 67 91 22 21 71 63 17 84 50 70 95 59 22 33 46 47 38 100 8 40 90 28 20 5 98 15 90 31 70 11 51 51
45 73 36 67 37 3 81 87 74 48 5 48 16 99 16 68 94 67 49 63 80 97 38 98 93 54 37 14 38 59 71 95 25 62 34 30 97 35 27 71 32 38 30 19 7 23 86 1 63 19 67 40 84 45 38 88 78 18 58 76 5 64 52 23 29 45 86 34 2 58 83 14 30 53 34 9 72 88 28 63 20 83
46 13 29 69 88 25 93 74 87 57 47 95 53 80 21 18 90 38 97 32 25 6 45 44 45 26 50 42 93 87 85 96 35 27 7 60 40 11 23 62 14 64 61 43 18 23 42 58 44 75 81 13 81 28 64 80 23 46 35 26 15 32 84 4 48 29 99 70 62 71 24 6 69 10 7 32 39 71 3 52 47 10
15 50 59 12 49 35 29 49 11 42 13 37 14 2 98 73 73 79 70 77 59 7 75 75 29 10 56 58 58 32 59 13 15 54 16 10 64 35 53 50 24 89 83 65 18 26 66 13 24 32 97 28 69 41 92 79 65 58 93 74 100 6 44 56 84 34 26 61 54 44 20 39 3 24 42 29 10 25 26 7 5 64
21 6 61 30 76 42 46 47 90 57 31 31 62 17 54 20 10 58 67 8 87 2 74 69 84 65 42 94 59 81 24 7 75 45 92 44 83 87 22 46 67 4 59 38 73 7 46 10 73 46 90 85 40 32 85 39 90 61 47 37 6 68 11 54 72 66 54 94 33 12 38 50 29 26 68 8 1 41 72 96 1 22
24 75 37 24 40 78 88 57 25 39 42 99 61 60 2 13 78 36 14 43 25 51 26 61 12 60 6 40 67 28 32 73 36 56 61 12 2 23 23 12 87 27 6 48 84 73 79 45 8 75 14 49 75 1 63 27 90 62 76 24 56 52 81 2 7 22 99 30 55 41 85 75 50 73 40 85 21 6 62 12 25 54
81 65 70 81 21 66 72 26 67 52 91 79 15 100 52 41 37 83 12 60 83 47 5 30 47 87 99 30 23 80 85 34 36 33 15 30 34 35 3 77 68 86 11 78 20 44 68 59 22 79 73 69 42 45 85 61 31 70 71 45 53 2 15 49 93 95 41 88 52 49 2 14 97 56 48 44 23 66 19 2 6 30
61 19 1 44 61 70 64 14 80 48 94 22 56 81 34 65 66 52 1 75 61 53 75 63 23 73 8 50 12 41 69 16 61 54 15 71 82 45 78 38 95 93 65 64 15 90 73 25 34 80 99 32 82 83 87 79 84 18 3 32 28 57 91 88 76 51 22 69 32 83 9 100 71 35 38 75 13 46 24 91 82 95
5 57 71 75 48 12 66 61 52 67 90 8 84 99 39 41 41 39 74 59 57 58 57 83 97 56 74 63 65 89 66 46 31 47 44 41 9 38 62 13 83 100 27 100 28 41 1 56 8 33 77 26 86 73 61 15 46 60 65 5 42 9 37 75 37 75 54 10 84 68 91 11 72 27 74 17 99 74 75 89 39 91
