53 86
59 79 59 78 92 28 43 18 28 96 50 11 64 71 48 3 24 57 28 62 47 32 17 55 92 32 25 84 2 57 45 94 42 49 42 80 63 45 82 31 90 31 53 94 2 30 14 26 17 26 45 97 73 15 43 35 34 48 75 5 96 42 15 94 16 35 42 50 98 60 96 21 9 58 97 60 18 76 61 62 18 63 3 57 43 16
55 85 1 74 82 58 1 80 81 14 86 93 53 66 26 80 17 17 23 27 49 65 38 26 21 65 23 45 37 34 71 58 51 10 42 35 33 97 77 48 61 2 72 20 15 70 75 6 38 68 50 98 53 97 20 92 91 72 44 19 56 20 3 18 55 60 85 95 64 12 84 89 31 19 81 52 42 4 80 94 14 65 66 72 33 76
29 73 62 3 16 78 18 71 60 63 17 9 18 21 88 54 21 61 62 75 7 64 64 75 47 91 93 19 1 57 26 54 65 94 54 59 93 18 22 47 30 22 19 4 77 94 96 42 26 52 86 96 64 41 88 54 46 1 88 24 2 68 43 51 64 2 12 90 49 74 80 69 5 10 36 80 21 34 24 62 33 39 99 56 85 74
31 15 22 22 38 87 68 25 44 84 34 38 79 30 9 26 49 23 12 36 37 87 91 96 85 29 19 90 90 81 90 28 88 29 87 3 7 31 20 62 98 67 50 61 91 25 21 96 64 30 16 64 85 56 55 16 6 27 96 28 42 41 18 10 67 64 25 59 28 30 34 45 20 17 25 28 81 9 16 5 5 11 54 81 76 67
61 67 87 4 43 38 35 94 63 33 20 88 55 52 87 71 69 86 3 83 43 83 40 93 16 56 97 16 59 100 95 16 81 65 12 72 78 55 41 43 71 17 44 37 99 42 71 58 71 38 81 75 88 25 56 4 59 22 43 95 74 92 24 15 2 29 42 11 23 80 65 39 7 89 82 43 15 78 93 11 74 92 72 75 16 46
46 56 70 86 87 31 10 18 42 24 69 24 12 65 67 96 35 88 23 18 19 6 100 32 27 98 99 81 35 90 18 31 53 8 29 2 26 71 46 93 86 87 78 85 7 46 70 52 41 73 59 47 86 22 86 67 8 4 82 77 11 68 23 84 49 36 99 66 27 65 99 94 90 28 45 89 85 31 63 48 37 26 39 25 27 56
4 35 100 27 19 63 47 12 63 5 2 96 2 15 6 24 21 52 81 24 74 56 88 26 12 75 38 63 42 75 62 70 64 18 64 84 22 92 39 36 6 12 5 28 40 61 92 60 4 92 15 61 84 73 64 40 19 18 53 16 65 30 24 58 4 45 19 39 86 91 92 11 24 20 49 56 38 19 51 17 40 94 45 80 53 9
75 78 57 84 16 97 60 26 56 14 69 47 46 5 68 33 24 41 88 95 19 84 40 50 6 71 24 93 82 2 75 3 95 46 70 2 97 39 31 10 14 64 7 38 55 76 36 26 98 34 12 98 93 33 46 17 78 66 22 86 66 61 99 99 44 50 2 95 20 48 2 98 99 98 34 90 84 66 18 53 19 58 74 12 13 5
71 29 45 74 68 24 34 47 92 23 80 57 68 76 40 53 16 55 54 42 37 68 100 66 90 38 9 18 27 45 15 49 53 34 54 35 3 52 49 59 76 65 81 70 22 81 41 99 6 13 35 51 73 96 96 87 15 14 95 80 54 63 62 70 14 15 1 57 34 33 35 80 25 61 99 91 82 37 99 8 52 12 78 12 70 49
95 19 47 53 53 45 81 88 78 14 99 4 95 9 39 60 45 44 68 56 96 87 9 92 55 90 94 2 28 15 56 64 81 69 56 34 68 13 34 96 51 15 72 3 19 29 32 81 62 30 17 98 82 22 31 91 76 99 20 38 77 79 31 36 99 61 31 78 7 17 43 28 61 20 12 53 70 51 66 35 26 38 40 78 76 96
43 98 58 41 5 18 91 88 31 46 56 99 83 13 10 19 38 75 21 56 61 73 54 45 61 83 9 80 89 60 79 37 83 68 89 3 47 10 20 94 95 6 52 3 42 6 66 85 55 58 99 37 69 52 61 77 73 44 44 16 39 18 97 9 17 50 90 20 28 28 55 13 32 43 83 9 58 65 6 74 36 17 61 58 49 89
18 13 97 99 58 58 83 61 89 8 22 12 72 82 49 21 64 94 86 81 10 37 68 7 74 81 87 51 69 95 61 90 2 19 31 11 72 98 33 44 16 58 74 85 12 52 66 83 64 51 41 1 84 19 28 56 91 68 54 17 10 40 20 99 100 58 5 9 68 80 89 61 92 56 52 17 45 82 54 14 46 97 80 7 18 7
46 75 24 26 51 62 69 33 64 37 44 26 92 72 61 93 71 44 4 56 74 53 35 72 43 54 15 12 93 58 54 65 86 37 85 79 63 91 25 98 11 32 11 19 96 9 52 43 82 70 20 19 58 93 74 34 11 82 53 41 2 7 30 74 95 17 62 51 77 100 14 75 70 51 56 28 61 16 47 87 84 55 53 66 29 92
51 33 63 54 54 26 36 29 78 64 42 4 56 98 19 72 8 84 37 71 43 51 66 80 73 62 19 86 90 87 43 67 13 15 83 67 58 77 59 57 56 49 83 57 14 40 15 51 68 97 24 71 84 44 92 46 54 54 20 96 35 68 64 54 5 73 14 21 79 69 39 15 54 19 26 9 93 33 62 39 85 31 98 76 36 97
27 17 75 1 39 52 33 96 23 83 61 19 82 95 47 9 11 82 20 88 99 68 60 29 28 25 43 56 17 50 66 35 91 18 83 18 47 3 7 90 58 41 19 46 69 6 1 3 16 31 32 15 49 17 95 12 17 92 59 22 83 64 18 46 76 32 86 40 33 32 61 36 3 70 39 28 40 77 26 90 31 57 96 39 45 9
58 67 32 77 40 95 57 62 17 87 9 68 20 49 46 64 43 49 35 71 7 55 83 9 85 6 1 45 79 18 39 43 50 76 87 11 54 89 55 98 30 40 24 22 18 12 44 35 10 45 65 3 45 1 69 5 50 55 45 6 42 59 7 88 86 88 24 80 2 70 40 61 38 94 87 17 71 73 47 84 65 4 75 47 29 88
60 14 42 4 14 41 76 50 9 87 26 52 96 28 43 16 66 90 31 34 35 66 68 28 93 24 93 42 15 10 33 87 66 24 55 24 95 73 33 27 57 93 7 79 19 56 29 90 39 54 79 42 76 72 56 25 36 46 17 71 39 89 59 50 56 26 36 44 49 51 57 10 50 98 76 48 16 92 13 36 52 4 30 36 53 28
47 56 22 11 41 35 69 35 70 45 46 57 66 65 72 83 25 67 77 1 29 37 81 15 2 13 49 62 74 63 47 17 77 97 77 22 17 46 34 29 91 91 76 92 79 19 28 28 4 50 10 75 3 57 72 66 4 31 61 56 85 3 75 84 83 40 54 56 70 45 29 7 9 22 38 48 50 34 85 43 27 60 41 67 49 15
90 76 83 13 10 23 74 35 23 92 56 61 52 64 75 42 56 24 36 85 43 48 67 7 14 3 85 75 81 34 59 53 3 66 4 67 98 75 38 73 79 67 21 81 97 71 12 42 49 100 16 81 88 57 63 32 24 45 98 28 100 35 41 46 47 48 54 50 50 27 80 60 5 18 28 6 27 77 46 22 81 41 86 20 93 79
81 3 59 60 46 32 12 7 80 98 29 25 54 64 10 40 16 40 96 19 91 58 7 53 48 16 28 77 77 99 62 93 77 78 99 65 42 17 90 25 3 81 62 53 46 30 78 13 74 53 83 66 82 39 17 48 38 66 70 64 18 62 51 19 84 51 28 67 57 93 26 10 19 31 27 53 40 16 1 51 59 76 3 74 3 35
93 13 77 39 54 15 27 6 71 50 81 76 33 96 87 86 31 82 10 21 5 65 40 11 53 2 90 47 28 88 20 80 54 45 8 70 65 97 90 69 19 86 56 11 40 73 96 74 71 76 11 81 83 20 72 45 88 21 96 71 97 76 89 60 78 11 47 29 28 39 51 12 79 71 10 11 71 44 73 48 28 29 59 48 20 7
30 36 83 100 47 20 92 93 96 6 23 88 95 15 97 93 48 76 87 15 57 64 59 45 34 80 7 20 76 23 39 38 2 46 70 45 97 99 91 19 23 98 2 60 91 28 68 30 83 84 67 13 88 54 67 35 57 25 32 38 25 100 5 84 34 61 96 29 10 74 79 63 13 36 19 50 55 64 39 19 84 71 26 59 4 1
1 67 84 25 47 42 82 81 50 5 4 40 67 71 92 83 12 53 71 96 57 55 87 55 44 47 41 95 30 21 51 89 99 13 14 31 79 1 36 92 10 54 48 94 69 28 97 56 46 40 60 42 26 14 96 97 21 95 8 59 93 48 56 2 2 72 80 47 50 91 50 31 57 71 100 21 11 31 89 63 9 37 76 18 16 40
37 50 8 66 28 79 84 56 56 20 58 100 36 58 58 27 68 24 98 23 86 96 25 18 10 67 28 11 71 16 76 52 43 42 49 89 46 91 59 36 29 59 79 78 37 98 96 65 14 65 46 99 61 43 22 69 46 31 40 19 66 12 70 11 88 34 94 16 61 11 57 25 37 100 85 74 96 16 3 38 85 81 17 14 78 38
40 5 96 53 13 13 36 62 18 17 98 48 90 22 41 39 44 59 52 53 63 83 23 44 45 82 61 28 27 5 11 5 33 86 5 60 55 96 21 75 91 13 73 77 88 40 42 55 98 89 20 31 70 58 53 99 68 77 64 98 32 99 71 48 42 79 92 80 74 32 22 5 50 79 55 78 81 61 53 91 88 99 3 11 70 7
18 7 10 5 60 11 87 86 23 55 95 93 25 73 81 78 70 22 39 72 38 37 93 66 89 23 2 22 41 67 59 29 79 82 89 65 64 23 90 71 97 31 40 43 80 63 93 42 85 48 90 24 54 76 19 26 59 15 79 26 80 9 37 48 91 86 49 87 65 22 67 56 84 94 44 54 14 10 31 95 56 17 87 70 49 50
93 70 69 12 49 86 86 44 39 77 34 61 20 79 97 60 55 33 36 13 93 22 94 2 12 30 62 47 2 55 49 42 81 86 85 68 90 55 63 43 43 56 89 33 13 91 42 21 90 49 34 73 29 18 33 96 99 63 43 8 58 67 90 38 56 81 3 97 3 24 61 12 23 12 59 44 63 76 24 58 11 77 85 36 77 18
85 78 19 33 72 11 100 29 50 53 94 91 41 53 8 90 46 90 24 98 80 17 91 33 45 17 27 12 61 88 85 12 88 37 67 40 44 92 92 73 23 39 71 41 89 10 44 60 89 45 97 25 44 92 37 95 55 84 87 7 59 92 84 57 54 90 80 5 51 27 86 44 44 8 35 79 55 22 73 47 11 45 96 26 44 57
29 45 78 69 37 42 6 91 28 20 73 23 62 8 17 16 50 86 30 8 69 13 81 95 37 39 7 26 7 24 31 16 14 97 52 90 29 16 22 19 23 74 83 54 21 84 55 35 7 22 39 51 62 69 1 48 5 63 53 52 91 4 18 21 89 43 59 53 89 22 56 83 62 2 64 30 64 62 76 12 34 49 78 17 38 38
46 49 61 20 1 91 76 70 12 8 78 52 59 8 40 75 86 11 89 26 74 66 9 25 53 23 95 2 60 14 89 30 73 50 77 21 84 8 94 85 81 93 17 96 90 62 77 16 51 11 35 42 51 44 70 82 85 60 38 58 47 87 79 13 37 83 13 79 45 29 13 70 25 44 34 54 2 90 97 8 84 75 22 19 10 11
100 33 32 31 67 1 10 10 7 12 82 64 44 21 36 19 4 68 1 10 73 83 58 2 36 72 47 43 84 1 44 43 23 65 86 25 1 58 1 56 79 79 52 25 71 76 58 7 8 48 96 53 1 42 95 37 65 87 95 3 82 7 92 52 98 26 96 48 54 57 49 34 29 53 20 46 10 16 54 83 6 69 26 23 35 36
32 35 26 22 48 27 92 62 2 14 87 21 9 22 16 76 25 14 70 99 81 23 1 20 12 77 39 80 68 78 15 9 29 100 61 37 51 35 46 97 70 5 56 78 97 81 72 56 49 34 13 73 96 33 100 40 1 11 30 57 57 32 65 8 62 37 51 47 79 64 27 53 1 33 74 49 65 47 53 24 50 97 40 50 87 70
50 37 64 11 30 27 29 11 97 25 84 80 80 29 33 32 73 10 78 70 13 76 8 86 85 69 67 6 69 70 72 11 48 11 57 64 62 46 9 57 74 61 22 98 68 46 43 5 6 55 98 89 81 26 18 48 6 98 88 95 57 58 59 81 46 37 81 94 19 60 88 97 82 52 85 59 38 87 3 65 71 84 99 28 89 57
47 100 45 49 9 63 60 66 22 18 12 64 51 52 33 38 82 34 23 45 27 96 16 31 65 14 64 66 35 56 19 49 44 90 14 42 39 78 6 1 63 48 38 48 55 28 36 7 4 94 90 29 78 39 32 51 75 94 100 77 2 10 21 75 85 82 49 99 33 36 95 96 10 42 31 84 29 5 95 17 92 80 90 28 82 22
19 71 47 7 85 32 6 24 84 31 40 87 2 85 20 1 90 74 17 19 89 76 54 67 51 8 17 80 57 12 57 71 45 10 16 28 5 92 69 32 31 36 75 68 12 38 11 37 32 80 74 17 26 69 89 99 81 81 72 30 5 24 5 52 81 45 15 53 69 53 87 100 56 35 17 70 8 38 94 36 93 85 24 23 11 83
3 47 95 24 83 82 3 78 34 55 73 39 71 89 41 86 34 94 21 27 22 50 3 5 1 62 85 18 76 1 100 41 42 28 73 84 37 5 43 99 98 78 95 17 72 66 68 71 100 9 96 5 71 52 26 98 77 40 20 63 1 3 68 44 69 86 37 61 46 45 33 82 67 76 96 26 71 87 88 29 16 9 15 85 11 32
32 85 9 60 13 63 27 29 45 100 53 38 73 89 87 3 69 68 16 77 96 3 42 80 51 20 91 90 50 6 15 99 28 7 65 47 86 19 82 91 9 88 76 90 39 13 95 60 98 100 2 1 83 11 95 14 2 11 80 44 47 32 81 71 69 48 58 58 93 86 19 53 97 96 33 88 29 80 70 78 57 31 60 40 44 35
98 11 33 79 83 99 48 17 7 89 36 95 43 48 27 13 53 63 29 53 28 42 8 88 73 70 34 88 66 14 77 51 78 76 28 71 76 47 39 38 85 74 61 81 56 4 83 3 29 14 44 31 46 58 75 93 23 97 5 4 80 43 44 26 27 93 50 12 52 12 70 66 97 25 28 41 42 48 63 21 49 84 40 37 14 78
68 76 36 70 30 55 71 47 46 85 97 31 57 66 74 50 30 58 25 61 40 20 92 62 65 18 83 30 95 56 4 76 61 77 25 80 56 88 50 78 18 43 69 40 87 68 23 49 42 33 77 16 58 37 42 100 62 39 23 97 42 79 36 87 95 55 93 37 52 24 9 21 2 37 50 22 33 30 89 34 72 97 55 73 91 53
73 77 62 84 91 40 1 39 71 51 86 31 76 96 38 62 53 90 40 98 12 55 43 73 7 55 46 82 93 96 69 32 76 77 9 44 5 98 79 7 84 4 82 48 35 29 22 3 61 35 77 47 52 5 48 57 22 66 69 41 14 64 8 49 55 80 19 68 13 29 2 32 60 46 34 39 93 60 64 26 25 2 65 92 29 19
70 45 60 85 77 90 7 43 82 84 58 34 7 63 85 68 16 98 62 13 68 64 2 25 44 16 18 73 88 36 99 56 79 82 55 94 10 96 55 76 77 95 46 51 62 90 91 2 86 68 66 37 6 70 74 44 61 97 87 90 34 71 10 98 68 48 58 11 80 88 98 92 7 7 54 75 8 73 94 33 100 11 92 86 13 29
18 85 68 4 92 35 62 47 39 68 49 30 58 50 66 50 12 65 98 27 35 19 37 87 87 12 94 34 37 20 85 38 37 64 73 73 6 15 2 1 25 42 21 24 61 58 85 56 62 20 67 97 79 57 81 100 21 7 28 54 44 8 57 85 60 17 100 90 44 6 84 100 37 12 38 3 15 15 89 5 75 33 81 33 28 30
3 41 76 98 45 62 1 40 35 45 13 57 96 72 2 83 8 98 34 18 34 75 10 32 70 55 75 60 34 28 66 15 8 58 96 17 78 55 41 81 93 55 50 50 59 50 85 20 48 3 72 48 2 59 56 55 52 51 79 74 64 82 51 82 37 90 18 12 11 4 39 24 8 74 19 73 7 58 43 88 11 56 3 74 86 80
32 59 98 32 34 93 68 66 93 73 95 70 41 12 48 23 20 59 96 83 30 59 13 40 75 27 72 13 76 85 86 69 35 21 41 90 80 91 26 61 76 22 65 53 89 59 49 29 14 48 4 58 21 82 69 13 18 74 80 93 94 47 81 67 67 79 81 15 18 50 42 54 94 67 94 84 55 50 53 84 35 14 90 94 92 72
50 1 26 63 19 69 62 45 81 90 50 74 94 13 79 40 67 6 25 11 33 99 18 26 61 20 38 76 40 48 1 36 58 3 94 63 41 40 42 48 4 21 76 78 84 52 55 44 79 20 52 21 71 25 91 45 21 48 92 60 83 63 74 65 7 92 98 10 69 95 60 38 63 24 20 31 31 21 31 62 36 5 40 63 32 78
12 17 5 13 8 85 15 44 26 1 70 79 91 1 65 45 4 81 54 68 34 2 50 3 90 73 87 77 64 72 12 4 83 60 1 75 10 3 36 82 38 99 3 85 36 2 23 95 20 56 92 29 78 25 90 72 40 43 32 27 76 76 74 96 31 84 52 93 2 34 13 62 13 31 50 5 9 79 76 4 18 26 15 58 65 38
75 85 85 19 90 52 77 75 88 81 49 8 88 39 29 62 20 91 55 17 6 40 67 58 92 94 69 5 45 44 42 71 93 32 58 93 35 91 41 29 20 36 88 99 91 58 18 71 99 70 92 93 25 97 5 5 78 70 74 52 23 87 77 26 71 57 18 45 61 57 58 34 47 68 92 47 62 2 38 41 63 19 17 11 5 62
35 11 44 98 92 11 13 58 78 34 43 60 90 100 81 69 92 51 13 35 6 83 25 30 36 21 92 17 81 39 39 88 78 71 64 70 11 6 94 69 98 59 3 100 53 100 59 88 22 6 62 57 97 59 87 7 72 57 5 37 33 94 2 9 1 79 23 98 83 81 72 73 37 28 92 25 55 34 83 13 36 56 45 12 29 7
78 41 50 62 24 38 47 6 56 61 16 90 5 20 85 56 65 34 37 7 82 76 100 46 56 21 66 94 15 61 62 39 12 78 87 49 39 73 94 24 83 23 43 28 30 99 56 7 82 15 52 87 80 49 57 21 39 28 61 74 96 66 17 56 22 9 42 24 11 49 71 77 53 80 19 17 57 53 1 18 51 29 17 96 36 31
21 65 76 21 40 54 44 7 41 68 96 28 55 33 4 35 72 11 52 28 55 77 11 91 79 29 52 55 9 26 96 35 84 32 67 65 7 52 91 88 46 68 9 4 7 82 53 50 52 88 57 30 76 96 92 48 14 93 20 18 82 33 45 28 63 56 28 31 75 90 33 4 37 36 23 80 29 81 28 80 27 82 95 30 49 58
32 80 26 8 9 14 38 10 7 71 5 23 99 96 67 19 41 75 45 65 16 41 25 1 35 26 73 23 80 42 54 52 35 5 64 28 57 82 57 75 6 47 18 32 35 12 19 90 84 46 99 61 21 10 15 45 83 18 31 82 14 55 83 92 41 24 67 83 93 98 94 53 69 29 7 67 49 6 11 21 38 17 21 82 26 56
60 87 88 76 69 19 50 32 73 95 57 4 39 91 97 83 17 29 61 49 34 23 37 10 36 27 15 79 29 34 71 14 68 62 98 75 45 70 64 42 3 10 100 95 13 46 100 29 74 21 19 30 94 18 83 65 97 56 62 81 34 7 15 33 89 38 96 16 53 58 80 32 1 83 82 77 48 30 56 3 22 83 45 48 40 79
59 87 11 88 97 94 45 4 3 33 57 83 44 91 76 21 13 84 4 96 59 83 96 6 71 46 96 97 11 77 86 18 52 95 1 3 38 51 29 45 35 41 11 97 28 15 27 79 28 58 59 59 83 73 41 82 2 6 12 13 31 6 79 63 39 86 39 45 46 71 50 97 63 94 71 13 13 92 80 98 82 19 62 18 81 94
