74 34
88 28 53 1 30 41 14 92 61 52 18 89 61 63 10 30 12 48 86 53 39 52 60 39 78 9 17 75 67 68 78 89 55 59
17 32 35 19 72 29 68 22 6 45 42 67 81 12 18 61 96 7 26 37 10 23 81 42 11 19 71 59 58 28 78 96 58 43
66 97 76 27 66 68 41 95 71 43 92 26 32 77 91 29 99 81 59 54 47 23 4 14 43 71 97 51 45 44 24 79 43 98
78 87 6 34 50 49 79 85 55 100 27 2 2 85 62 4 33 10 27 17 88 72 78 45 65 50 14 13 31 88 81 42 79 33
77 77 27 17 23 84 94 18 47 26 27 5 69 59 41 91 14 34 91 73 28 16 45 97 83 1 59 89 48 77 61 41 42 59
31 80 50 21 49 79 79 80 97 94 7 21 7 51 12 64 38 64 34 16 1 87 28 44 21 36 42 44 57 39 74 31 86 58
97 43 12 73 83 41 4 92 46 30 72 61 92 7 51 34 32 37 18 37 62 89 59 55 45 82 47 10 84 42 84 3 28 22
23 6 29 64 12 6 83 55 90 12 38 42 56 71 77 100 54 47 72 32 19 39 33 87 96 55 25 98 45 74 94 58 66 7
22 13 45 18 41 91 66 17 8 25 39 35 18 20 58 37 23 77 75 52 39 20 14 30 56 10 25 32 3 16 50 23 49 68
95 10 28 94 53 76 95 56 90 54 59 42 26 83 15 40 37 93 86 68 31 11 78 35 44 73 93 19 89 24 96 50 22 31
50 85 54 37 6 83 27 28 62 100 99 44 27 86 44 4 23 15 90 90 99 39 22 97 17 87 20 92 95 62 14 41 65 43
52 7 51 63 36 24 14 64 71 33 8 51 3 19 54 38 14 50 34 72 11 76 26 65 96 72 83 13 60 28 21 76 49 76
82 100 36 47 57 62 83 86 17 21 52 19 74 76 81 24 4 58 28 82 57 64 11 88 72 61 82 87 27 21 28 22 60 4
75 73 28 80 60 55 51 58 62 48 36 29 46 100 40 100 87 90 41 84 19 88 81 8 65 84 14 9 85 74 49 5 37 78
82 72 41 12 86 37 69 58 15 93 17 86 79 78 5 49 64 94 46 4 3 34 98 53 40 32 67 51 24 2 2 45 4 82
13 85 97 43 41 65 48 57 14 42 96 52 99 39 70 17 42 87 37 61 63 31 78 78 72 23 33 48 18 24 97 84 82 85
8 39 14 92 23 8 41 80 12 59 43 80 60 41 34 46 92 63 78 25 70 96 43 13 98 97 97 1 26 80 35 45 12 33
52 100 91 23 50 67 19 13 87 28 94 51 66 73 15 84 25 13 8 29 76 64 80 92 51 69 78 65 72 17 13 13 55 49
88 45 45 24 48 45 74 6 87 21 66 44 63 82 86 9 44 50 48 5 18 46 24 52 98 32 45 73 50 76 55 39 47 42
74 55 39 56 79 11 12 26 74 95 96 31 76 94 17 58 81 52 86 21 93 81 22 68 54 72 40 33 49 69 20 10 73 88
74 64 80 75 32 63 14 73 53 10 7 25 27 81 84 8 36 88 64 90 73 17 15 60 42 68 63 81 18 78 23 34 6 96
16 98 4 30 62 20 42 80 23 87 99 75 13 63 61 31 78 81 35 91 92 99 85 18 27 45 10 65 86 59 66 61 63 52
4 14 6 58 85 80 36 75 45 25 9 23 25 47 44 59 18 27 97 42 9 90 35 42 88 83 11 49 87 6 25 44 3 36
50 100 35 90 22 19 68 10 90 53 67 7 64 36 16 56 62 93 57 40 45 84 66 13 27 41 48 95 42 52 25 6 82 9
63 74 89 17 65 70 62 65 36 63 12 88 85 71 63 7 50 69 83 23 55 90 44 27 31 36 82 22 55 66 71 3 39 69
13 71 87 42 75 63 83 44 23 98 6 62 29 66 15 88 39 78 49 14 56 50 29 46 82 71 1 52 67 52 43 94 66 86
11 21 31 66 5 93 64 52 78 43 34 64 84 53 68 74 37 14 38 12 37 56 44 87 26 26 39 13 32 78 88 69 68 31
49 84 37 26 73 4 98 62 4 18 67 65 93 35 98 77 49 27 63 7 1 57 55 82 36 62 66 91 16 2 19 61 25 75
88 75 49 79 50 21 45 64 46 71 68 93 69 55 63 100 53 17 21 78 100 40 56 31 80 88 20 63 76 57 74 88 74 17
56 5 5 22 83 94 9 27 12 48 73 25 35 23 60 88 1 11 96 78 13 100 51 98 70 37 78 30 62 91 86 3 94 45
100 97 52 47 53 69 77 100 31 93 69 4 79 92 39 54 3 10 70 40 62 95 32 12 53 49 68 35 89 66 59 69 54 64
10 56 82 10 15 56 82 98 21 74 44 83 65 43 10 72 7 40 6 97 76 80 91 80 52 62 54 81 47 11 16 45 92 69
39 77 74 25 59 33 59 83 63 63 42 84 21 94 15 76 10 39 32 65 65 18 26 30 94 4 86 48 21 19 50 54 44 39
39 87 18 56 3 33 21 40 61 87 39 74 40 44 83 26 66 98 46 84 83 20 28 99 36 88 66 95 84 67 91 43 20 54
38 86 85 49 74 68 52 62 17 31 73 24 37 80 9 48 24 92 65 32 49 79 26 78 35 8 46 84 10 81 66 14 88 71
90 71 17 81 6 91 38 18 90 51 91 33 57 15 15 24 93 50 60 31 78 68 3 22 100 64 41 93 57 18 31 20 48 30
91 58 47 91 7 77 79 83 5 59 37 75 24 52 11 13 34 23 49 44 39 97 94 24 33 60 38 27 52 36 8 40 39 88
99 17 16 83 80 58 16 84 79 68 51 74 40 14 55 68 32 63 30 86 92 64 41 77 83 1 58 52 67 71 14 38 86 95
20 69 14 5 64 3 74 41 15 56 50 65 78 53 13 49 25 72 6 40 26 80 70 4 50 58 35 44 44 20 60 83 27 1
51 3 33 97 83 43 93 22 95 30 100 14 14 66 63 64 33 24 60 22 73 4 52 12 10 67 28 58 77 46 6 66 12 90
10 20 60 26 56 54 77 29 24 32 54 77 73 100 79 11 50 62 66 36 75 62 98 67 6 21 89 84 13 84 30 16 27 6
98 78 61 34 82 30 63 30 52 88 75 14 73 14 81 8 56 41 27 18 61 94 95 88 80 1 95 36 55 22 89 3 17 59
27 38 41 60 68 8 94 65 44 34 24 33 44 76 47 64 69 54 6 82 83 51 3 36 61 65 89 4 40 30 41 28 27 100
38 28 32 51 95 21 80 82 54 56 40 99 11 83 53 37 57 16 33 47 72 67 70 71 10 38 99 59 55 51 93 54 4 34
55 82 71 64 13 8 37 55 5 80 47 46 91 28 54 40 50 23 36 4 79 23 20 60 58 66 77 30 12 23 21 26 44 37
70 9 52 60 28 90 54 40 29 75 13 50 16 78 42 40 76 64 96 44 61 21 87 80 61 66 96 64 16 8 80 32 40 42
8 8 62 72 39 10 21 24 14 23 49 77 96 64 39 67 24 22 31 94 24 68 89 3 19 56 69 35 18 60 93 49 74 22
97 2 57 30 25 86 8 91 73 38 36 49 36 68 20 42 73 71 17 10 11 16 70 79 40 20 87 92 73 19 73 33 64 32
8 52 70 57 99 63 54 82 95 18 13 25 35 10 47 64 55 98 74 87 36 37 5 91 90 45 24 80 15 66 83 66 35 45
56 33 53 42 45 79 81 12 45 100 74 37 29 73 2 73 94 98 59 63 25 64 72 77 91 95 68 4 86 63 55 48 47 18
87 57 78 21 73 46 7 58 68 52 43 81 93 47 14 2 35 84 70 75 49 62 80 98 94 31 57 69 55 50 72 83 48 2
69 58 28 48 9 67 6 85 29 62 72 78 16 55 57 92 65 79 80 52 32 91 6 87 92 82 36 49 89 33 69 95 15 84
37 91 58 99 63 27 43 70 24 76 43 84 37 4 51 86 97 5 88 47 14 45 71 51 70 91 96 16 77 88 62 20 73 25
58 25 12 94 57 54 9 52 71 19 46 31 78 22 5 31 18 42 46 68 58 16 32 96 15 12 22 87 8 6 43 49 81 58
45 99 24 41 91 71 8 22 13 13 88 72 20 46 28 88 94 85 98 32 78 98 40 37 8 98 27 30 100 32 63 47 77 17
78 17 77 35 62 66 89 23 27 67 61 80 21 32 33 82 17 13 34 75 61 10 36 89 17 72 68 96 77 6 85 17 72 52
79 98 74 87 83 52 69 33 89 7 32 96 67 9 56 85 65 82 100 25 58 50 17 63 10 36 21 55 64 61 75 3 86 88
82 61 62 96 61 72 8 15 95 98 25 46 44 69 50 24 80 72 53 75 18 21 67 60 64 52 39 43 1 46 62 44 23 99
19 40 34 49 25 30 45 31 23 63 51 65 35 76 21 48 26 43 30 16 50 89 39 23 89 15 16 13 38 18 70 82 66 31
74 44 56 98 46 90 68 62 3 65 8 98 75 52 100 3 40 37 48 86 76 29 15 91 98 84 26 6 89 95 74 13 8 57
62 70 30 5 61 39 3 44 34 91 62 22 28 26 20 63 20 27 8 6 81 17 81 30 44 17 50 91 76 55 16 40 3 47
61 78 89 16 6 31 17 1 98 96 17 48 90 24 35 33 64 54 70 28 8 40 14 70 51 29 55 23 94 68 54 35 35 79
1 79 82 10 68 22 67 15 100 66 22 70 69 71 7 45 91 57 39 22 68 61 62 36 56 79 18 67 60 25 12 82 32 7
82 81 3 90 85 59 97 34 64 2 69 81 28 54 75 31 86 40 11 35 10 7 14 11 16 83 72 14 88 95 11 77 42 68
52 84 100 44 23 42 20 12 27 88 57 94 15 6 73 42 90 10 62 43 86 2 29 48 87 48 88 100 90 56 10 79 44 100
25 86 15 70 38 8 9 23 53 14 54 67 8 95 59 85 80 48 23 28 79 84 37 82 70 48 12 76 86 41 54 6 70 40
100 25 51 18 48 98 72 95 1 88 47 89 75 37 59 94 62 65 75 94 97 48 91 22 42 29 18 35 64 87 16 31 63 79
73 93 27 69 6 28 47 79 98 30 76 88 27 57 3 78 74 69 83 27 44 47 71 36 2 65 94 34 40 87 79 28 66 66
96 5 75 4 81 8 13 47 70 37 76 16 97 98 42 90 85 74 47 47 80 12 19 51 73 55 48 40 81 1 76 61 47 49
3 14 11 70 64 87 5 61 66 21 57 81 37 21 32 57 90 86 8 1 95 65 5 99 18 54 61 85 33 86 17 26 42 91
4 89 36 52 3 82 53 90 86 48 25 14 95 89 92 95 16 40 7 2 65 93 89 100 98 96 11 1 46 39 12 35 85 17
31 60 99 71 61 12 9 42 60 72 19 61 4 75 91 96 16 43 38 45 68 88 28 78 4 53 81 32 65 82 1 35 66 52
59 1 47 42 41 7 41 89 23 9 12 35 10 30 96 89 15 72 25 24 85 4 19 11 79 65 86 71 25 18 74 56 64 34
97 14 27 80 15 39 33 13 67 77 41 32 5 57 29 36 67 57 50 74 79 64 35 7 89 48 20 2 37 52 97 1 64 22
