78 7
72 18 21 50 95 80 6
58 69 82 44 2 81 24
62 41 83 34 88 31 62
98 80 14 95 64 78 50
93 93 43 82 63 63 26
32 81 75 75 90 23 36
64 59 31 76 25 42 1
77 96 13 51 49 13 48
93 29 30 79 91 18 10
6 78 89 15 31 73 85
9 97 16 98 61 63 20
8 62 3 88 97 15 92
79 43 73 30 95 73 27
52 77 100 35 66 74 21
14 57 66 41 71 79 32
67 36 16 69 77 70 97
19 94 37 22 20 16 83
91 51 25 45 98 4 46
87 20 11 34 81 1 82
16 37 5 62 32 12 32
90 75 87 60 72 93 15
34 35 75 4 67 22 1
61 19 37 73 76 55 53
33 67 2 87 57 92 73
99 73 9 77 47 5 99
65 29 41 96 8 72 4
78 21 68 8 38 9 71
68 29 23 64 77 49 50
6 17 67 17 72 24 76
97 19 76 70 78 7 80
24 75 63 28 92 87 20
47 40 71 13 64 79 76
16 51 34 52 18 55 38
31 15 16 56 58 80 7
38 37 26 35 35 17 64
11 79 60 80 5 23 92
58 29 8 66 12 94 90
92 85 76 94 81 60 31
17 3 84 87 93 72 46
60 62 25 78 56 46 5
50 31 8 78 23 42 7
41 29 7 81 74 89 20
98 61 17 46 95 60 72
47 31 85 91 67 100 48
35 12 49 48 71 28 39
44 44 20 13 17 79 78
96 18 35 70 94 1 24
92 83 4 8 60 26 39
60 24 2 40 13 30 88
82 87 89 58 94 9 90
72 10 10 86 90 57 79
82 71 24 63 26 36 97
72 6 100 33 18 54 51
46 76 71 72 3 77 2
35 76 93 85 46 65 74
36 76 5 97 54 96 58
80 63 39 78 67 36 52
29 69 73 27 90 14 3
24 68 27 42 33 22 58
44 71 28 58 87 28 31
17 91 45 94 92 40 67
71 82 79 91 90 53 54
2 45 98 33 12 99 19
74 13 48 18 48 29 44
87 92 52 47 54 4 43
22 22 84 96 49 57 70
4 8 46 29 9 33 83
77 13 89 78 21 93 18
74 21 50 90 89 26 12
18 77 79 88 97 28 16
26 98 52 50 59 11 59
17 47 91 18 93 18 91
96 68 91 8 82 22 70
9 96 90 35 54 42 76
63 75 68 80 54 23 51
34 100 23 9 31 36 40
35 74 27 28 37 82 15
51 81 55 39 40 72 71
