71 74
22 29 53 86 28 84 91 88 30 67 40 59 28 10 61 90 89 73 83 35 8 37 58 28 19 60 73 86 12 29 26 74 27 64 79 51 23 48 85 67 20 94 39 17 48 61 66 47 33 26 24 85 87 74 75 17 66 17 84 65 37 69 55 10 68 92 69 34 92 67 7 5 1 79
8 27 4 8 6 21 50 56 21 80 39 57 89 58 75 78 77 88 98 98 27 43 18 46 10 36 66 32 30 9 9 69 70 9 20 5 88 24 63 43 21 93 41 82 94 21 19 82 54 67 15 52 49 2 22 53 50 67 30 80 4 85 19 98 42 3 40 5 92 64 38 93 40 45
53 58 64 80 42 94 18 66 24 78 45 77 93 30 34 24 56 22 59 73 9 26 71 61 96 79 15 17 5 99 82 38 27 65 51 5 20 37 58 29 49 61 48 30 18 49 97 20 36 75 3 7 57 39 97 88 4 97 27 59 1 48 84 26 27 54 49 34 4 88 32 17 1 28
69 48 79 73 39 78 82 95 19 24 16 74 56 66 35 7 14 94 30 81 76 76 77 90 68 34 12 19 87 4 78 79 64 54 38 58 57 9 89 49 39 92 37 66 13 96 46 30 4 62 68 33 17 71 84 73 91 40 98 21 35 52 62 92 2 38 85 18 70 39 78 74 35 79
46 100 91 63 81 94 4 36 58 94 92 13 41 46 19 86 55 78 49 63 90 45 62 19 17 18 30 39 17 17 96 86 1 27 10 30 36 2 98 82 50 44 51 81 96 25 91 71 75 67 64 99 85 94 100 85 66 89 81 33 98 99 53 75 32 81 87 44 58 62 50 73 94 56
33 71 49 35 27 59 25 20 40 95 57 4 52 20 3 13 32 93 65 47 46 80 37 22 29 3 89 92 1 10 43 94 47 99 56 40 60 14 71 24 2 38 68 79 67 76 65 62 50 39 14 62 32 95 52 3 76 86 79 50 38 24 56 9 88 25 52 79 32 32 51 28 68 66
67 30 68 1 65 5 64 7 60 20 74 50 83 32 92 16 73 32 89 82 95 46 16 25 34 29 33 41 38 68 85 98 90 73 92 79 9 30 33 49 76 4 84 72 72 8 38 75 99 79 98 18 86 72 55 27 82 45 59 2 76 71 94 34 93 70 54 23 49 16 41 33 82 3
15 88 65 88 37 86 41 3 86 27 99 12 22 39 92 20 57 73 44 57 65 58 83 18 46 47 3 99 4 7 54 48 2 24 40 51 6 25 30 23 85 4 36 82 60 54 20 22 47 15 60 35 61 34 22 60 4 64 93 77 63 72 55 43 89 71 86 70 56 12 91 99 37 47
1 89 10 74 69 26 97 17 42 37 75 46 92 42 81 51 9 63 21 6 3 2 32 85 54 41 59 24 64 68 64 83 8 61 70 24 33 12 52 1 79 22 61 54 94 84 68 18 77 4 78 74 96 43 32 90 70 79 83 11 77 70 65 36 99 88 6 9 22 6 35 25 99 3
1 74 48 19 5 75 97 30 59 57 91 90 100 6 28 64 93 46 10 89 85 34 92 79 74 79 1 69 14 7 30 51 39 99 29 79 41 96 35 65 87 45 28 80 29 21 57 61 12 81 99 80 46 34 5 73 92 40 89 8 2 69 3 31 46 39 31 43 71 23 30 58 42 52
70 21 86 87 93 62 24 85 95 39 82 58 59 60 74 43 92 96 58 30 20 27 54 87 100 60 35 27 85 45 5 1 99 92 51 57 4 14 46 40 39 39 73 95 45 56 27 51 64 24 82 73 87 82 91 52 5 57 17 48 13 89 79 35 13 50 48 13 97 58 17 48 59 92
74 1 61 38 24 18 86 14 54 48 45 65 82 56 30 63 14 21 26 43 64 44 69 58 14 72 82 22 41 87 35 81 53 29 69 1 60 39 54 34 3 6 37 99 42 41 15 54 66 84 40 82 25 67 39 53 64 51 5 25 83 91 30 34 58 97 70 3 27 30 84 26 96 27
13 68 83 62 55 73 91 40 6 7 16 92 83 78 90 60 15 79 70 39 2 53 46 59 36 53 82 51 48 67 50 91 55 10 13 54 60 76 87 21 18 78 56 23 48 86 97 17 32 53 54 58 85 8 20 61 7 57 71 50 1 15 24 78 53 23 33 39 64 56 61 27 62 42
58 80 36 69 64 64 75 71 88 94 8 83 28 57 95 7 41 51 20 34 54 32 29 59 75 84 20 49 1 59 71 3 64 31 97 58 55 47 74 48 79 6 15 99 94 26 43 91 93 66 69 24 24 98 8 31 61 9 63 98 72 79 8 26 41 60 72 61 39 9 87 25 67 70
6 19 23 47 4 11 97 87 96 64 95 18 89 7 45 78 23 52 49 84 75 99 21 68 52 59 66 58 47 33 52 10 64 81 63 70 98 6 12 55 37 2 6 1 6 46 74 43 74 66 53 71 11 97 97 69 19 72 67 70 54 25 63 66 94 26 8 38 13 94 30 24 48 99
73 20 25 64 25 32 17 41 82 66 23 57 88 60 3 64 11 17 48 49 55 94 89 8 28 63 77 92 100 67 36 87 25 49 55 3 100 93 68 81 82 98 88 2 43 90 90 1 84 7 68 4 49 98 58 51 74 53 49 35 1 41 66 37 69 26 4 24 65 23 99 29 9 92
22 85 36 85 18 62 13 8 59 50 87 67 68 87 39 84 98 19 41 12 50 98 89 89 84 86 16 32 34 5 25 7 72 78 9 91 11 97 75 60 2 72 80 67 66 22 29 64 92 30 57 70 92 89 82 8 10 99 4 81 16 39 12 98 96 44 25 34 83 62 52 99 10 78
61 19 59 39 63 34 35 42 76 14 11 39 55 86 35 31 13 79 11 28 93 23 80 72 81 24 29 91 10 25 42 31 28 56 68 56 2 96 71 91 58 59 48 83 60 54 48 79 55 84 33 83 1 69 53 41 96 20 68 21 57 39 85 88 40 92 5 70 52 91 76 66 88 7
100 98 62 82 71 59 35 38 19 50 83 92 11 20 90 26 37 67 44 75 98 29 17 29 66 48 64 56 97 15 17 5 45 32 68 69 100 46 88 63 60 85 95 76 54 68 40 34 60 14 35 30 78 89 40 78 67 66 70 25 55 77 17 17 83 76 66 79 33 5 10 97 98 53
74 41 49 2 53 47 13 57 74 37 57 28 83 70 43 78 43 100 34 80 60 23 36 94 88 8 36 91 89 95 63 58 98 3 6 65 97 87 27 98 50 90 39 67 89 51 51 38 70 15 94 46 47 83 42 28 75 20 83 53 78 24 36 75 62 14 95 22 68 90 19 77 57 87
28 46 19 80 67 78 15 36 94 84 37 9 31 51 18 43 44 26 25 74 21 24 67 22 65 61 91 74 58 79 10 87 99 32 35 69 87 3 19 93 32 29 51 93 45 22 14 70 63 39 36 76 38 31 95 7 64 61 85 72 65 60 94 49 65 46 60 42 91 60 36 20 74 39
39 79 53 31 73 95 22 44 49 82 30 29 37 49 43 95 99 68 87 83 11 35 6 71 11 7 14 3 33 44 89 62 48 55 38 14 85 75 4 84 59 56 27 25 33 97 56 54 71 94 83 21 72 68 74 44 99 20 45 57 51 93 17 7 15 30 74 44 18 35 92 24 27 46
7 65 32 57 29 59 75 99 68 17 98 4 25 92 96 89 61 24 80 63 1 2 42 90 87 5 82 97 11 55 39 16 39 5 93 11 55 85 43 45 79 92 92 67 46 68 70 66 51 80 51 46 87 34 24 9 54 52 35 51 53 58 77 47 11 74 20 65 66 97 97 10 72 38
98 45 35 84 86 23 34 41 77 66 57 84 85 37 75 50 45 51 13 4 21 29 98 8 34 61 93 19 63 56 19 90 40 90 54 71 67 13 9 61 45 83 64 51 78 80 34 34 22 83 93 90 37 43 26 50 26 74 10 98 89 93 84 20 87 90 36 54 97 34 95 39 91 53
28 96 82 20 34 85 60 66 23 68 96 14 41 85 4 75 55 6 85 48 78 13 86 30 53 48 25 7 1 13 91 65 9 2 73 59 69 18 94 52 44 81 23 84 12 36 53 70 5 72 57 92 7 89 62 92 8 26 26 65 19 28 38 73 34 10 19 12 13 62 5 88 32 65
76 43 59 36 67 98 40 16 72 87 21 11 49 93 14 15 36 87 29 67 99 30 68 84 21 43 99 17 52 60 95 9 69 29 86 24 89 59 76 45 59 36 61 84 97 50 84 4 20 4 99 58 86 89 12 47 3 100 11 54 35 15 17 97 85 100 20 13 68 89 32 96 9 27
54 84 66 9 64 37 5 98 80 3 60 68 4 43 51 79 84 90 6 33 81 68 29 59 43 91 70 56 98 25 38 32 82 29 90 16 42 13 43 96 77 40 88 85 84 10 15 24 76 12 90 26 72 51 35 26 17 85 70 28 64 47 26 35 43 46 87 18 40 61 87 41 50 85
50 87 62 41 74 31 97 17 58 7 18 34 2 100 95 64 21 1 27 2 82 40 90 33 49 90 17 60 44 95 79 59 7 57 52 55 96 8 8 40 27 18 75 28 19 71 16 35 53 7 51 88 41 31 63 31 82 78 32 51 86 33 96 25 94 77 39 26 18 47 61 26 24 36
43 69 41 2 74 83 44 11 39 54 68 73 22 19 36 89 86 33 49 47 16 89 95 58 39 86 99 56 56 90 53 37 53 14 80 9 11 31 14 7 61 14 54 16 79 54 38 99 47 91 94 41 12 24 2 12 12 92 64 92 16 62 98 94 75 15 12 56 60 44 61 57 59 4
87 89 97 95 29 48 50 4 44 40 45 16 20 83 50 24 95 25 50 35 56 13 15 79 10 92 5 26 63 87 78 48 79 41 65 79 24 8 73 77 16 46 56 25 64 47 80 85 38 45 54 19 98 100 82 35 37 11 50 56 44 91 30 29 11 98 19 17 55 51 90 34 56 48
76 83 31 48 36 40 69 54 8 26 44 25 55 7 54 90 19 18 66 59 67 87 18 74 51 26 58 13 50 58 6 82 24 28 92 58 20 36 54 6 16 43 23 94 84 5 15 25 23 10 79 49 76 19 100 27 41 62 90 30 69 26 2 65 3 75 63 85 69 54 59 99 30 99
41 6 51 68 70 93 60 61 3 84 78 49 17 35 16 24 78 38 35 33 38 99 2 78 8 1 26 57 40 87 57 30 53 97 13 86 31 48 12 50 72 51 37 52 94 21 97 85 30 6 36 36 76 98 33 66 100 11 37 70 51 33 94 11 20 98 62 80 68 68 48 23 68 72
13 65 79 93 20 24 67 96 99 82 68 28 92 74 90 17 48 77 74 21 53 90 20 79 58 89 19 8 59 36 78 66 74 83 18 38 9 62 20 9 21 72 60 71 95 10 74 57 76 13 16 79 2 60 4 35 33 46 44 71 55 54 75 85 88 55 85 30 8 58 98 10 34 70
66 22 77 28 29 29 45 74 18 87 61 53 73 98 54 6 33 47 98 45 2 81 26 56 47 56 13 81 19 93 74 91 54 60 95 82 38 3 43 50 75 41 69 4 34 28 90 18 4 39 37 88 87 2 33 83 1 84 75 75 85 56 44 79 90 79 57 4 33 77 98 47 83 17
19 94 43 90 17 17 72 31 8 67 30 65 53 96 37 34 95 87 39 58 90 32 68 22 27 67 91 49 73 69 30 43 59 10 32 42 11 64 10 58 67 44 16 16 2 70 10 39 65 73 2 27 54 39 11 81 53 82 63 18 1 41 33 59 21 45 46 77 52 47 89 70 53 48
68 36 63 10 97 49 93 67 41 86 53 51 68 64 2 39 49 12 86 42 35 89 57 67 40 87 55 73 5 67 64 90 26 37 26 79 44 97 6 70 100 97 3 2 17 95 95 95 25 27 68 49 44 10 6 83 46 97 10 74 18 95 46 80 71 32 81 26 18 96 58 97 68 47
92 20 1 46 77 52 80 22 23 58 61 72 94 9 45 29 35 76 81 51 100 42 30 95 57 94 19 76 79 66 47 60 11 94 85 5 5 54 13 91 94 56 81 17 99 3 60 73 91 93 77 15 50 5 75 72 82 84 8 51 26 1 16 24 90 32 31 77 62 81 69 62 34 20
28 95 18 58 23 47 41 29 83 15 99 5 91 1 92 84 4 11 75 39 96 59 55 1 98 44 47 23 71 89 59 53 55 12 38 49 83 41 83 13 69 96 45 17 37 92 90 9 23 38 85 20 93 18 43 58 38 11 83 79 83 29 25 48 73 82 29 17 63 38 19 32 69 48
66 94 21 16 49 63 46 22 6 59 18 19 21 18 100 27 7 51 53 6 24 88 26 75 49 17 99 90 86 95 11 81 95 91 60 45 14 44 8 37 72 76 63 11 67 54 55 58 15 52 70 41 51 82 83 38 75 7 72 80 28 38 49 17 20 77 85 83 62 1 77 42 36 73
97 15 19 61 75 54 87 33 37 52 36 58 7 71 71 19 40 26 89 84 37 98 81 55 100 65 12 13 49 9 38 48 35 41 58 60 93 78 87 22 66 60 49 7 26 86 89 94 74 39 81 50 19 10 69 6 25 97 15 46 81 58 74 13 69 38 68 63 68 9 2 85 50 82
91 42 60 46 97 16 87 35 23 7 1 27 66 50 93 43 26 92 56 93 87 21 4 55 33 1 52 77 5 27 56 36 38 30 26 97 86 36 41 94 68 52 85 100 34 82 43 37 38 32 91 70 15 63 87 35 9 2 62 57 88 67 64 72 33 68 31 35 65 19 71 93 8 40
2 65 62 71 96 44 47 6 89 53 40 41 14 89 55 16 76 13 31 91 3 37 58 71 84 98 99 1 29 74 3 48 9 6 53 56 14 96 17 77 22 30 3 56 54 95 33 12 1 49 30 63 8 11 27 48 16 47 1 24 8 82 81 12 93 23 1 58 12 89 84 97 86 97
63 94 26 60 73 93 66 93 72 84 95 41 61 66 55 90 10 75 47 25 77 23 34 64 48 64 71 20 19 12 74 7 2 7 22 28 43 9 37 17 94 2 88 5 16 14 57 84 45 76 31 12 92 98 40 29 96 39 61 15 95 23 5 54 14 90 50 3 49 72 1 77 89 64
96 82 51 72 7 99 17 96 18 13 35 12 52 62 59 23 25 36 24 89 63 19 21 48 27 25 98 87 11 45 98 31 98 12 64 11 52 56 87 70 18 2 11 62 65 95 9 91 51 73 54 60 89 99 93 89 48 66 1 78 77 73 56 34 91 7 85 92 96 28 3 82 15 81
3 35 8 4 4 99 72 88 69 8 22 68 23 96 54 30 3 64 77 98 78 14 14 7 83 34 44 66 33 18 3 56 58 44 99 86 22 73 34 67 88 66 94 24 86 93 64 85 24 17 11 38 67 51 15 85 30 14 59 69 100 72 60 62 59 93 92 79 25 46 60 36 69 86
34 74 84 82 74 35 48 3 9 26 16 64 58 11 2 31 97 23 10 80 69 99 31 41 63 77 31 61 83 50 70 83 29 10 99 64 92 45 66 12 97 47 65 17 16 26 10 42 47 59 57 51 95 34 30 72 18 54 77 63 49 29 56 90 31 3 68 21 71 49 40 20 63 64
14 80 8 67 67 63 55 61 22 69 13 33 52 96 23 100 50 47 17 57 58 2 85 79 15 41 42 44 28 68 85 24 43 26 30 100 93 65 100 88 72 57 75 27 92 42 10 86 96 71 56 90 82 36 29 41 84 16 81 63 99 79 9 25 23 74 23 63 8 77 15 58 61 79
81 80 88 69 33 31 9 7 77 76 30 100 2 77 38 49 77 69 21 43 70 46 75 13 74 86 36 86 2 30 96 9 8 56 74 22 78 9 6 69 8 99 79 93 29 23 94 80 93 89 33 97 37 78 43 10 11 39 37 69 20 16 36 56 43 48 91 72 92 35 87 70 49 7
73 67 4 31 57 26 5 85 45 75 69 67 55 35 79 85 74 93 26 41 26 11 51 82 51 13 16 13 44 41 17 16 64 7 46 1 44 79 6 84 99 69 54 72 27 100 65 87 48 83 34 79 2 96 11 19 66 29 53 23 16 11 71 39 100 13 67 18 70 66 91 77 12 90
45 65 26 62 65 43 95 22 90 91 79 15 43 19 51 34 99 33 33 23 15 54 4 48 44 44 62 96 72 90 36 11 48 6 41 13 60 48 55 51 34 13 99 41 83 71 27 89 82 91 9 55 98 6 33 97 48 96 35 76 41 46 23 60 10 32 81 52 32 94 4 98 32 70
52 26 8 97 50 20 55 25 45 31 15 40 15 99 44 3 58 95 63 1 32 88 92 97 3 24 20 77 21 18 14 32 19 89 41 87 12 75 33 15 29 12 2 62 14 91 22 43 19 13 85 43 56 39 28 6 26 76 97 53 88 56 40 53 96 63 18 96 77 26 61 58 100 2
44 50 98 61 40 46 94 29 32 92 27 15 41 11 49 65 21 14 91 47 56 99 35 83 52 75 41 68 73 28 88 76 36 43 2 24 45 87 43 51 2 1 45 37 83 13 91 23 27 84 50 84 48 92 75 62 65 46 7 85 7 86 39 87 18 80 68 17 18 25 81 60 78 88
46 56 67 30 93 85 91 52 59 51 88 31 6 51 28 24 80 90 55 73 86 90 7 35 38 35 94 70 10 80 17 38 38 41 36 96 83 31 38 4 13 87 78 64 38 11 54 93 68 51 39 47 49 18 98 43 25 99 9 9 16 6 89 100 28 59 26 57 73 47 3 61 75 24
52 22 4 74 37 68 15 91 45 46 68 78 67 40 80 52 92 18 72 43 9 88 29 28 2 11 63 22 98 44 46 51 1 87 52 47 44 99 36 59 17 61 34 15 30 30 21 59 66 17 73 66 1 84 93 56 91 5 4 95 16 35 30 48 14 22 53 11 92 33 49 94 29 27
97 85 88 13 70 47 47 42 33 28 38 34 4 48 45 66 37 3 92 52 3 50 70 71 65 89 40 15 40 93 83 98 19 47 12 21 21 29 83 49 50 89 67 52 50 96 48 8 22 97 6 46 40 18 49 62 62 42 92 55 66 43 42 9 53 70 59 54 67 81 83 70 45 12
48 12 90 47 45 54 35 95 19 28 23 35 55 4 41 73 64 66 55 57 63 12 6 29 24 77 7 62 14 57 90 74 21 60 21 42 8 16 44 29 66 16 66 46 21 55 86 27 85 56 70 3 1 7 68 9 51 84 12 61 41 10 45 18 35 71 71 12 35 82 32 36 95 21
58 47 42 24 65 19 26 34 77 4 36 42 85 97 92 40 49 21 22 77 90 69 18 21 12 10 56 28 4 60 3 87 87 29 74 99 1 78 3 74 78 13 8 81 55 94 84 6 96 79 79 23 20 86 8 14 12 16 26 42 53 16 56 94 80 4 70 21 67 100 13 81 46 1
58 72 28 4 66 8 95 26 60 94 24 74 91 90 78 65 65 28 20 33 9 50 67 45 5 76 95 24 95 64 25 69 49 44 8 70 30 40 94 11 39 52 6 8 62 89 92 49 50 75 72 74 19 31 10 12 23 2 97 99 1 90 27 36 42 75 89 80 41 24 11 10 22 43
90 5 62 79 96 53 24 49 60 80 28 77 82 24 25 49 77 44 60 30 31 15 91 58 77 96 78 86 33 50 45 25 56 25 41 64 75 85 56 3 19 31 51 96 19 58 42 87 55 88 11 54 27 41 46 38 74 47 97 49 15 87 30 9 99 63 97 12 16 8 40 6 74 14
84 93 97 14 30 99 38 66 10 29 33 43 19 69 26 80 98 33 18 34 35 18 72 92 6 24 45 79 70 72 1 25 68 6 27 15 10 85 87 19 86 23 74 5 48 29 38 72 62 93 38 95 79 26 79 27 18 66 16 78 34 67 64 66 86 4 91 41 97 24 50 67 45 31
46 34 35 72 65 50 13 15 43 93 39 24 76 53 67 4 31 40 78 38 79 46 70 24 71 1 99 82 95 97 46 55 44 63 7 4 53 40 17 86 32 13 54 48 7 65 61 32 52 25 12 80 81 16 61 100 24 55 88 38 6 10 82 58 6 79 89 80 28 14 92 54 14 99
60 54 4 64 54 52 15 54 7 7 59 33 10 34 73 22 29 20 58 41 99 69 66 99 100 67 39 50 93 4 98 46 53 42 46 26 44 54 26 67 96 46 57 28 49 56 12 15 49 72 44 39 84 82 33 91 84 87 58 33 56 18 26 10 58 100 6 66 75 36 27 63 6 73
71 75 87 100 3 33 5 54 44 55 69 58 83 50 86 39 5 21 66 9 82 41 94 60 72 40 69 57 32 67 93 48 81 50 43 29 48 1 44 75 90 82 99 57 95 28 73 39 55 82 46 25 52 4 42 7 88 82 92 9 51 90 5 11 54 74 17 71 49 3 78 57 2 24
29 4 55 34 9 55 70 56 69 47 54 97 9 71 81 93 23 83 73 73 23 18 15 11 86 90 78 78 47 9 51 20 60 21 45 68 86 99 64 90 49 81 50 4 67 33 69 88 51 69 49 76 86 9 5 24 69 14 81 22 20 52 63 86 2 33 58 21 61 3 6 4 80 8
98 1 12 26 86 17 75 90 73 18 27 72 81 58 2 99 1 56 24 56 16 11 81 97 18 6 13 80 16 63 34 37 95 87 41 24 85 40 43 2 71 75 45 11 94 60 25 41 53 92 83 75 43 27 29 64 21 62 18 56 1 35 29 75 76 18 5 93 78 26 11 58 72 48
28 79 79 55 99 28 58 33 18 79 59 69 60 21 98 86 85 8 91 95 91 29 79 43 56 39 24 15 80 8 12 61 28 42 19 39 55 52 4 36 40 86 6 50 32 22 87 62 77 97 96 64 95 5 42 66 70 24 5 54 33 73 59 29 62 85 91 83 5 1 14 21 25 95
6 90 48 18 90 1 23 97 17 97 58 10 10 14 20 55 87 99 59 37 88 57 69 9 87 99 6 64 86 59 42 21 4 44 53 57 16 3 77 66 10 27 75 12 95 76 6 56 59 16 60 17 41 9 53 61 87 73 61 59 82 82 89 98 96 48 74 23 9 62 93 10 79 93
22 83 13 27 90 30 61 70 86 91 64 3 47 4 59 62 15 8 71 79 93 73 34 43 47 95 84 23 46 83 83 76 16 23 83 68 30 3 21 44 29 77 74 86 74 52 18 37 58 25 89 30 7 6 86 9 20 92 59 29 81 24 36 96 87 100 63 22 41 78 50 52 91 53
55 24 58 100 41 35 96 64 12 2 81 45 11 1 54 87 20 73 29 85 36 12 46 14 43 6 40 39 50 54 90 33 62 42 79 59 84 39 40 39 84 60 58 14 19 16 52 29 92 46 54 1 36 61 10 65 52 92 97 23 39 83 54 91 89 23 50 23 95 71 51 100 16 83
43 93 36 89 99 26 67 90 49 58 75 86 13 49 22 43 87 80 58 47 49 41 30 8 42 67 70 27 32 26 25 84 34 39 14 65 85 90 76 73 33 55 11 68 62 31 88 12 67 75 99 57 97 22 18 92 56 15 28 76 31 97 67 27 97 58 23 60 53 94 85 25 18 8
54 98 77 37 88 10 35 92 41 70 57 78 85 32 19 7 42 98 9 56 62 67 52 7 50 33 84 80 64 91 16 81 38 41 95 64 28 6 74 96 81 13 70 81 71 71 55 100 37 8 69 85 38 52 50 27 70 16 8 53 18 13 96 55 13 69 55 41 89 59 68 97 76 23
