63 9
95 72 72 57 32 30 75 87 41
41 53 94 62 68 37 44 84 78
4 91 47 21 65 20 20 18 68
74 26 59 75 86 47 78 38 83
6 100 23 81 83 70 16 82 32
10 87 12 83 69 6 27 46 4
5 9 41 89 72 45 6 95 65
62 97 73 2 80 11 90 51 91
69 93 75 74 73 67 55 41 12
1 83 95 64 92 4 54 11 18
9 84 25 23 74 79 39 80 22
76 96 18 7 69 96 82 76 98
15 32 86 56 99 17 87 53 77
14 67 3 82 82 75 41 92 67
52 38 34 99 52 67 32 60 52
58 68 54 89 60 50 60 6 65
13 78 74 34 86 29 46 24 41
3 59 34 10 9 37 54 53 11
78 16 48 55 28 84 24 4 92
59 59 99 61 27 26 83 28 38
83 21 78 36 20 51 83 52 5
67 12 69 73 39 51 93 32 67
28 61 53 4 56 38 46 62 10
92 53 12 70 1 15 39 77 80
88 2 72 86 93 12 12 37 81
19 90 4 91 60 97 90 42 38
85 70 6 20 92 94 51 25 14
62 87 22 13 84 93 47 78 98
83 17 19 3 3 99 13 54 94
55 21 55 60 3 18 39 60 73
33 86 15 23 45 99 31 42 64
92 18 54 58 54 70 45 64 99
71 4 67 22 100 35 42 32 43
75 57 25 83 18 72 76 82 21
12 90 30 64 96 3 23 3 26
19 80 88 95 9 27 5 68 58
89 48 15 12 6 36 5 15 8
41 29 24 31 79 61 84 96 47
88 7 10 19 72 65 22 35 40
1 16 15 96 44 35 66 11 9
69 84 62 31 63 33 76 9 11
66 6 69 98 11 35 74 17 37
42 100 34 100 79 66 96 61 63
2 36 58 48 21 93 94 60 31
59 35 65 1 50 33 25 64 28
41 83 29 60 5 22 68 44 62
72 13 95 15 13 86 76 88 97
1 14 86 68 12 36 57 32 82
79 4 96 31 1 12 23 52 96
15 59 48 68 22 27 74 17 25
27 93 68 78 42 52 39 93 80
37 27 2 93 93 38 88 30 28
58 96 31 75 84 72 64 89 80
18 72 29 37 20 43 50 16 50
47 36 53 22 29 44 16 66 17
61 8 63 67 56 62 61 99 49
98 24 55 47 83 9 80 82 39
3 6 59 75 83 64 95 79 62
8 36 14 42 50 64 45 28 51
15 66 68 67 79 79 29 7 42
63 19 5 89 84 94 89 22 97
22 57 62 46 11 47 20 90 49
89 68 9 20 86 77 18 40 23
