66 83
47 63 76 31 14 57 65 97 15 92 90 60 2 87 59 5 80 56 79 64 22 25 52 64 92 6 61 17 37 88 53 66 25 13 4 10 43 9 95 38 5 61 48 31 77 74 6 41 61 80 74 97 16 60 87 91 10 2 12 88 50 23 75 17 71 78 100 3 97 33 10 70 9 63 21 55 78 60 93 15 33 60 18
84 12 55 9 22 2 25 93 42 90 97 13 54 21 75 9 2 29 75 43 57 95 48 49 31 67 84 28 89 58 68 75 57 77 72 95 48 48 1 49 69 85 50 38 92 59 72 83 11 53 76 50 88 83 86 15 3 70 56 10 61 79 36 83 25 6 5 12 26 72 75 67 69 31 94 11 72 20 25 81 11 82 87
10 18 73 34 76 60 49 18 96 50 88 12 89 75 33 91 18 70 50 83 40 17 53 73 84 61 22 42 36 29 32 59 28 92 81 31 63 33 63 87 33 41 25 95 47 71 85 98 29 94 7 40 36 37 9 38 64 59 96 50 55 34 80 79 95 20 40 11 12 66 36 47 94 13 82 43 50 58 26 98 86 38 81
88 62 93 57 42 20 90 91 66 51 76 72 73 100 72 96 52 5 51 92 86 70 38 31 62 97 22 16 3 17 1 30 17 34 2 19 42 75 11 1 22 48 49 18 35 82 80 14 92 92 89 19 95 51 16 92 81 1 66 47 56 77 79 56 40 10 15 85 27 10 33 7 42 5 25 92 93 42 2 39 85 65 91
73 67 10 80 70 79 41 63 79 75 79 96 80 89 51 4 9 28 96 37 5 98 94 86 72 85 4 96 66 71 61 14 6 35 81 17 51 26 74 39 68 42 90 5 71 48 64 14 77 12 62 57 4 17 57 30 96 46 47 10 70 80 20 93 6 28 92 15 68 40 31 61 38 50 3 84 80 89 90 68 8 46 96
95 30 80 11 92 38 83 43 18 45 26 21 76 58 53 86 87 74 30 49 5 13 86 1 44 74 35 84 70 85 67 73 47 25 55 83 61 69 5 89 98 98 11 57 19 44 17 72 40 99 88 8 32 46 16 25 86 35 31 4 32 94 51 93 99 79 26 35 64 61 60 69 13 52 21 55 27 49 27 77 14 93 94
59 73 23 2 75 76 30 41 82 15 50 10 49 69 98 1 75 41 82 96 95 28 49 29 52 79 54 64 90 38 54 80 27 77 98 45 2 73 3 49 28 22 1 23 57 5 72 39 16 13 100 32 97 98 76 62 59 3 5 44 55 39 60 1 47 34 21 49 22 30 86 90 87 34 27 76 89 45 71 54 78 74 51
25 38 7 69 70 61 36 52 19 39 37 42 94 60 46 78 90 5 30 55 90 49 10 72 55 7 91 14 44 56 3 35 68 96 35 48 83 18 93 69 77 67 49 8 19 13 96 15 76 8 17 6 23 10 22 84 17 34 74 37 26 50 49 16 87 43 91 49 54 61 66 38 45 54 85 86 88 95 41 82 22 86 27
47 54 6 18 40 90 12 51 92 76 6 46 58 82 13 10 57 91 30 28 34 16 9 52 52 33 70 20 94 77 45 65 38 31 48 95 14 70 45 9 43 81 1 69 94 55 55 57 2 86 74 29 33 22 95 47 30 5 73 45 63 61 17 54 20 90 84 88 15 56 90 60 42 90 66 6 50 8 16 22 1 51 13
64 74 99 65 68 92 78 49 45 32 98 27 87 47 86 75 17 52 85 99 16 85 100 59 22 55 87 29 27 18 17 75 38 99 51 66 70 62 6 81 91 47 80 87 78 92 96 53 43 95 97 11 46 52 61 88 96 70 98 89 20 34 37 30 69 15 18 99 38 44 70 62 99 19 2 68 9 12 81 57 5 86 32
91 81 39 77 30 80 85 58 10 44 43 83 21 20 26 11 92 50 26 97 23 97 89 97 99 88 41 55 100 55 27 38 95 50 26 74 41 11 62 50 32 2 91 47 98 64 69 11 60 16 9 9 73 90 31 1 31 13 33 54 69 90 56 63 65 39 38 95 44 32 56 28 20 65 37 73 53 51 78 34 12 36 79
40 23 29 50 18 41 18 87 32 61 17 8 58 8 34 17 71 8 99 22 14 62 54 56 24 84 47 90 100 79 8 69 15 30 10 54 92 28 26 54 31 75 20 50 12 14 43 25 83 8 81 50 69 37 63 74 54 28 60 5 100 82 90 96 78 54 6 79 30 17 58 36 44 56 100 16 17 4 72 64 71 25 56
27 57 46 8 66 65 68 9 24 60 36 38 91 57 30 68 98 18 56 61 44 51 20 28 5 33 49 91 28 54 15 15 73 42 84 31 84 13 21 58 77 42 42 62 1 68 3 61 77 38 16 11 10 88 22 60 49 23 18 28 19 46 9 27 72 95 100 10 4 44 18 83 30 79 64 76 24 82 20 23 54 11 94
13 14 7 62 60 76 93 98 37 27 73 43 6 76 54 37 44 10 21 57 5 9 39 49 47 3 20 42 76 91 61 41 29 84 47 14 5 86 41 70 40 87 52 94 43 1 29 92 30 38 59 14 23 48 29 10 12 33 26 64 84 26 15 70 58 96 69 51 50 3 44 37 16 19 19 50 75 95 97 89 90 76 63
74 45 38 91 10 62 92 28 27 21 54 3 80 85 10 53 32 60 24 78 60 6 55 62 66 16 75 42 39 14 56 21 25 95 38 3 5 85 71 74 75 9 7 59 32 28 70 31 47 77 7 22 27 45 47 57 79 60 51 79 47 14 94 9 98 74 10 78 13 34 10 67 63 11 12 20 5 30 65 23 64 27 9
94 77 65 59 63 92 43 72 66 72 65 91 90 98 89 45 36 68 51 1 61 84 40 35 58 40 99 1 32 60 10 91 12 79 26 7 97 22 15 47 25 3 71 25 46 36 1 31 64 98 79 16 30 73 15 67 80 69 68 35 88 15 68 39 1 88 13 87 27 25 70 86 85 11 96 61 79 33 73 24 88 24 15
76 35 71 36 68 4 11 68 4 65 20 27 11 17 53 77 79 73 92 80 67 10 65 69 12 10 81 21 48 66 90 93 51 91 61 47 98 8 11 87 94 96 4 87 93 92 45 27 44 75 95 27 96 99 89 9 36 15 79 65 87 63 27 68 26 100 100 73 81 45 4 46 75 33 38 94 39 89 93 65 92 96 80
73 15 58 62 100 47 54 3 10 29 79 60 24 38 12 51 45 6 71 83 24 98 47 67 74 68 78 84 29 48 13 92 26 63 25 20 19 68 42 34 35 59 18 72 46 69 4 51 76 63 10 99 61 62 95 42 94 95 29 27 79 57 30 94 68 43 45 97 5 6 48 96 65 27 20 100 5 21 68 80 56 5 57
25 98 85 90 56 3 42 51 90 33 5 31 48 97 29 30 42 58 23 24 16 2 82 60 39 5 72 52 89 87 21 77 61 94 98 94 77 92 20 56 32 81 2 56 62 52 56 64 66 6 54 78 99 28 73 51 46 79 88 20 71 49 61 39 58 45 13 23 44 97 13 23 34 99 3 64 81 54 92 30 35 42 55
70 57 3 14 9 97 86 16 91 93 32 11 76 33 71 94 83 6 35 1 38 35 61 75 37 93 98 37 54 9 81 62 47 4 29 87 54 59 14 83 6 28 6 21 67 53 21 53 96 50 96 28 87 100 1 8 37 25 92 27 58 1 72 31 43 71 88 66 42 24 43 67 57 59 87 9 87 79 6 50 40 73 54
74 95 81 18 37 53 13 56 59 7 51 54 94 76 20 76 1 28 10 54 63 56 75 97 54 83 62 63 61 9 10 25 84 54 57 1 78 21 99 91 31 65 22 63 3 87 92 95 31 77 86 51 11 3 4 42 3 4 79 26 78 52 6 68 64 27 28 5 99 100 32 36 72 31 34 63 59 100 34 31 100 53 87
32 3 45 17 69 70 38 25 90 10 40 44 55 91 84 23 74 16 35 3 47 78 15 33 15 8 62 35 43 16 24 99 95 79 60 91 7 34 41 61 76 79 95 49 70 74 23 90 20 25 27 10 89 46 87 85 2 15 39 90 72 51 62 66 95 27 34 9 59 39 5 31 38 22 59 89 10 83 53 36 48 42 90
57 73 34 60 50 76 29 49 100 1 13 38 25 84 87 80 64 41 61 93 38 87 64 93 67 46 92 82 26 53 27 28 89 55 68 82 77 78 76 29 76 26 38 66 36 7 12 61 55 49 40 71 47 63 71 45 32 30 71 22 79 64 93 35 94 100 7 100 73 47 34 7 35 87 98 92 82 71 36 31 23 20 20
73 41 35 65 19 3 59 90 56 12 35 66 86 63 87 74 72 3 15 65 90 69 37 29 33 35 81 12 56 79 73 73 3 97 66 12 66 9 40 52 70 25 16 56 12 65 72 59 52 87 11 43 48 9 39 99 8 65 31 41 29 80 69 40 7 14 16 30 64 18 25 56 50 77 19 21 62 7 24 49 33 4 22
95 27 92 34 8 43 90 47 5 94 86 14 55 28 17 69 18 3 73 78 72 21 20 82 3 8 38 22 100 47 91 32 25 100 33 8 89 60 90 85 70 79 100 62 23 45 54 42 24 100 90 8 63 79 32 39 56 37 81 54 64 26 7 53 56 91 53 59 8 92 70 55 14 68 99 41 81 11 64 42 12 55 94
34 29 19 6 53 86 63 65 92 93 38 69 94 62 76 43 31 63 3 89 3 71 28 30 93 95 14 8 42 26 87 17 57 98 47 69 81 48 76 62 81 71 90 85 55 62 18 40 74 48 97 1 100 16 52 54 36 35 78 73 5 30 38 94 84 34 61 98 74 9 29 47 80 14 23 54 30 92 35 88 58 61 46
43 79 77 12 34 70 64 94 36 27 68 66 74 71 65 38 32 80 59 58 41 94 6 49 64 81 5 29 98 90 61 89 53 99 66 40 75 1 81 28 32 28 32 84 8 82 52 54 33 72 61 83 35 1 59 52 96 23 67 89 30 27 43 8 51 48 7 16 25 19 84 14 86 93 98 92 57 30 21 88 17 53 35
80 30 63 21 47 86 72 27 58 50 36 65 49 53 78 40 75 35 19 36 53 13 65 22 41 89 2 29 26 30 87 45 76 97 16 5 92 29 5 53 34 23 25 18 96 93 34 57 7 66 82 65 85 55 53 13 5 79 66 69 50 1 34 39 20 53 11 21 41 10 57 58 95 68 19 26 7 70 55 62 18 53 91
31 53 37 87 89 42 7 35 95 53 56 47 13 80 86 72 47 59 5 92 36 47 99 52 45 69 2 42 11 69 73 50 62 71 85 65 60 65 66 96 97 59 43 9 16 44 55 39 57 74 44 39 37 76 44 71 63 45 97 26 8 7 5 67 82 85 75 79 8 70 16 53 29 64 34 96 38 20 32 97 29 54 54
17 19 22 36 29 100 64 57 95 38 2 74 99 83 16 10 79 71 77 65 51 45 99 56 81 60 99 95 72 34 2 13 78 60 83 19 32 76 94 39 37 35 72 75 13 53 52 15 79 31 90 87 13 96 2 29 95 7 30 57 39 11 59 94 31 18 6 72 91 76 71 26 65 84 58 49 22 17 85 74 55 26 100
37 11 33 75 30 67 85 13 81 47 34 1 92 15 3 58 83 98 82 2 87 54 18 20 40 48 61 42 26 41 35 84 5 90 74 27 95 51 56 68 28 94 74 8 60 30 38 92 86 58 79 97 21 40 51 38 99 93 6 89 71 71 90 6 59 9 34 1 79 33 54 35 73 19 31 96 41 73 95 84 47 82 16
34 46 24 81 12 19 5 37 60 98 68 39 50 72 72 61 15 67 24 5 5 62 75 9 85 68 67 62 25 78 30 39 30 74 29 55 61 67 6 72 24 51 89 10 19 28 27 35 83 30 33 44 60 15 25 8 30 100 28 43 97 64 75 62 37 6 43 1 90 52 34 29 56 1 81 83 39 78 67 36 95 65 27
58 98 62 45 96 56 18 4 58 66 64 64 96 10 34 82 62 91 53 69 90 2 41 88 18 48 55 63 8 73 59 34 17 4 68 19 69 91 62 4 75 53 43 89 52 75 41 59 100 12 27 69 37 72 22 82 91 47 58 64 96 9 57 83 4 50 44 16 27 3 27 95 46 94 9 59 76 94 100 77 22 17 2
40 17 52 21 96 94 16 100 64 42 69 27 57 19 27 71 75 67 92 2 41 35 53 9 53 7 64 6 37 20 57 49 61 42 28 2 25 67 59 33 37 87 20 96 36 46 48 76 84 83 61 62 3 27 38 64 35 21 21 84 34 34 70 13 29 92 20 20 25 35 31 12 31 8 61 45 32 13 78 21 44 4 87
12 32 16 16 69 9 58 69 10 56 52 82 9 11 11 58 91 81 36 74 38 76 7 1 49 14 37 35 10 98 91 46 7 45 52 40 61 60 58 47 87 23 15 2 30 27 7 37 84 72 24 82 82 10 26 16 41 81 12 87 56 34 35 86 32 84 61 14 48 19 57 68 39 48 73 29 43 1 56 20 95 38 1
4 92 21 67 50 72 25 15 28 47 85 27 59 95 87 57 30 81 91 27 12 87 38 31 13 53 42 66 12 43 80 57 43 90 35 36 18 23 3 74 1 74 98 93 48 91 54 30 32 84 27 4 95 3 93 6 92 7 33 45 17 69 97 54 85 2 62 32 73 97 30 34 69 6 93 88 47 8 79 26 51 91 59
56 5 86 14 32 55 94 3 29 42 9 13 14 72 64 53 58 4 87 18 49 49 82 7 99 14 27 84 68 73 71 27 84 98 57 56 59 14 74 90 59 69 18 13 100 97 85 5 48 1 45 72 97 45 19 83 48 46 16 52 63 100 6 52 54 33 64 7 17 97 18 49 69 8 12 48 28 76 49 29 33 24 10
27 64 12 72 49 22 42 35 64 33 57 48 97 63 7 74 84 56 88 67 73 96 80 28 90 62 41 79 9 77 75 83 11 24 28 6 69 73 72 66 59 17 87 93 38 12 84 51 26 2 54 4 40 9 37 30 79 45 80 39 77 80 84 19 49 64 87 89 28 49 6 20 69 3 88 8 64 27 36 44 5 5 20
22 33 7 39 37 80 44 64 71 78 2 57 99 24 88 6 68 49 70 57 95 94 59 74 1 6 6 67 97 90 56 94 84 16 89 10 94 20 32 22 48 31 72 32 27 16 80 21 92 1 16 33 11 91 5 50 21 72 76 84 73 4 99 40 95 33 21 81 100 56 70 98 29 37 16 21 62 2 7 20 56 67 36
86 50 11 74 4 28 55 28 68 65 71 26 38 71 5 34 53 16 35 66 28 4 39 95 38 56 48 87 11 57 39 76 32 81 3 48 48 49 18 92 99 84 75 45 55 95 64 56 30 22 69 12 28 41 93 1 65 54 57 19 21 70 53 81 58 99 41 60 42 57 5 23 29 71 93 12 49 28 16 82 48 93 30
81 37 49 31 91 56 88 82 84 67 76 94 64 57 21 63 27 1 63 8 45 78 86 100 67 26 73 19 42 87 89 23 27 17 44 34 19 97 81 13 12 17 31 53 99 89 26 1 7 62 88 60 14 5 80 29 98 47 3 40 59 90 35 39 23 42 49 57 11 85 82 33 48 91 94 38 100 86 76 13 49 13 55
72 18 4 65 10 42 59 69 88 61 74 7 38 54 13 25 68 85 11 94 82 88 29 37 98 69 48 63 89 14 62 2 5 45 37 6 34 17 32 60 85 5 92 40 5 23 82 11 48 95 45 14 69 77 26 2 28 52 10 36 77 77 69 34 89 80 5 95 18 24 84 39 33 81 29 95 19 81 84 52 51 28 17
30 25 37 95 74 100 20 50 63 55 65 17 33 75 41 12 47 12 84 56 11 44 42 80 56 56 30 80 67 84 32 4 81 10 45 4 44 66 77 6 75 29 20 39 55 52 45 97 35 23 59 76 56 9 80 40 94 52 49 79 81 92 26 10 71 49 94 5 9 55 27 27 25 99 65 91 95 58 76 37 87 87 99
88 89 60 12 4 41 72 6 79 94 33 92 15 58 57 87 38 12 74 73 28 20 27 40 45 26 72 83 13 22 37 2 92 7 13 92 41 54 8 80 28 13 78 45 99 55 14 79 30 95 44 17 63 97 3 65 61 23 54 12 71 20 63 46 75 73 57 38 23 45 14 33 100 87 76 65 13 5 61 76 59 82 92
62 54 79 46 44 86 71 41 77 31 14 24 62 10 64 63 100 90 49 72 12 81 35 86 96 78 69 33 65 91 67 94 73 26 15 1 97 22 98 84 57 83 96 65 58 21 59 11 60 85 95 61 10 85 90 44 87 50 2 58 78 79 15 38 80 75 77 42 60 19 67 7 95 85 17 32 30 56 83 93 1 90 66
18 37 38 19 2 12 57 46 29 3 95 73 21 84 33 28 39 17 18 19 82 69 99 14 64 18 11 64 14 3 19 71 41 50 25 99 53 48 95 73 64 4 62 86 86 13 100 57 24 32 11 1 94 54 55 86 94 14 5 37 90 77 93 10 28 57 13 49 68 3 31 41 14 65 94 49 54 64 47 71 88 90 45
2 71 26 22 54 49 58 76 15 43 37 36 38 67 82 60 26 99 18 67 31 16 50 89 24 55 31 51 75 51 53 50 49 83 89 71 97 53 38 50 13 15 94 39 67 8 98 72 30 7 99 9 86 12 39 96 47 3 40 88 60 93 2 80 79 16 51 44 16 58 94 4 60 21 56 100 39 33 91 14 32 67 20
66 35 65 60 55 67 86 85 6 75 95 34 72 67 65 16 83 71 9 78 33 51 90 67 81 43 14 31 98 81 27 83 17 69 35 93 21 68 34 24 89 28 24 23 18 66 39 88 37 13 81 95 59 63 92 99 55 70 85 4 28 96 52 58 80 98 11 31 8 45 29 79 56 82 48 99 29 32 20 35 54 15 42
59 48 39 45 61 58 25 12 12 55 6 17 48 69 26 76 16 10 31 26 8 33 25 60 5 3 64 6 61 90 76 57 7 61 4 13 91 98 79 19 38 25 46 38 21 41 78 74 42 12 33 94 66 10 71 50 28 58 67 41 67 100 85 17 88 38 50 35 58 54 18 24 82 60 25 16 76 56 74 78 79 82 68
76 73 84 85 37 46 31 20 8 15 78 21 42 32 43 48 95 3 8 26 77 23 45 27 57 79 6 21 55 53 11 23 32 49 23 66 62 46 46 44 39 74 18 89 81 89 28 39 89 92 10 8 21 27 12 7 16 29 55 84 1 2 77 31 63 78 62 60 35 68 47 34 42 9 21 81 9 54 92 74 62 27 81
28 93 73 80 66 22 22 6 86 5 12 6 60 47 80 6 43 55 64 29 23 74 78 55 48 30 71 92 78 29 42 44 69 56 89 59 7 21 22 60 40 54 54 83 89 15 35 32 80 55 38 78 55 97 15 59 35 77 3 72 14 22 3 29 44 74 19 71 11 100 22 61 17 92 48 76 3 64 27 50 95 90 74
28 45 58 79 43 37 45 92 60 55 18 9 62 52 99 24 33 61 91 16 49 46 64 58 73 93 80 4 76 99 80 8 68 81 42 30 17 47 22 97 4 13 35 87 81 54 84 10 41 54 39 65 40 43 36 4 82 60 18 47 64 28 5 89 9 65 19 59 30 12 24 26 71 43 8 39 52 98 4 2 83 22 31
25 81 19 7 50 66 11 86 66 64 80 74 47 81 30 96 60 66 1 64 3 87 70 10 88 15 55 67 40 30 8 36 57 62 7 2 44 6 59 65 6 38 5 26 31 62 59 66 88 81 77 81 32 54 97 99 66 48 58 74 81 75 92 64 47 1 30 11 82 70 60 82 12 44 43 89 6 26 33 96 31 62 93
44 70 5 65 6 29 29 26 20 27 62 67 41 53 94 69 45 12 78 9 9 58 14 63 60 14 23 51 62 13 75 93 47 51 83 89 76 37 8 71 97 100 91 61 99 93 35 95 16 95 6 42 63 54 82 20 90 53 97 75 24 54 14 40 48 64 26 94 63 82 3 63 22 34 46 77 84 57 23 73 97 73 45
68 71 39 19 95 31 97 10 14 51 39 12 63 35 42 84 7 38 20 67 60 42 47 31 96 22 28 93 86 19 39 44 7 41 20 96 28 60 8 77 51 54 54 40 5 18 35 34 37 10 40 95 46 65 42 37 34 48 26 18 79 10 70 3 83 90 35 58 78 48 25 61 74 26 80 40 43 75 77 68 92 37 28
81 94 96 31 9 18 43 30 70 20 95 20 42 58 12 55 85 34 31 72 55 13 1 38 18 4 10 82 66 27 86 73 87 35 98 13 11 48 66 94 29 100 21 99 33 75 86 16 93 3 69 21 95 37 97 6 55 9 17 16 60 99 5 28 18 27 31 70 59 97 85 65 43 68 36 26 3 80 25 86 65 22 19
95 44 25 38 33 67 34 26 89 69 75 51 75 42 79 47 65 57 81 16 87 27 95 13 72 66 57 31 33 95 79 100 64 48 95 94 32 6 82 57 99 34 64 27 100 35 97 31 74 60 87 20 76 70 46 87 59 84 72 75 25 5 25 25 16 41 71 15 50 28 77 92 89 47 13 13 18 73 73 26 93 81 44
100 77 96 9 54 86 46 22 46 58 92 96 1 49 8 54 61 94 24 69 41 19 52 11 70 44 67 27 69 99 48 23 73 96 97 59 6 73 56 85 74 33 19 25 64 16 21 84 2 78 91 31 11 65 17 54 33 92 38 98 95 46 9 33 98 14 5 100 96 52 5 45 69 76 56 32 78 49 76 40 56 9 26
94 35 83 89 13 18 41 70 18 64 47 36 94 15 3 51 57 71 39 39 90 19 52 41 92 68 32 49 79 18 95 94 44 8 49 78 97 17 71 87 80 100 54 48 61 8 40 72 82 40 66 56 19 22 90 16 10 89 94 39 60 93 76 38 61 86 83 6 57 3 58 49 28 20 76 91 66 6 95 8 78 42 45
41 36 88 48 55 42 21 49 99 20 32 92 29 14 53 25 50 86 59 78 15 33 3 99 23 87 80 42 67 46 73 72 30 86 9 52 43 38 9 27 1 71 31 47 78 63 90 60 9 15 78 75 54 92 89 93 61 97 82 83 29 73 93 60 14 57 47 28 27 73 56 2 69 60 30 13 66 23 36 26 33 53 67
21 66 88 15 44 72 23 77 92 42 4 59 35 39 8 84 66 97 77 94 72 15 79 82 90 77 71 27 72 92 11 10 24 59 66 44 54 78 23 3 100 57 11 54 39 67 40 8 21 75 71 88 44 2 93 50 82 31 2 96 67 11 78 67 56 5 89 32 38 53 65 15 11 31 85 86 98 15 60 53 17 86 34
89 9 16 10 6 22 15 41 98 93 66 82 47 22 51 18 36 95 58 26 42 56 20 10 32 18 19 17 33 5 30 35 49 41 27 73 7 76 27 99 21 16 53 58 33 24 43 1 66 43 41 57 26 37 20 96 23 57 2 34 3 7 3 1 81 63 92 71 16 10 25 81 14 82 88 51 57 100 67 41 37 9 34
48 54 17 94 40 55 85 42 40 68 42 76 49 24 47 54 32 73 54 78 47 52 21 42 8 60 16 76 66 14 9 93 96 59 60 12 33 85 25 1 7 7 26 87 86 46 45 11 55 3 38 54 80 39 80 68 22 93 74 62 34 99 35 21 39 48 95 8 21 32 44 92 78 44 75 14 13 11 29 45 16 1 24
24 24 76 51 78 24 20 4 16 18 51 31 47 25 77 84 23 40 76 96 55 6 83 6 66 50 76 15 61 32 79 74 98 45 21 78 100 19 86 8 72 21 27 93 51 38 78 52 69 87 57 48 42 82 5 33 59 44 60 71 79 27 26 79 54 32 33 21 82 87 74 13 60 1 41 94 97 73 96 95 58 78 12
84 29 7 5 1 44 32 43 50 11 96 41 34 73 32 93 52 59 79 20 51 85 6 7 24 73 30 86 70 73 24 72 68 11 52 83 59 79 41 70 46 17 12 100 61 75 83 79 95 53 60 64 50 19 77 97 24 83 18 48 67 67 89 30 16 37 34 92 49 18 24 8 8 80 86 96 87 11 81 98 58 70 93
95 2 37 10 10 51 86 53 95 43 64 67 5 92 39 41 91 48 22 56 90 1 69 71 59 64 75 43 19 93 7 23 48 3 89 60 78 39 27 22 82 55 20 35 81 41 41 100 84 1 91 70 42 67 40 26 72 16 93 81 36 4 43 97 32 77 53 4 89 78 38 58 45 22 67 36 98 89 15 47 24 47 24
