95 24
16 87 13 66 49 49 7 84 81 90 52 12 94 35 70 50 26 81 54 73 24 55 71 20
85 4 86 50 37 67 100 31 91 85 41 3 74 33 57 1 14 11 95 85 42 9 75 22
47 61 79 55 69 45 58 31 65 67 33 74 30 89 23 57 36 68 62 9 22 11 66 88
75 35 14 53 79 72 93 41 78 15 95 58 42 2 48 55 37 78 76 40 97 92 99 83
27 94 98 39 73 37 95 80 47 59 70 23 5 81 37 88 7 74 93 29 17 81 65 8
80 65 31 28 17 23 57 20 28 37 13 1 71 69 32 41 4 71 31 47 84 30 47 69
34 95 43 28 8 8 27 35 56 72 19 67 41 60 12 41 47 30 75 75 60 67 88 96
93 75 72 94 17 51 86 55 12 82 14 96 58 77 71 75 36 31 3 91 15 53 9 76
9 53 94 58 17 93 31 64 82 62 78 35 30 82 74 75 71 95 56 48 42 21 64 93
48 93 21 83 86 23 43 55 88 9 57 21 48 49 22 93 87 46 36 95 88 25 89 55
28 45 21 44 34 8 92 52 64 32 82 36 66 26 7 2 9 56 86 80 30 69 9 23
72 89 47 4 52 22 33 82 48 66 41 24 9 73 67 8 40 70 4 56 31 53 13 100
9 32 14 64 68 27 67 95 18 76 15 72 48 83 30 4 9 8 82 41 71 94 58 13
49 52 79 90 25 70 100 93 42 2 48 80 32 32 25 4 19 47 51 91 2 88 97 66
8 44 55 54 92 13 93 12 73 9 75 35 56 39 61 25 46 46 1 12 64 95 74 46
88 89 7 23 40 23 41 3 90 66 78 40 44 11 19 12 53 27 94 62 32 97 15 29
71 100 92 57 31 66 91 74 17 16 13 50 84 75 59 83 14 49 39 81 96 4 13 17
38 72 19 55 61 16 71 35 55 83 86 22 68 63 80 7 19 90 98 60 25 99 7 67
23 63 8 44 14 12 38 56 62 6 72 42 80 72 64 70 80 73 14 59 45 75 100 54
48 28 9 87 51 56 96 10 7 86 86 66 67 27 51 56 43 34 46 64 95 40 51 19
12 60 89 1 93 58 35 53 14 66 24 45 81 42 95 96 41 27 88 37 88 40 63 1
43 23 76 40 7 38 80 96 98 61 59 87 80 76 95 42 71 96 67 57 37 57 31 69
81 74 67 20 75 80 47 40 44 88 74 66 21 80 22 12 70 8 15 37 2 25 77 12
93 57 67 92 70 68 21 38 99 71 18 91 26 47 95 84 76 32 22 83 71 91 6 36
40 56 21 51 91 72 72 24 99 14 96 64 64 85 73 2 47 13 75 3 3 45 58 69
85 76 78 10 91 59 19 35 36 43 83 38 75 22 57 61 61 84 97 64 35 46 86 94
29 54 46 23 4 10 44 96 98 65 6 43 11 43 6 1 2 31 46 53 82 15 39 35
62 100 22 29 68 32 48 1 97 60 16 27 19 85 22 24 91 24 11 95 33 44 98 90
98 97 97 29 8 95 12 91 4 85 97 73 73 90 72 79 51 56 73 35 46 15 12 9
56 72 40 17 20 27 24 19 100 9 62 8 78 74 92 27 38 82 55 23 99 74 30 72
7 50 48 84 8 16 98 67 1 75 15 73 100 26 32 99 65 87 41 80 82 35 93 46
28 50 3 83 59 2 81 25 66 5 14 50 29 4 46 43 50 91 25 75 69 17 25 71
31 66 79 13 45 100 76 69 23 38 55 2 63 36 78 41 74 3 46 55 1 3 23 12
7 90 8 44 55 74 3 65 55 75 56 17 92 23 67 18 85 82 31 7 88 66 29 84
60 78 33 1 80 100 11 75 96 69 72 79 50 12 87 15 42 59 95 50 9 29 82 76
27 2 96 2 11 57 100 15 5 87 67 99 18 25 55 59 86 7 33 25 46 10 89 9
78 79 93 48 18 81 25 19 45 6 18 40 39 44 50 21 67 70 15 73 39 40 22 56
95 42 45 5 67 57 8 33 65 26 53 85 6 13 23 20 16 85 40 80 79 65 57 18
60 22 17 92 59 14 100 18 92 24 75 51 5 5 5 33 22 67 88 91 24 91 64 42
98 56 47 62 5 58 94 51 75 93 90 3 66 82 75 94 30 95 25 43 80 13 32 52
80 93 81 34 26 20 25 49 32 20 62 39 88 100 88 59 52 13 22 31 9 86 16 23
71 80 8 38 49 11 60 59 25 49 61 24 91 76 6 62 11 58 86 38 32 71 60 74
14 7 76 78 70 32 54 77 65 94 75 3 30 61 89 85 52 67 60 91 39 3 66 100
6 49 22 67 73 87 85 61 3 79 89 58 67 38 75 21 10 36 86 86 8 100 72 22
77 95 17 70 14 49 86 7 40 16 19 10 47 67 100 6 74 25 72 67 78 14 55 45
52 25 43 44 4 96 25 59 96 5 81 42 100 97 5 24 83 38 97 68 54 1 92 32
95 56 42 3 17 16 31 40 86 66 52 80 1 93 47 10 85 52 75 33 73 68 88 86
22 16 83 80 94 47 46 48 86 41 59 20 30 98 95 87 24 88 25 74 78 99 35 54
40 81 92 49 13 54 54 89 25 2 46 99 67 34 66 96 51 65 22 42 95 86 62 96
58 32 55 19 21 93 72 28 37 52 71 6 64 79 16 26 76 100 93 23 1 94 83 47
38 34 72 75 87 10 37 74 96 1 69 86 9 28 67 98 68 85 21 31 3 43 42 47
43 69 77 62 96 94 82 29 84 40 20 69 50 64 87 54 98 9 5 55 54 56 52 27
74 80 25 28 36 9 23 3 74 55 85 4 81 8 10 3 99 97 91 51 23 53 97 63
68 98 72 86 35 33 50 3 9 92 44 49 5 15 76 99 1 20 18 80 82 74 100 88
84 35 76 62 16 80 15 93 98 90 88 20 98 19 73 11 14 31 42 55 16 67 76 9
4 85 44 2 93 37 11 1 52 75 48 17 100 19 40 92 24 30 13 4 82 41 94 98
78 59 26 53 75 6 52 96 43 86 78 90 40 13 60 48 97 22 82 48 11 48 100 77
34 49 47 67 67 100 41 68 35 89 41 27 52 79 27 88 66 46 4 80 81 17 87 3
65 65 95 59 58 12 13 51 97 65 24 80 58 33 65 94 7 24 10 42 85 68 14 74
34 79 84 81 75 71 55 65 82 83 11 71 71 99 16 86 63 80 31 27 61 41 43 35
25 54 26 69 40 91 80 69 53 11 15 85 41 97 52 63 58 42 29 79 55 25 80 79
1 20 86 72 49 35 43 19 8 49 25 96 55 69 54 17 49 95 44 90 5 88 59 16
16 92 54 60 10 81 22 21 60 26 17 20 94 26 52 99 54 39 82 19 61 62 20 59
64 67 49 78 18 76 44 76 32 3 33 64 69 61 57 64 38 97 62 22 33 61 86 54
46 37 81 15 58 30 85 94 20 51 18 72 100 25 67 56 94 100 87 57 30 27 55 25
49 80 26 10 100 93 18 28 48 78 79 35 10 37 50 18 87 86 84 41 71 38 42 95
6 58 7 83 59 44 76 79 24 46 64 57 97 42 44 25 4 81 8 80 49 18 34 56
23 5 50 32 15 89 16 61 24 43 30 92 82 16 5 98 7 16 29 50 58 64 83 78
10 53 39 25 35 42 54 91 95 25 94 37 80 84 51 18 48 69 100 86 65 46 18 47
25 35 24 85 17 54 80 46 10 88 85 90 64 17 78 3 23 43 33 24 82 36 35 55
66 41 96 8 35 12 46 53 88 96 83 39 37 42 66 86 64 64 97 75 65 87 69 69
7 86 94 42 37 29 50 27 10 47 42 79 15 92 46 72 91 82 22 99 49 94 70 12
12 13 72 25 28 32 43 55 31 93 42 86 58 10 65 47 64 31 4 66 35 99 33 20
38 27 58 61 15 15 72 71 15 57 42 95 46 67 45 96 59 59 52 56 55 73 75 89
92 89 51 13 18 53 44 10 53 21 55 5 66 9 79 100 11 67 82 85 76 45 75 81
75 33 38 5 10 4 97 91 79 100 98 77 88 6 75 81 44 70 12 84 94 19 55 37
53 66 40 8 8 90 88 32 7 83 20 92 29 32 42 53 83 69 95 25 65 85 77 34
32 3 38 65 27 27 54 41 50 3 41 19 32 94 33 64 67 29 95 21 90 89 8 33
86 16 34 1 41 15 26 99 51 99 48 25 21 11 53 36 52 74 81 86 66 53 81 53
20 79 99 77 35 75 51 85 14 17 52 65 100 29 23 66 22 28 99 87 36 92 55 11
29 31 64 90 32 99 61 72 72 60 7 55 70 93 20 61 13 68 21 50 30 24 60 23
82 8 23 83 29 26 53 9 99 45 100 22 49 31 61 20 84 85 40 27 2 84 87 35
74 12 24 71 48 39 84 13 77 49 55 61 86 37 30 6 28 42 76 82 100 90 88 57
65 91 85 10 34 56 11 17 4 54 81 84 72 13 68 48 77 40 7 10 64 52 60 38
67 96 18 19 35 84 78 8 5 59 43 3 72 25 81 70 61 15 26 94 83 57 40 96
28 64 1 65 16 5 7 38 80 40 58 24 5 57 89 56 78 32 53 42 19 71 72 91
84 100 25 48 34 48 55 89 96 88 58 38 60 94 28 97 47 58 37 69 90 56 2 45
71 37 28 83 11 82 53 71 29 36 90 38 67 70 21 20 91 95 17 90 50 92 67 36
64 85 3 66 38 67 60 84 55 17 56 55 12 13 79 26 32 6 6 69 100 43 43 77
79 58 47 88 100 70 95 38 43 47 11 44 93 76 21 40 84 73 64 33 58 21 67 36
45 5 32 56 7 87 77 42 35 6 67 12 28 10 5 79 44 18 58 6 67 72 9 77
25 25 53 38 82 38 89 78 72 90 1 59 70 29 74 93 19 80 63 55 81 22 48 31
11 95 11 37 73 51 1 19 98 9 98 33 46 60 8 51 29 33 85 83 64 62 39 33
7 83 31 56 6 24 33 95 68 94 15 59 17 9 33 87 67 84 52 94 47 22 45 56
17 58 67 11 65 86 3 67 23 30 76 27 85 34 60 98 23 18 90 50 76 77 96 92
