41 19
86 77 77 49 83 31 64 92 69 52 31 37 95 40 73 65 82 2 60
98 63 22 36 64 81 85 49 60 83 44 9 81 100 20 33 21 71 52
96 2 82 72 64 5 33 4 32 70 28 76 53 78 13 26 69 9 94
80 24 92 47 36 61 43 67 62 61 98 13 89 31 9 81 60 40 19
71 62 11 43 18 51 71 46 97 22 47 8 22 71 59 39 100 2 58
44 55 21 3 15 1 65 96 89 99 76 47 76 72 37 30 15 41 85
38 23 18 92 4 45 100 39 5 100 36 77 78 46 7 91 98 42 14
28 34 4 44 53 5 44 65 49 58 76 61 45 46 29 69 18 59 92
9 7 13 77 39 97 79 95 40 11 85 85 92 23 7 33 31 6 62
59 93 11 77 32 17 75 84 56 33 75 11 40 1 11 69 8 22 22
3 24 13 2 70 89 29 21 22 79 16 59 7 61 33 98 89 76 17
100 70 99 83 68 78 66 99 32 56 2 85 9 8 89 91 23 24 66
78 58 66 95 97 49 86 25 44 14 40 56 51 55 61 23 19 92 23
34 71 29 58 35 87 73 32 25 45 50 83 32 82 27 49 89 8 55
48 100 83 24 96 35 8 52 74 97 28 39 26 96 58 38 87 22 41
62 65 30 24 67 15 38 43 86 58 20 93 6 74 98 58 87 68 35
91 16 27 54 23 34 19 20 8 39 91 49 22 80 78 46 48 39 88
10 17 54 29 2 5 68 78 75 4 91 19 62 5 50 38 73 7 87
10 29 8 29 50 66 59 32 22 42 76 73 34 38 53 8 50 69 3
95 6 19 13 85 59 41 33 34 90 61 73 13 63 100 55 43 8 34
39 82 67 34 13 58 21 51 23 58 89 6 52 10 33 53 2 12 51
84 97 29 30 33 40 81 18 65 84 30 77 45 7 16 32 62 98 57
45 13 58 39 63 53 92 54 39 6 43 12 99 54 93 70 72 38 17
93 3 4 8 52 98 94 31 92 49 18 48 78 3 27 10 47 38 70
38 42 95 46 68 17 31 41 90 5 31 64 67 8 91 53 43 15 13
83 38 21 66 13 22 77 57 31 93 11 95 1 11 2 47 37 63 92
19 79 100 95 15 67 15 18 4 35 12 35 63 14 77 48 83 44 49
87 37 99 4 82 34 13 38 7 66 19 75 56 19 61 6 78 72 39
9 72 15 60 84 6 21 92 55 7 12 31 69 51 33 8 6 9 68
91 24 7 92 99 70 30 3 99 69 5 42 75 16 17 13 86 30 70
93 29 37 32 82 78 25 89 7 74 13 34 91 39 77 33 97 55 45
24 24 21 84 33 69 9 1 93 100 98 62 11 49 1 42 51 39 9
37 38 49 45 65 63 81 17 48 90 49 33 47 48 84 46 28 72 93
75 15 69 62 95 70 91 60 23 19 83 8 99 34 73 17 76 27 27
1 69 93 64 21 50 84 38 68 12 13 37 54 46 67 8 66 35 48
52 93 17 4 80 34 13 80 86 66 24 55 91 22 90 13 18 43 93
90 21 77 41 26 24 24 29 56 2 63 56 64 46 50 69 88 50 7
3 87 9 19 81 24 6 38 70 80 28 20 52 51 25 93 10 63 74
76 70 43 4 19 19 27 3 66 36 23 2 69 37 33 23 30 11 7
24 56 7 5 79 84 53 15 34 82 83 94 70 44 83 72 61 49 40
89 65 5 14 50 35 74 71 9 20 50 14 95 26 100 62 9 2 32
