99 44
18 98 2 16 35 32 29 93 91 49 32 2 23 90 46 14 86 13 79 69 1 28 32 46 55 7 37 67 29 85 75 74 33 66 1 71 87 75 88 33 48 97 54 65
19 10 63 60 4 13 37 97 74 13 42 91 20 21 79 56 16 67 68 38 28 2 9 77 85 84 43 13 80 23 82 17 30 42 37 97 63 19 29 84 34 52 83 17
36 62 21 70 3 90 93 77 41 31 54 38 41 78 87 66 83 97 79 47 46 13 40 4 15 69 94 30 36 40 53 10 4 98 50 81 33 8 43 78 38 72 26 87
51 99 30 35 89 89 86 74 34 40 47 41 8 5 33 99 16 95 31 36 83 1 74 54 36 98 81 37 17 23 98 83 91 73 48 40 90 72 78 10 82 59 79 76
26 5 34 48 59 51 31 39 32 78 58 84 87 20 48 63 45 78 73 83 53 45 29 81 82 58 13 32 22 58 27 58 81 85 76 96 31 33 10 73 49 11 26 59
14 26 88 11 85 6 77 70 81 83 31 3 58 58 11 74 38 12 24 14 90 63 96 92 49 17 31 72 25 78 26 95 21 47 88 77 99 75 22 20 99 39 25 93
8 90 82 3 62 51 77 80 95 93 89 42 45 30 67 47 16 31 60 5 68 40 8 74 50 93 85 41 80 16 17 51 89 40 23 40 42 21 67 5 9 69 40 52
68 90 29 87 46 92 59 96 59 13 18 20 66 68 62 34 46 75 24 58 26 97 28 11 10 23 49 52 9 49 24 86 12 63 70 27 39 20 41 1 82 94 23 86
71 11 72 26 67 29 33 37 73 53 41 27 42 13 85 89 37 29 74 38 59 6 81 79 15 6 83 50 42 31 42 77 93 8 28 77 97 8 9 20 52 4 38 100
2 30 44 69 35 47 14 94 67 27 99 99 62 15 16 34 89 56 97 87 20 9 65 4 6 96 55 88 50 81 10 35 99 4 4 19 10 38 91 6 82 85 64 24
32 47 100 38 60 56 52 15 12 35 76 22 76 99 52 100 82 22 45 63 59 45 49 79 1 9 41 16 94 98 23 33 77 74 17 76 40 40 76 5 90 45 44 3
77 7 15 56 70 29 20 48 92 54 34 34 46 69 97 98 13 32 33 50 14 99 5 91 91 100 17 50 40 69 10 19 56 65 5 5 97 11 71 11 52 87 28 79
84 98 75 51 30 40 89 80 93 68 92 51 99 84 26 49 51 69 6 35 13 69 90 38 43 79 53 71 81 48 35 54 83 80 86 4 81 98 96 2 95 59 67 89
91 55 28 50 8 46 19 43 60 71 41 91 24 15 83 4 1 96 2 79 79 66 31 48 58 98 97 77 69 21 5 95 82 3 58 10 29 40 61 29 93 75 6 48
20 69 100 19 82 44 81 19 40 45 34 67 29 19 45 7 94 74 43 96 34 30 89 32 64 23 38 11 92 68 43 66 11 63 1 83 43 61 69 45 98 78 42 74
14 31 96 42 81 73 5 1 58 65 36 96 64 7 7 96 49 95 45 52 41 51 5 28 88 29 34 14 85 59 63 43 81 84 85 9 76 44 74 92 14 52 56 95
40 3 23 92 8 52 83 87 22 61 93 43 33 52 51 57 34 52 27 76 50 19 84 13 22 13 91 72 42 23 9 100 78 96 24 100 29 23 67 65 95 59 65 82
78 60 69 14 7 27 51 73 17 27 43 69 26 13 51 10 2 29 34 59 21 6 10 11 16 8 13 92 70 8 12 60 7 27 80 73 65 54 49 25 67 22 79 41
98 80 43 65 66 75 39 65 13 21 6 50 30 30 82 20 52 11 87 18 48 86 46 3 73 43 89 16 62 34 91 66 45 50 11 29 58 53 78 88 34 37 24 67
5 67 6 7 50 9 93 26 85 21 74 11 53 68 63 98 83 53 13 94 39 98 26 18 82 75 8 15 60 45 67 76 98 77 56 95 34 78 99 51 10 4 74 21
3 46 86 80 27 45 21 92 84 33 12 13 90 37 28 35 31 14 32 17 46 77 45 4 10 62 56 53 71 59 35 66 9 60 66 65 37 70 32 61 52 71 55 53
87 23 12 58 23 80 70 24 100 35 96 60 81 76 45 85 61 29 80 57 65 96 32 53 72 42 6 91 44 28 60 42 23 36 72 67 76 79 90 95 95 70 2 5
14 41 69 66 54 12 46 50 94 12 8 41 42 56 6 9 30 24 94 77 100 1 97 22 62 87 27 22 49 27 66 27 11 78 21 4 44 90 40 13 16 1 5 47
6 31 4 59 75 83 78 49 64 62 83 32 86 83 2 23 61 31 97 52 7 9 85 8 37 99 11 59 18 59 92 58 3 36 82 58 80 96 59 78 85 47 29 48
50 81 67 48 43 96 11 94 66 30 68 77 23 65 46 80 54 86 28 83 23 63 58 73 43 28 7 13 73 39 48 66 24 31 57 4 62 22 99 68 52 7 39 7
73 63 78 42 43 17 98 32 37 55 60 44 30 43 14 29 26 76 55 27 42 22 36 64 96 31 26 11 97 38 49 55 42 88 43 27 69 26 77 4 33 42 89 60
35 45 1 30 55 12 7 18 6 78 58 59 40 61 63 93 97 96 83 72 32 89 84 58 48 87 62 64 47 42 88 52 88 6 76 85 56 56 3 3 14 58 64 49
39 74 55 41 12 22 9 38 98 70 22 75 29 13 77 35 63 88 7 64 83 65 2 85 36 72 48 91 32 60 93 90 51 48 89 84 70 89 54 61 4 51 80 23
26 84 1 69 18 40 67 85 46 71 72 18 57 40 22 1 23 82 99 99 85 48 94 68 32 80 70 78 2 7 59 97 52 87 71 14 58 38 66 14 72 36 33 4
26 95 44 65 83 97 66 19 33 61 1 80 20 9 2 20 56 36 66 34 88 76 46 47 16 46 44 95 49 80 54 52 31 58 74 96 40 9 99 90 68 61 19 56
59 66 14 12 50 16 82 80 44 41 15 35 8 11 44 52 1 23 99 69 81 73 82 45 90 61 98 81 76 70 100 5 42 37 97 9 44 16 94 33 29 11 17 46
63 2 19 86 52 56 19 92 94 100 41 12 57 67 14 87 98 1 63 86 19 83 100 23 54 24 100 97 88 50 53 5 59 43 97 8 90 73 90 79 75 51 70 77
69 41 28 32 87 54 73 99 48 63 26 34 73 79 65 86 28 57 79 67 26 6 9 43 67 4 81 24 76 30 55 61 82 36 39 1 9 45 33 25 48 47 72 47
43 11 3 66 88 70 10 48 71 87 31 26 71 50 48 47 34 88 28 31 52 72 8 41 86 13 56 19 70 1 58 93 93 66 98 40 10 63 82 93 89 33 45 69
18 15 38 26 63 98 26 99 3 77 86 92 49 16 94 53 68 62 91 100 96 9 5 61 97 13 93 5 86 14 72 64 29 70 60 3 65 24 29 22 56 42 78 27
14 64 38 71 89 74 75 25 10 96 93 56 21 64 28 88 21 48 10 48 50 60 74 50 54 42 20 3 29 68 84 9 80 54 88 34 49 81 68 19 9 99 98 1
18 68 30 34 66 76 27 36 31 30 67 29 28 19 28 87 43 24 59 62 93 70 53 45 64 63 83 26 80 9 35 49 56 76 65 36 41 57 3 84 86 30 83 34
98 77 84 64 83 75 48 42 84 15 13 53 14 71 95 87 26 7 56 26 3 78 93 9 86 9 21 1 29 44 91 21 95 86 97 72 32 68 54 66 97 15 55 17
79 58 34 5 69 26 90 79 59 64 27 70 17 94 73 98 2 30 83 4 29 71 14 58 37 10 38 41 92 76 12 73 35 16 52 8 44 84 73 25 56 99 43 90
6 33 60 3 87 78 74 93 59 80 24 15 84 80 51 8 14 31 15 73 94 73 94 20 35 53 80 62 90 47 100 73 1 66 54 89 59 18 5 95 29 9 91 46
52 31 34 34 53 60 13 42 33 89 64 98 74 91 60 33 61 75 86 15 70 85 2 38 94 80 71 11 95 45 50 31 85 15 54 11 50 98 54 55 58 31 85 85
45 44 36 58 30 57 47 9 61 69 93 45 31 65 29 99 97 25 45 99 30 56 32 63 61 71 29 60 78 5 41 26 80 9 73 38 23 31 16 10 39 84 22 15
12 12 22 54 59 73 30 21 97 78 52 75 27 53 38 86 34 13 42 56 23 38 11 16 70 42 88 30 82 16 90 2 44 95 88 21 85 69 58 13 97 44 81 26
34 37 54 40 60 100 81 43 39 35 93 80 61 6 9 82 56 34 77 97 63 24 84 18 28 9 100 35 38 20 48 56 52 7 57 74 66 77 49 11 70 92 40 99
22 38 87 1 67 66 62 45 74 80 28 16 58 77 26 28 29 76 72 34 67 63 35 49 19 26 24 17 45 16 43 48 44 28 87 55 13 88 73 60 79 79 96 19
92 44 84 7 40 81 98 23 13 61 46 8 86 33 10 44 9 41 71 83 82 62 97 5 1 99 39 77 79 77 83 24 99 99 95 37 12 78 89 83 9 8 97 35
5 19 32 68 48 49 99 9 58 69 28 6 22 48 36 33 10 93 14 54 93 54 55 88 49 13 70 31 19 97 94 27 75 76 10 62 40 8 76 68 59 13 17 42
50 7 39 50 37 25 100 65 8 37 31 14 56 32 25 49 90 76 53 95 28 32 83 29 7 12 89 55 73 58 23 58 8 68 5 91 58 31 78 38 23 31 100 11
99 88 89 16 88 13 67 23 28 51 84 61 87 68 3 67 16 40 63 92 68 39 61 32 71 80 44 48 33 6 45 53 16 1 27 65 92 28 100 11 39 32 36 51
35 71 22 54 8 66 81 83 50 83 40 30 6 72 13 99 20 52 59 94 37 27 58 98 62 60 55 68 57 48 52 50 86 38 89 7 97 77 4 92 90 86 86 80
93 14 30 92 11 10 37 30 100 61 91 74 78 2 81 49 78 71 3 38 94 5 57 63 99 85 24 9 40 82 14 26 22 16 90 53 46 76 52 3 32 1 29 14
65 34 61 87 94 13 82 55 58 60 85 36 62 74 22 21 100 28 81 92 59 20 54 5 21 66 52 67 64 45 97 36 97 56 24 24 66 86 77 6 30 10 38 52
99 59 66 8 55 100 18 75 91 75 33 97 8 79 88 89 94 30 42 18 99 20 38 50 84 5 95 86 74 53 23 83 56 30 83 47 67 25 62 23 46 1 100 75
31 72 20 10 17 28 5 100 11 97 42 33 42 59 69 24 38 35 89 43 79 45 94 73 53 89 24 22 80 50 82 78 62 53 86 53 93 50 18 80 90 49 21 51
26 37 90 71 18 57 23 94 42 97 6 19 10 90 93 74 81 13 32 42 89 50 23 82 14 42 32 24 38 18 30 26 94 96 7 43 63 75 22 8 23 50 52 43
48 53 60 58 5 19 26 28 84 43 86 77 8 18 60 88 9 69 65 62 64 67 55 84 99 28 54 67 28 40 24 35 97 50 58 98 4 65 31 27 32 32 93 27
63 99 37 22 5 21 32 1 58 81 67 31 35 78 62 33 67 34 33 11 31 44 31 63 66 17 72 92 99 72 8 31 72 37 24 76 12 80 73 37 94 73 26 19
100 3 99 14 11 9 20 81 12 17 90 32 44 43 96 69 38 36 72 2 21 60 69 58 29 68 76 5 58 48 10 8 32 72 20 92 31 5 44 83 79 35 28 98
84 21 76 68 82 84 61 62 67 27 46 34 71 30 98 54 33 14 20 87 25 5 58 97 33 38 26 20 92 51 4 27 39 57 7 93 78 96 62 49 95 72 22 6
72 98 75 39 67 83 14 7 17 74 21 4 52 88 77 85 86 41 91 5 58 64 10 38 57 71 32 75 91 61 83 65 11 20 78 100 8 3 40 80 30 38 52 30
24 43 62 37 19 33 100 88 51 26 97 33 65 31 6 62 41 31 42 32 84 68 55 50 36 89 5 47 35 11 7 74 17 58 72 24 62 2 80 46 36 95 67 65
33 78 93 48 27 90 70 22 3 97 64 15 99 30 38 75 52 59 79 76 95 90 92 62 99 54 59 97 23 59 13 83 100 73 4 49 67 81 92 79 28 84 30 1
73 50 95 28 48 99 72 56 27 71 58 24 67 71 68 1 22 77 18 30 64 28 32 19 7 53 95 7 35 93 60 24 3 9 19 30 9 70 93 47 7 65 1 81
48 94 47 60 12 10 86 46 100 75 37 100 29 87 52 75 85 72 96 11 31 3 10 70 34 98 59 24 100 72 42 94 43 82 78 60 1 59 19 64 64 65 22 71
12 5 31 10 16 25 54 34 66 99 97 91 7 61 93 7 2 31 24 57 100 81 14 28 28 21 67 78 96 3 99 61 68 59 19 100 85 39 27 9 49 98 96 74
24 24 28 29 42 83 48 24 52 89 86 37 35 3 10 47 21 13 86 5 41 47 96 98 65 24 15 65 86 8 78 18 34 39 100 69 78 40 41 43 77 60 60 70
29 80 85 52 41 75 72 55 7 96 35 83 10 42 89 77 15 5 44 91 63 74 88 79 4 82 52 88 37 64 80 91 14 27 16 43 9 53 60 3 42 37 64 96
58 6 30 61 74 1 81 85 24 57 45 28 10 93 89 1 78 25 99 72 27 93 22 91 97 95 20 90 54 7 34 35 91 20 25 14 1 44 34 89 78 95 98 27
22 24 47 46 58 57 5 34 70 94 8 32 22 72 68 99 15 10 54 2 15 3 35 43 63 85 39 86 67 54 47 64 95 37 82 17 87 23 97 4 44 50 41 31
50 9 57 27 66 21 60 84 77 64 63 100 27 13 91 20 16 16 2 44 85 54 39 36 91 6 15 59 85 84 10 79 99 82 15 12 9 54 39 6 8 32 18 17
63 88 7 32 66 18 9 42 44 40 22 22 9 11 5 85 58 58 26 96 99 55 45 40 81 87 75 11 94 85 16 3 34 2 94 53 40 83 24 18 91 94 22 52
65 30 52 12 29 30 94 99 32 43 24 75 87 73 5 11 30 23 48 9 72 86 52 47 41 89 80 72 80 86 24 33 95 70 19 84 28 37 42 27 61 16 67 55
93 32 25 75 28 68 11 36 41 42 3 39 59 62 77 53 63 86 4 33 87 65 40 19 17 47 53 20 29 96 99 70 33 88 90 37 84 26 44 59 37 40 61 44
97 19 62 52 54 39 25 49 45 61 91 19 62 63 35 10 66 92 51 16 6 69 9 23 42 91 60 98 20 21 62 78 39 64 51 6 70 57 43 71 85 31 53 91
54 63 22 58 15 68 96 99 11 70 81 21 94 73 78 21 87 29 35 81 53 85 74 61 23 20 72 85 11 63 86 60 52 57 71 20 68 4 46 77 78 92 35 50
17 9 59 37 28 76 32 22 22 21 25 80 29 80 81 7 3 33 17 57 18 62 61 10 65 67 20 13 70 39 19 18 65 14 2 37 68 77 28 68 81 70 48 64
1 92 32 76 30 37 19 94 43 26 98 10 30 82 14 84 83 83 4 33 47 62 84 85 68 21 55 8 7 46 56 63 13 81 77 32 2 22 71 28 15 40 42 23
3 21 94 45 9 68 54 96 20 79 21 62 46 96 7 65 33 82 4 4 79 39 92 3 85 25 90 90 58 26 46 53 4 12 69 96 44 37 90 70 18 10 100 91
28 94 61 19 3 2 21 59 73 34 40 86 57 34 72 28 92 46 22 61 38 71 90 45 44 7 92 43 31 19 86 72 64 79 24 14 13 9 43 13 5 30 81 100
12 25 16 66 73 97 33 6 55 98 11 85 1 99 27 4 25 58 82 86 12 14 26 23 8 69 81 24 45 30 28 61 28 58 62 5 53 79 40 73 92 44 28 15
71 30 56 64 54 98 1 56 55 37 83 77 78 24 84 35 3 12 85 82 63 80 59 92 49 28 22 40 66 86 82 80 10 63 27 31 17 65 26 50 44 50 76 72
33 43 43 95 50 14 15 65 60 61 31 51 79 52 52 53 75 48 17 70 75 25 15 10 29 33 86 53 97 30 37 97 95 14 59 2 22 85 71 49 6 87 5 19
60 58 93 80 37 46 16 55 16 11 84 64 56 3 13 52 61 53 57 35 6 41 36 27 55 40 60 91 43 31 54 11 73 95 98 83 47 11 76 47 87 26 23 85
45 23 46 19 20 34 53 98 20 51 21 59 85 33 87 49 26 20 54 19 32 11 78 60 84 29 60 68 70 38 44 29 92 96 34 70 86 59 96 95 7 90 66 93
48 86 7 42 59 4 88 80 51 58 3 62 46 74 77 92 87 23 18 77 41 48 32 30 71 78 51 92 22 24 36 37 40 24 69 51 26 45 84 9 8 60 94 74
8 3 42 31 16 56 6 40 88 53 37 38 87 52 69 88 33 70 63 11 97 75 45 15 63 64 7 34 81 72 37 3 98 96 44 75 43 87 23 23 73 8 16 75
47 5 99 72 56 3 90 80 47 39 66 2 23 69 97 60 13 59 72 57 24 53 79 98 11 62 46 92 24 29 14 3 57 68 73 98 59 13 2 87 23 84 85 12
36 52 69 2 80 17 27 36 10 21 82 47 36 70 7 9 14 20 83 60 26 75 50 13 58 78 86 52 51 13 45 2 19 25 76 56 90 82 24 1 32 9 65 15
94 67 29 30 33 100 46 98 63 60 47 62 17 31 7 76 60 35 83 27 37 51 81 27 82 26 10 75 42 41 46 73 97 44 24 74 86 14 3 43 74 64 39 43
16 88 73 34 79 63 90 67 100 19 53 33 30 20 51 11 80 61 82 5 89 67 66 17 62 22 27 69 97 95 23 95 51 21 91 82 30 6 83 67 5 65 67 36
6 78 75 20 34 33 8 72 10 98 80 67 95 40 98 96 2 1 86 39 34 22 18 21 75 19 2 30 33 49 8 12 12 78 100 42 5 41 62 12 68 74 21 29
7 36 35 18 27 61 41 1 58 98 45 94 69 20 10 24 7 15 36 44 17 5 31 13 11 88 56 43 71 67 94 29 65 98 35 9 7 29 60 60 65 83 40 25
67 67 95 42 70 26 78 28 57 78 35 66 53 31 15 61 91 85 38 30 84 33 66 56 9 91 66 96 49 91 13 83 27 86 71 39 48 35 43 72 100 55 33 56
80 82 31 5 65 39 7 13 66 2 71 24 3 40 11 82 80 27 42 79 68 74 71 99 48 78 42 65 11 94 72 39 59 69 7 27 63 79 49 64 90 85 98 52
84 72 36 17 52 46 19 69 10 63 26 34 58 79 64 70 56 93 54 28 1 75 19 23 54 19 37 22 56 18 72 96 52 14 9 65 68 26 73 57 5 88 82 85
50 50 68 95 33 50 75 34 72 38 85 2 75 16 99 60 40 85 25 53 71 4 85 15 47 61 76 92 69 22 15 87 44 19 55 29 36 33 84 93 15 44 95 15
57 93 22 77 6 61 60 97 69 76 9 85 95 68 35 61 54 10 58 69 44 69 37 3 63 16 93 5 57 38 45 94 67 12 51 97 30 71 26 54 74 7 53 58
63 15 6 5 40 94 99 54 2 37 93 61 73 5 97 99 44 80 44 47 3 67 17 12 40 63 6 88 83 37 44 71 19 26 47 35 44 90 85 30 18 47 48 24
61 50 89 94 67 54 4 63 96 28 49 71 76 37 29 42 18 81 66 62 79 40 55 79 44 16 84 9 40 39 33 27 85 61 16 75 66 27 8 6 41 61 95 17
