49 67
69 15 82 49 51 14 84 1 37 1 88 90 9 15 27 33 99 9 92 82 64 71 14 37 21 61 11 19 22 5 30 51 47 52 5 20 7 62 6 71 56 53 67 78 54 65 51 57 63 10 67 96 54 90 9 72 62 66 76 37 2 6 68 56 27 87 27
74 97 81 52 17 41 77 63 69 90 80 58 98 20 28 30 56 5 59 32 30 38 30 46 63 9 60 5 90 11 39 17 98 25 26 19 73 6 52 1 28 63 87 91 79 57 28 17 21 31 39 72 47 33 26 26 50 80 14 92 93 36 85 6 59 74 58
14 77 37 46 64 96 35 55 74 58 31 30 50 1 95 93 88 24 99 53 42 64 8 58 89 6 77 24 18 7 57 80 89 28 87 20 61 63 55 23 39 22 70 81 23 87 80 61 25 27 59 32 56 22 67 49 5 63 80 13 74 9 99 33 77 62 16
94 98 39 95 8 3 27 2 82 83 18 59 89 33 57 75 10 19 89 53 93 91 69 59 68 21 13 14 1 16 75 52 39 77 78 43 66 53 89 27 60 11 52 20 62 78 47 73 24 16 80 84 98 75 29 99 60 67 14 34 7 97 99 59 88 61 86
10 92 94 64 81 100 46 28 75 79 36 91 22 34 86 22 62 15 34 41 52 18 16 94 49 83 81 66 36 32 71 18 58 90 37 100 35 42 56 30 87 70 61 23 90 59 69 29 77 33 87 7 46 29 37 80 65 35 14 4 88 16 62 10 69 5 42
13 66 85 37 30 5 11 83 1 48 40 30 28 71 20 62 26 4 70 21 17 40 41 15 41 23 11 10 45 12 89 77 55 86 17 14 44 1 87 50 23 6 76 96 95 4 10 72 29 92 8 57 63 88 53 52 5 85 46 60 61 42 1 59 38 11 19
6 77 95 54 12 48 42 24 55 90 94 86 68 14 8 68 96 95 42 100 34 56 18 5 78 5 69 74 79 42 56 95 62 75 99 75 71 100 37 31 59 53 8 34 50 44 57 1 46 1 53 81 84 51 73 31 99 45 19 47 10 48 79 4 20 3 73
55 38 71 43 2 53 8 1 15 27 79 79 44 83 25 95 73 3 80 4 57 44 61 9 69 98 98 2 99 54 45 32 5 38 17 80 32 76 27 82 28 85 83 14 29 8 20 26 24 1 69 97 6 71 50 71 28 5 38 22 23 96 62 81 14 2 30
39 6 29 66 43 50 95 80 77 43 16 56 91 89 68 4 49 59 59 90 29 19 71 42 67 41 37 100 72 38 10 62 50 68 75 93 68 96 30 62 81 31 63 55 22 33 7 7 51 23 20 78 55 78 10 20 5 77 97 21 49 12 18 1 7 17 38
29 20 55 16 21 14 28 2 51 71 59 31 64 73 91 59 23 44 83 20 43 7 10 96 100 72 44 31 99 11 78 70 40 24 26 52 13 64 27 80 30 73 12 63 61 13 50 7 83 42 15 4 86 46 81 74 64 88 83 60 76 65 66 52 80 85 47
50 27 23 11 5 59 90 43 71 17 44 45 60 35 83 69 15 87 67 49 40 55 67 17 30 48 11 86 59 79 29 27 67 85 50 21 82 86 96 81 72 12 42 8 7 4 52 75 16 49 79 2 94 28 95 9 43 32 23 1 27 19 36 52 38 72 79
89 5 10 56 90 89 66 83 66 99 93 24 5 79 44 1 50 30 91 45 96 49 10 14 32 89 98 40 18 75 9 44 2 69 77 22 77 26 23 15 100 80 25 25 40 25 4 52 59 38 32 44 90 40 28 68 55 35 62 27 88 39 78 14 41 95 18
61 91 63 99 89 81 59 6 33 100 48 33 87 21 37 87 74 74 18 100 37 5 24 74 35 71 29 33 65 73 65 77 99 19 97 6 26 74 3 87 49 12 94 95 99 17 40 8 65 40 33 72 9 74 1 78 90 82 61 88 72 95 54 14 78 26 95
88 82 35 76 4 57 12 47 22 16 87 21 99 74 89 12 87 75 12 44 98 4 10 60 25 16 22 71 74 27 79 10 57 85 71 3 41 97 10 38 14 70 94 83 44 37 93 28 56 32 24 60 45 43 51 97 23 82 99 78 47 30 23 32 89 31 86
2 65 92 87 43 68 29 91 55 7 82 67 28 21 45 9 82 77 26 40 20 98 88 21 41 74 55 42 35 25 19 5 88 59 56 2 50 10 32 89 31 72 21 64 76 57 79 21 37 34 88 22 90 26 91 13 80 79 25 95 71 39 54 80 70 20 51
17 92 69 84 57 98 4 85 15 9 4 41 36 49 38 90 48 10 51 50 23 13 35 81 78 67 5 72 82 86 61 98 4 80 74 33 86 36 81 27 53 45 34 6 27 70 26 76 43 96 85 27 54 86 60 87 100 63 61 53 44 67 78 65 76 66 16
91 93 90 1 51 89 15 19 49 18 45 18 42 74 44 100 56 67 7 60 23 41 43 45 73 53 73 83 11 85 55 18 10 85 63 38 17 8 24 95 51 92 81 86 7 46 59 40 70 81 42 85 57 88 3 91 48 54 93 37 14 26 54 74 41 59 55
22 69 66 58 66 96 58 82 47 73 6 92 77 9 73 57 73 77 34 20 5 29 19 42 14 36 64 55 71 10 71 27 60 70 30 80 33 72 79 77 99 66 43 71 83 49 43 12 71 58 51 10 86 5 7 32 8 94 42 59 64 75 64 2 11 5 69
98 30 66 80 25 96 27 85 5 63 33 45 21 47 93 78 71 2 68 34 36 57 92 41 76 75 33 43 96 49 46 66 65 90 40 72 78 32 19 99 9 87 42 66 38 80 30 67 13 17 46 10 21 19 54 17 1 23 83 31 21 97 49 38 12 46 56
92 21 57 60 30 48 24 28 40 34 36 37 7 87 63 2 100 83 32 19 1 67 60 63 17 50 59 58 16 83 92 79 68 93 66 52 61 28 75 79 32 50 94 66 98 94 72 38 59 11 18 21 61 20 70 43 5 86 55 37 65 63 62 13 83 34 38
85 49 71 75 51 93 17 82 24 11 8 4 56 69 24 12 6 78 87 69 100 62 26 89 33 29 19 83 29 13 9 35 1 25 40 55 40 68 95 44 4 91 20 87 65 98 2 66 43 68 4 41 78 8 25 13 19 23 27 82 69 59 45 32 93 94 44
49 73 92 4 72 86 57 91 85 41 75 54 48 55 90 52 99 93 92 3 59 83 71 44 53 79 9 30 21 12 72 70 52 51 22 65 11 70 38 3 54 32 19 14 74 52 45 90 89 97 50 8 80 1 71 33 87 72 11 16 78 60 42 82 60 46 42
53 47 40 34 75 55 85 40 49 44 92 72 91 24 77 9 49 38 68 92 74 44 68 35 48 59 91 33 93 68 62 23 40 57 3 20 75 42 21 3 48 6 24 52 33 49 58 22 29 82 34 81 55 80 86 44 65 36 46 44 54 6 43 97 63 62 17
44 84 9 64 99 1 56 52 9 14 74 68 65 12 9 1 24 13 51 52 56 68 98 53 20 33 65 32 17 17 100 28 64 21 74 70 73 55 6 28 2 6 9 3 1 27 97 90 45 59 45 92 16 19 47 60 8 74 37 82 95 58 57 33 73 90 95
71 68 54 52 60 67 55 60 99 90 93 8 9 81 82 14 71 55 44 36 66 65 34 15 10 66 39 35 83 14 4 55 31 10 3 71 7 18 27 37 23 77 94 52 53 72 85 46 89 97 95 34 61 54 12 53 69 23 7 20 52 60 18 41 85 19 1
21 51 100 26 11 53 2 7 87 4 65 48 93 82 60 51 91 15 48 21 40 54 18 2 11 62 66 4 71 38 72 76 12 26 76 2 54 95 60 39 56 28 17 63 72 58 14 88 72 25 23 51 32 92 54 29 23 58 90 74 96 98 37 53 66 17 8
21 69 30 36 54 83 14 23 31 65 24 23 42 62 66 66 36 50 14 99 19 90 36 32 89 64 77 37 79 25 63 36 54 94 73 41 16 3 2 88 35 53 29 72 77 56 44 2 24 76 21 74 96 91 16 34 17 55 54 89 34 8 26 41 54 96 46
8 82 10 84 23 67 53 53 72 90 65 73 66 37 32 17 91 49 22 66 73 72 85 83 32 27 54 84 43 51 11 3 60 72 71 75 77 64 43 84 92 65 55 95 31 81 100 42 53 60 95 9 75 16 98 14 63 57 17 70 69 56 72 69 50 60 6
9 77 41 1 42 24 52 1 68 12 36 62 75 89 39 38 22 68 20 6 40 69 56 64 68 87 18 9 40 14 92 52 36 25 26 74 86 51 61 31 37 30 92 1 62 82 26 91 2 56 64 21 21 27 12 47 86 75 71 55 48 47 35 91 65 22 24
2 13 78 99 53 1 17 87 96 85 73 20 51 62 45 45 52 20 41 82 66 79 46 90 38 61 6 53 56 19 86 50 96 19 68 99 91 46 8 4 61 33 62 81 20 9 58 34 5 3 2 45 69 61 27 63 91 50 34 7 63 48 5 100 30 40 46
88 85 42 80 36 75 26 72 33 91 30 17 15 57 40 59 10 88 30 80 23 4 56 32 48 77 14 38 46 79 80 20 90 59 82 84 86 14 91 15 61 69 32 55 49 13 36 19 48 35 3 9 45 7 92 91 92 76 71 58 5 79 78 61 89 49 42
13 6 22 26 32 76 8 44 43 43 79 67 83 23 42 52 63 21 90 3 64 16 58 21 5 8 38 48 61 66 43 54 30 88 7 61 47 18 78 50 30 49 25 81 34 63 86 32 58 48 15 40 55 23 65 92 98 60 24 36 38 60 78 33 12 73 77
33 15 92 65 50 3 96 22 89 89 57 25 57 57 5 68 90 63 13 59 94 93 47 42 23 65 7 36 53 70 44 73 78 45 93 3 31 23 91 69 81 15 52 4 21 25 16 75 44 40 83 14 26 24 100 58 32 9 72 87 68 93 98 65 40 69 45
43 34 57 54 72 75 74 60 48 41 69 82 23 27 36 84 56 3 60 24 73 53 55 46 45 23 9 5 26 62 46 37 16 56 18 82 62 96 15 90 31 57 74 14 100 3 48 36 92 98 84 9 55 76 86 81 76 13 85 19 93 62 88 47 72 75 86
50 71 40 80 5 75 21 95 4 58 72 75 52 78 35 13 50 1 35 4 94 94 24 34 4 32 86 36 86 42 91 20 78 63 38 1 69 51 12 61 52 49 69 30 35 86 22 10 91 9 24 69 28 61 54 3 66 49 59 86 91 2 26 16 98 38 56
1 7 82 92 76 75 25 99 56 57 68 58 77 53 9 15 34 51 92 97 85 91 6 68 89 96 84 18 48 19 88 100 93 2 2 43 51 64 2 7 51 10 28 24 54 67 96 14 7 32 11 59 11 79 41 11 58 92 96 29 93 96 45 75 49 2 66
34 71 20 28 3 3 23 50 93 58 9 29 95 87 30 62 37 18 68 49 82 92 36 98 37 6 30 33 25 28 79 6 52 63 25 51 67 94 79 70 50 13 3 6 4 63 33 4 10 54 48 93 15 84 42 35 75 13 27 81 29 82 6 6 43 92 73
52 21 93 59 4 74 82 14 82 87 50 93 47 84 38 50 71 80 82 92 93 62 14 81 11 73 56 46 98 97 97 68 9 83 95 5 17 28 70 54 17 97 53 87 79 77 31 19 46 49 61 90 81 4 18 56 16 7 14 92 98 100 95 25 67 47 49
23 55 91 88 45 67 89 100 22 6 98 100 74 42 32 81 3 88 59 9 98 85 56 47 95 34 50 74 72 3 39 2 9 84 68 57 21 88 53 42 67 81 75 54 15 55 75 32 95 52 72 6 97 72 44 36 7 87 35 93 13 59 56 16 21 14 79
69 61 100 15 23 16 76 56 76 86 77 28 91 54 91 43 10 21 35 67 52 68 83 97 24 64 45 65 15 85 75 100 91 58 59 8 76 95 11 40 55 44 96 73 97 69 43 56 88 16 57 56 60 87 67 94 45 22 100 72 48 81 41 91 31 42 17
64 61 88 87 17 54 56 4 3 3 50 58 14 53 40 57 49 44 27 32 44 69 27 95 15 87 19 6 67 70 31 58 55 89 9 86 25 46 35 58 5 64 8 2 11 24 61 21 16 47 16 52 77 91 29 4 71 91 73 45 30 32 49 35 84 69 100
78 57 75 35 44 45 86 44 93 89 94 93 32 30 69 47 85 14 9 22 98 20 49 10 81 66 44 30 62 97 29 33 73 92 92 26 15 17 33 24 62 45 95 30 6 71 72 99 69 94 27 17 45 78 68 91 20 48 79 25 20 72 88 70 5 100 26
56 92 58 94 39 21 63 34 39 23 86 1 20 30 11 94 31 49 64 85 7 17 71 12 23 94 26 58 37 21 31 40 79 57 72 49 78 34 14 60 5 31 92 99 51 67 43 62 27 42 68 56 42 44 17 96 29 59 43 40 26 12 59 79 1 96 99
33 24 13 88 60 18 42 46 92 59 35 23 26 13 24 80 96 76 17 48 23 60 30 46 94 47 28 74 54 70 24 15 75 17 18 27 99 85 68 34 36 8 72 71 54 77 95 97 77 50 8 53 92 76 17 61 67 14 24 57 90 40 56 35 90 65 25
60 76 19 53 17 8 54 25 91 56 84 20 51 64 67 66 72 76 47 63 82 100 98 12 39 15 53 74 8 55 69 94 39 72 50 74 26 12 86 30 74 81 9 61 9 9 24 25 97 22 91 11 74 56 100 48 38 32 56 89 54 70 20 98 32 2 49
5 63 3 51 67 34 20 72 79 77 91 79 98 40 87 35 35 5 24 14 72 92 18 42 13 97 22 11 27 26 59 100 51 26 1 90 36 33 35 42 39 61 11 86 86 100 30 52 10 47 48 99 40 94 92 82 58 29 91 24 86 66 75 64 57 24 80
42 49 92 66 26 31 74 92 61 99 94 88 93 40 7 99 36 93 20 11 92 32 45 51 73 64 12 21 16 57 33 1 3 71 79 26 80 17 96 55 47 34 30 36 54 97 94 33 39 13 2 42 100 11 78 27 98 95 12 46 72 57 97 23 69 76 85
99 5 19 10 4 79 4 32 27 7 85 25 3 83 37 55 58 47 3 64 74 1 1 2 37 97 28 99 56 93 61 56 80 12 63 38 2 28 100 44 85 73 41 13 17 68 86 53 6 48 48 75 34 44 17 70 87 30 69 24 68 26 35 54 2 25 72
2 6 51 97 29 41 47 31 81 38 95 58 50 39 100 18 51 71 54 22 23 68 23 18 61 56 12 20 64 40 77 65 95 27 38 89 40 100 38 56 20 23 19 70 91 21 41 86 72 78 52 86 54 19 8 74 100 68 24 94 54 43 15 32 81 1 41
