403
22 61
33 67 49 44 19 43 98 50 4 83 49 6 77 66 32 73 21 22 50 25 6 86 59 99 8 43 35 55 60 97 64 90 41 32 83 71 76 86 93 39 2 3 70 41 87 94 51 2 39 14 41 39 87 17 9 96 45 3 65 46 40
34 50 100 48 20 36 11 32 94 79 58 40 24 52 87 69 5 19 83 99 8 74 15 59 79 14 52 9 15 96 45 100 73 22 71 71 63 99 89 82 70 9 88 82 18 9 60 76 2 89 81 33 2 13 49 57 30 90 11 26 33
66 59 80 90 15 51 89 26 12 45 31 26 61 6 78 82 75 58 68 97 47 33 28 23 6 25 87 41 17 53 9 68 65 50 25 5 29 27 67 96 27 71 22 90 85 94 75 43 93 35 76 15 79 41 64 24 80 15 30 61 43
61 65 61 96 60 59 47 32 21 64 93 16 14 8 99 27 4 7 21 26 97 9 27 99 45 11 88 50 6 9 49 48 24 55 15 10 22 5 23 92 91 94 61 67 8 13 68 65 62 99 32 52 2 15 77 25 91 63 91 41 43
17 9 8 98 70 90 81 24 35 90 42 34 97 45 12 39 4 57 78 54 66 21 30 62 49 26 72 57 36 73 30 54 93 89 35 79 20 47 88 70 91 43 76 14 71 44 3 80 53 38 41 14 17 27 4 43 39 45 19 28 39
99 9 91 47 86 73 27 5 69 35 51 55 58 59 66 65 23 40 22 41 28 32 4 79 15 62 64 58 14 48 56 39 32 18 22 95 3 95 9 87 40 2 13 83 23 87 28 62 8 40 47 24 54 90 25 77 48 80 28 82 62
2 65 25 60 50 34 30 92 75 31 79 100 53 54 8 71 89 42 59 85 97 85 98 57 55 80 86 82 46 60 94 23 93 47 77 68 39 5 84 82 55 95 91 22 4 91 33 13 23 17 19 38 92 90 61 20 35 15 11 1 33
4 55 52 97 97 66 35 42 61 96 44 5 78 87 69 16 96 71 69 51 69 88 41 90 64 60 71 66 36 76 18 91 60 28 6 90 49 53 69 64 19 79 30 63 59 55 69 99 24 10 8 96 82 74 32 66 99 77 86 20 92
100 8 25 43 22 59 44 37 57 71 20 47 56 5 31 88 6 11 82 89 73 73 81 7 42 79 47 9 5 14 65 99 24 40 88 90 16 94 35 34 55 4 81 32 52 40 47 47 44 42 42 53 97 88 64 37 80 8 11 57 7
22 38 45 43 76 10 94 32 7 68 47 78 60 29 15 70 23 78 61 62 75 1 33 21 53 32 96 99 41 13 26 55 15 37 85 50 42 76 61 63 71 45 22 87 28 31 25 55 83 56 54 12 16 1 65 62 81 73 16 68 29
60 89 31 47 63 81 88 93 51 23 79 5 39 5 94 51 67 40 87 30 49 86 33 31 64 73 76 63 7 97 82 85 78 34 52 16 81 27 62 42 50 30 24 5 19 17 70 9 68 28 25 51 53 57 94 51 32 64 58 36 18
39 90 48 2 73 49 98 21 56 32 32 100 84 45 80 51 42 80 70 48 11 65 75 32 30 14 65 88 72 44 11 58 81 68 86 88 69 88 79 49 4 17 67 15 75 71 81 5 40 43 35 34 59 81 48 82 46 42 24 4 75
83 48 43 68 79 95 4 39 77 93 23 74 58 48 22 77 30 72 12 70 36 63 71 70 51 57 31 77 81 8 31 10 23 15 21 76 79 100 2 51 1 16 73 80 54 66 65 86 92 98 35 30 58 11 17 18 95 34 7 35 92
94 71 100 91 29 8 89 49 20 51 29 48 34 26 28 30 13 100 52 8 42 40 18 38 94 81 40 6 56 70 32 95 16 7 19 20 81 16 22 61 36 65 17 17 85 74 3 97 69 39 10 96 72 58 39 55 56 87 51 51 14
77 83 97 5 71 29 49 44 26 33 38 90 77 75 45 76 41 89 28 83 2 11 49 97 81 65 50 37 43 61 7 73 86 10 67 54 79 11 27 64 80 12 69 52 67 86 43 32 83 6 18 58 29 68 34 71 5 72 87 74 38
92 22 11 87 35 92 17 60 33 42 71 24 52 61 54 68 51 32 20 24 13 52 31 8 5 96 97 22 39 53 58 74 25 19 86 34 83 57 9 24 83 89 69 32 53 47 23 22 94 4 84 52 36 74 97 43 38 14 48 92 15
93 17 73 24 27 65 49 49 29 6 36 69 4 40 14 47 51 11 59 55 26 84 87 73 83 12 87 34 13 82 71 20 42 68 69 73 17 29 18 67 41 13 73 82 65 14 41 37 20 70 22 62 6 53 81 57 4 64 74 46 24
34 83 42 93 90 48 43 34 1 95 3 44 65 25 40 53 30 88 64 59 44 2 62 25 6 86 91 52 66 22 83 17 80 85 5 61 27 77 60 97 17 95 98 15 54 69 73 63 73 93 5 63 38 77 93 7 100 54 17 100 25
61 3 69 13 63 4 23 48 4 34 99 58 70 92 90 37 62 2 25 6 59 73 84 20 66 37 47 37 34 9 75 13 77 86 34 32 70 5 43 15 60 62 72 15 68 29 24 65 43 66 43 1 90 83 68 16 13 71 82 99 40
80 98 27 64 66 72 85 95 74 8 91 27 28 23 92 5 25 34 82 99 59 34 79 22 90 45 20 2 54 56 14 54 14 49 93 36 61 82 97 52 16 99 61 68 67 69 37 93 95 59 65 72 27 18 2 87 13 75 47 73 68
88 16 54 63 59 2 56 45 5 3 27 71 83 75 59 73 61 11 12 28 96 45 77 35 86 12 53 13 7 78 78 11 2 55 22 15 88 31 68 76 88 83 2 50 57 76 64 52 32 49 74 48 33 54 86 35 42 97 52 18 45
19 53 36 31 58 33 61 86 94 96 66 88 98 27 66 36 37 24 69 49 4 55 15 13 17 15 67 96 20 48 60 20 9 46 51 83 30 30 98 58 30 51 81 1 83 13 4 97 56 29 40 25 66 99 57 4 52 63 22 29 57
