139
34 49
65 57 19 49 47 99 95 56 30 56 60 100 15 22 49 38 59 5 75 62 75 59 30 88 72 49 86 65 25 8 98 8 82 60 83 30 25 5 63 80 39 91 96 19 70 71 100 88 48
62 35 13 62 38 23 99 42 35 58 90 78 88 57 30 90 65 64 60 55 59 14 20 25 63 82 100 94 23 46 97 52 75 31 51 33 10 18 95 29 67 69 77 8 74 17 64 96 67
98 17 53 19 83 33 19 68 84 38 84 46 49 44 83 99 49 14 60 46 23 16 16 88 80 66 56 3 57 92 81 20 54 3 51 38 82 72 90 63 29 51 24 79 76 15 20 19 33
93 34 27 58 94 57 63 82 13 81 86 69 60 93 100 87 61 100 87 36 19 74 28 70 34 49 3 44 53 49 38 57 23 5 73 52 33 6 19 59 86 65 76 26 50 20 44 21 86
41 71 16 92 47 98 22 63 85 41 80 75 56 89 23 58 35 11 80 97 89 37 91 73 74 29 75 72 50 44 36 92 66 41 34 74 16 34 29 34 6 54 52 87 66 59 26 33 77
78 63 18 35 89 19 74 93 80 44 72 6 79 45 2 55 83 83 12 99 87 63 24 77 45 44 70 71 57 27 100 70 81 32 97 75 6 78 9 30 34 69 92 85 26 20 28 4 61
34 56 42 98 25 23 46 91 53 32 34 87 77 59 8 37 63 28 12 73 1 42 9 38 71 43 19 80 91 58 100 44 67 49 66 35 42 72 17 11 14 50 57 40 56 58 65 69 8
72 49 69 78 57 78 49 74 97 76 30 24 68 80 44 79 39 95 85 2 95 9 62 11 62 42 1 8 61 43 42 36 94 28 95 63 51 100 26 84 30 92 88 74 46 69 44 36 34
20 28 26 97 67 12 9 9 26 41 70 16 24 28 90 52 27 10 72 2 28 74 55 46 42 89 57 96 44 37 93 46 7 37 57 100 19 96 11 64 89 93 73 20 12 38 90 72 58
63 47 8 34 68 46 17 4 57 22 7 72 54 39 83 50 72 71 6 13 31 69 30 39 44 78 47 33 24 5 12 75 30 26 79 10 25 66 79 24 13 8 45 68 4 52 85 54 20
1 1 85 36 48 42 27 75 39 94 97 16 46 30 29 38 9 9 100 37 65 36 87 97 84 63 67 31 11 92 91 22 46 19 87 72 55 38 71 53 6 38 34 11 1 49 11 43 90
73 35 35 9 24 44 4 80 30 30 58 48 13 69 46 62 79 94 10 6 53 93 7 91 1 94 20 6 89 14 26 91 30 32 92 38 8 21 27 90 60 65 45 36 14 31 15 38 45
35 23 2 51 50 21 32 25 14 56 6 37 34 87 63 86 63 19 70 22 76 10 66 19 36 30 58 68 27 77 21 32 22 31 49 99 38 34 63 32 49 10 61 15 71 53 19 64 52
5 39 32 7 24 54 54 59 86 46 44 75 37 19 38 91 21 70 95 20 15 47 28 45 76 69 42 60 9 62 36 7 77 21 100 44 61 100 60 1 100 73 76 60 59 36 74 94 94
26 70 98 83 9 68 60 94 48 66 42 63 64 22 28 36 66 92 23 74 7 19 55 93 26 98 41 62 73 4 70 85 31 21 42 87 64 19 47 74 85 72 58 78 85 58 62 90 44
34 18 39 76 22 61 32 1 76 80 23 21 4 48 43 36 6 57 31 28 3 74 33 20 74 86 78 86 96 46 90 63 88 35 87 98 13 15 87 43 76 3 9 5 66 72 51 41 54
91 42 74 19 61 65 66 89 42 9 50 4 4 92 77 81 88 75 29 52 33 6 3 93 48 13 40 67 42 6 91 25 19 4 73 83 19 2 50 93 44 8 26 31 44 94 20 73 91
18 53 11 14 74 81 59 49 83 2 97 78 8 41 12 27 62 21 63 42 52 77 3 46 69 89 43 29 65 71 51 29 85 83 50 83 87 86 34 78 26 67 29 51 96 60 1 1 48
78 71 44 62 93 61 74 44 75 53 41 20 19 77 21 40 58 5 13 76 41 46 13 38 68 20 55 22 22 53 30 85 97 39 94 20 28 76 54 77 16 26 82 9 31 38 61 66 79
32 97 54 10 87 65 40 68 4 32 7 21 89 6 22 61 80 12 55 86 61 51 31 73 72 73 92 19 54 75 7 41 35 86 32 37 85 85 12 55 39 83 83 57 28 25 30 46 20
5 3 17 55 32 30 1 21 90 70 39 82 92 32 36 67 11 71 15 28 22 53 18 23 91 85 8 25 86 38 57 36 35 7 83 97 35 23 80 15 60 19 64 72 48 97 48 94 59
31 7 8 100 92 36 10 30 26 100 98 23 66 61 57 48 20 91 97 30 14 22 80 65 18 69 77 79 17 94 1 39 19 61 13 10 45 49 67 54 26 36 66 42 89 19 21 45 29
58 90 98 98 100 59 39 23 15 13 56 97 13 89 43 11 66 64 82 51 62 41 76 40 61 77 84 43 85 54 78 3 79 48 15 28 82 40 35 100 36 65 93 1 9 5 51 61 57
15 10 42 37 98 92 4 70 15 61 86 13 94 55 45 62 75 33 47 62 62 29 14 50 11 32 79 15 12 63 94 15 52 99 7 37 53 54 59 63 27 52 99 46 31 99 4 60 71
3 88 30 83 13 48 13 37 90 14 54 24 98 45 62 93 17 26 47 34 66 85 56 96 43 57 25 36 28 100 35 4 83 78 37 38 66 16 63 85 55 36 50 4 61 19 36 20 40
34 49 53 15 37 10 31 20 53 85 29 36 60 98 74 95 30 64 79 58 78 82 37 78 6 83 59 12 67 84 51 44 92 54 70 47 12 96 77 8 10 90 9 44 53 66 13 4 84
17 11 71 67 66 35 89 39 66 55 63 43 99 68 8 51 35 29 88 77 63 14 99 6 97 30 23 54 5 53 6 3 35 48 82 91 49 57 46 8 70 95 14 75 84 82 85 20 22
23 58 13 69 50 24 41 25 91 67 80 90 23 4 40 11 91 47 61 17 78 82 44 96 7 80 68 19 9 59 31 13 22 91 68 25 94 17 77 90 40 18 86 77 53 4 74 7 56
13 34 97 6 33 36 71 31 2 66 1 92 86 7 96 19 42 1 76 52 44 95 32 77 10 5 31 36 44 38 42 40 45 37 62 81 67 59 19 88 37 52 65 9 62 60 22 87 54
44 20 97 14 69 24 15 93 9 95 1 37 59 64 89 96 7 31 43 27 18 56 48 62 19 95 71 78 96 71 44 56 71 96 70 3 31 97 48 3 9 25 38 31 86 18 33 4 20
96 96 90 73 31 100 76 66 19 19 71 76 15 96 28 59 56 74 55 1 43 89 34 57 54 41 41 59 7 14 94 59 1 76 5 39 83 80 62 66 42 27 73 19 58 93 6 99 28
76 53 26 19 98 28 14 61 33 89 9 63 30 9 16 63 55 18 25 80 73 23 67 15 68 24 66 29 5 77 85 21 50 15 74 8 52 83 48 2 1 97 56 83 19 15 56 45 34
85 62 55 45 84 88 35 14 32 20 88 47 83 49 55 27 95 74 86 73 81 99 78 71 26 50 86 75 30 51 55 11 96 39 99 46 21 57 4 5 77 3 85 86 18 4 24 75 54
10 94 71 59 49 99 94 40 20 92 37 23 48 14 55 9 3 64 74 98 80 12 10 70 63 70 4 95 65 74 58 15 21 31 69 40 89 28 58 3 65 77 29 86 32 85 31 89 55
