62
22 29
14 67 8 73 18 92 80 41 22 24 30 40 71 16 63 89 73 30 1 27 76 46 52 91 60 51 28 42 61
74 28 76 29 12 62 100 90 43 24 10 21 95 97 11 47 69 40 16 30 12 40 82 75 70 29 60 61 68
33 33 62 26 66 56 88 97 19 53 55 19 34 14 37 40 58 46 87 61 77 76 30 45 7 7 8 87 71
49 91 35 68 30 98 8 48 98 63 34 66 13 41 3 58 77 92 59 78 45 45 20 45 10 2 71 38 83
45 28 34 45 48 28 66 22 93 53 37 61 71 90 21 99 37 80 27 52 20 68 92 57 75 77 73 24 90
48 78 73 32 99 35 96 71 39 35 79 31 93 94 61 82 87 84 79 33 6 70 86 39 38 13 5 28 70
81 84 87 26 43 49 4 70 10 15 55 19 90 12 65 100 98 15 78 63 92 65 18 4 71 51 84 95 60
57 23 69 44 18 67 3 24 96 1 54 22 73 74 34 88 13 77 45 90 62 93 47 25 82 80 4 1 88
35 49 58 62 42 15 30 48 56 32 54 77 94 31 56 38 51 70 56 55 52 6 97 74 41 18 98 97 40
4 60 24 91 97 7 11 36 20 100 92 25 88 73 64 85 81 23 70 26 36 31 81 71 61 8 48 20 42
8 90 16 37 69 87 34 91 82 8 85 31 66 30 61 29 92 45 77 59 56 62 55 91 60 87 80 27 67
43 44 5 18 18 26 75 76 29 59 98 95 33 37 34 36 100 6 1 31 49 70 87 78 29 6 85 92 42
29 56 73 15 40 13 5 52 88 58 80 3 78 44 4 15 36 47 4 72 43 37 87 51 32 55 74 88 35
80 87 61 92 35 55 13 20 92 16 72 84 98 46 16 51 71 70 89 62 27 61 41 8 21 28 72 60 28
16 10 74 65 76 4 19 26 92 80 44 87 40 3 29 38 89 41 55 8 96 40 92 70 49 100 84 61 61
43 52 2 31 31 75 44 67 12 49 55 25 88 51 29 73 84 2 99 18 45 48 7 92 26 68 3 4 68
41 81 71 72 5 80 76 83 38 13 42 100 58 55 85 37 3 72 18 27 53 65 65 88 3 68 42 89 99
96 51 25 58 92 82 79 16 100 26 91 11 16 18 28 22 26 93 56 40 86 51 61 57 92 21 26 12 46
39 45 26 15 42 47 4 91 88 1 11 36 50 42 59 16 62 68 81 72 60 68 48 96 94 56 26 8 30
12 80 18 15 20 87 1 48 39 53 66 64 77 83 33 7 84 28 2 40 41 7 68 23 58 32 78 100 63
36 40 33 57 61 13 41 24 56 30 34 32 38 17 20 31 61 3 14 94 16 10 96 74 72 59 74 4 80
100 72 75 31 89 22 1 25 76 66 41 35 14 24 19 3 72 45 64 100 65 43 43 29 100 47 8 12 58
