487
11 72
47 46 61 97 75 7 24 64 45 34 78 66 42 52 75 89 42 25 63 77 62 83 44 40 84 46 92 35 88 54 19 75 44 8 62 17 52 8 58 94 84 90 55 26 31 72 20 61 14 24 70 22 24 79 23 43 43 32 44 73 14 13 74 30 32 11 42 65 49 32 43 93
76 90 69 16 17 69 54 92 44 41 88 47 49 9 85 4 45 31 21 86 66 17 46 76 74 87 56 29 97 79 48 53 60 41 15 4 52 47 98 91 36 51 76 60 70 74 22 97 24 45 38 49 42 54 32 54 82 26 5 73 92 48 60 34 87 8 29 39 88 9 24 57
78 88 71 82 82 74 55 65 55 96 56 13 44 48 83 27 52 98 24 42 30 76 92 21 63 40 92 12 41 100 31 55 38 98 12 80 80 84 24 1 66 94 3 13 70 90 12 23 60 33 62 55 40 71 83 26 39 71 20 92 60 64 75 40 36 86 53 62 26 10 96 3
1 99 54 86 54 14 18 30 66 41 70 81 80 9 26 91 51 57 72 26 59 49 1 100 40 40 47 85 79 66 60 58 52 29 85 90 91 18 26 65 15 55 9 95 79 38 41 18 79 40 49 10 51 6 81 15 30 72 92 80 98 65 63 51 27 51 85 88 77 71 88 7
93 62 14 85 61 5 3 38 91 82 91 44 16 93 10 62 43 42 60 59 9 59 10 25 82 52 82 25 8 81 7 61 9 100 59 19 51 99 45 12 67 64 44 81 31 64 37 8 21 65 62 78 35 4 28 88 89 9 75 88 11 55 79 93 52 95 25 10 3 77 90 58
39 54 31 12 74 48 6 21 30 78 51 6 64 87 38 40 4 14 73 41 81 43 29 69 24 92 70 13 75 60 87 58 84 40 14 77 87 77 83 26 16 1 87 54 52 5 84 78 63 51 59 33 75 23 33 45 15 55 58 96 85 47 39 92 32 62 62 93 77 83 91 78
73 78 37 79 51 55 29 25 87 83 90 82 50 16 26 71 59 4 24 8 23 37 11 95 24 79 18 55 19 37 44 25 43 69 41 83 50 3 34 1 42 67 62 58 30 10 1 29 74 42 81 35 72 29 55 67 89 9 67 67 87 12 47 48 88 21 49 13 99 85 46 87
45 76 46 5 71 97 42 26 27 27 81 84 52 64 14 36 33 14 32 81 84 52 63 50 47 36 82 94 47 11 70 90 97 36 86 82 94 4 56 35 33 37 15 32 42 50 88 59 82 50 14 62 14 37 9 31 43 100 71 28 79 19 69 14 12 59 3 21 17 97 39 83
58 69 51 41 96 63 2 19 74 23 16 81 81 15 64 88 18 21 17 30 77 26 64 24 88 15 57 2 29 42 16 98 49 39 30 78 93 18 40 96 31 92 55 27 53 6 93 43 59 61 67 92 86 12 99 79 72 86 79 86 47 12 31 1 34 18 32 60 13 1 73 94
24 4 15 59 98 33 55 83 70 31 71 19 23 97 41 67 24 82 10 72 21 78 55 38 93 64 80 46 36 30 66 86 40 56 91 89 16 21 99 17 3 98 21 58 31 37 83 37 55 25 34 44 1 54 81 92 86 19 35 40 75 62 71 32 13 36 52 1 71 98 97 23
94 15 50 5 53 55 72 100 27 27 38 90 34 18 60 28 89 44 100 58 4 93 99 90 62 48 73 96 95 96 12 36 60 22 98 96 35 48 17 28 15 90 82 19 68 88 1 52 62 91 20 29 68 51 86 14 87 83 39 13 52 51 97 52 35 79 80 48 52 48 13 53
