922
61 64
19 32 14 85 16 86 87 49 62 100 72 66 27 62 57 14 58 61 86 87 84 34 100 35 81 79 22 71 97 19 78 30 50 98 57 65 25 41 90 92 70 47 25 75 21 40 15 42 50 61 51 90 45 40 13 81 98 81 26 80 27 45 91 31
4 65 27 68 34 71 1 56 83 85 83 98 73 27 56 53 25 90 57 29 70 44 86 64 30 61 69 19 63 78 19 2 42 38 69 24 24 35 62 76 82 30 56 99 91 57 68 11 8 100 70 23 55 14 44 8 66 1 65 27 86 12 13 77
83 16 44 11 75 73 44 26 39 27 39 57 25 12 35 56 14 72 76 13 5 94 11 69 61 40 52 30 80 47 27 94 40 28 90 62 14 38 19 16 49 47 3 74 96 16 42 92 48 81 5 91 68 77 39 43 85 51 45 2 4 97 8 62
45 28 1 65 6 25 59 59 97 90 74 4 67 72 71 62 73 63 75 73 59 30 17 61 38 29 40 76 58 88 40 57 57 34 47 60 23 74 31 70 62 21 23 19 7 60 3 47 10 83 80 22 39 65 63 56 74 2 85 68 15 23 39 62
57 93 18 70 44 37 73 3 41 26 74 49 63 72 55 95 3 100 70 60 75 75 63 68 6 23 76 81 59 51 49 27 84 10 53 12 57 79 52 80 30 60 95 5 85 81 37 26 51 2 72 57 8 95 31 37 4 6 93 41 9 30 50 6
71 88 36 83 23 7 1 94 72 100 74 22 97 1 31 27 14 73 30 74 85 5 53 38 96 66 28 22 62 67 22 56 2 23 2 69 10 42 18 73 43 88 11 17 68 27 12 92 10 22 3 23 95 66 8 21 98 36 57 53 53 75 41 37
56 40 37 74 29 14 100 81 4 27 58 66 2 28 24 15 76 88 69 68 70 13 12 100 84 86 8 86 27 84 84 12 69 89 8 24 93 34 79 22 11 13 16 93 14 22 74 61 43 4 51 28 9 62 76 28 57 43 85 20 36 65 57 15
98 57 63 97 30 55 84 31 7 7 63 77 93 4 8 66 1 1 21 8 24 5 46 97 71 31 81 81 35 2 69 48 95 81 66 26 99 43 9 17 61 28 100 52 66 47 29 98 58 31 72 32 69 83 33 98 39 99 98 75 92 56 61 84
67 67 98 27 8 41 80 92 96 57 40 100 2 34 77 100 19 82 70 80 65 11 13 61 32 94 94 99 13 2 3 99 43 46 21 4 2 73 23 36 65 72 77 62 13 61 24 50 44 99 72 80 47 82 62 84 46 56 3 33 43 56 33 37
46 46 80 17 1 4 32 33 72 43 57 30 46 68 74 26 48 89 14 84 21 71 88 4 99 54 79 13 5 15 22 49 89 88 36 73 64 12 93 70 16 70 38 80 61 8 96 13 40 88 13 95 67 58 96 57 33 19 88 59 92 54 37 53
40 55 63 38 92 56 100 37 86 79 66 43 23 44 24 98 51 61 3 70 38 75 92 87 16 7 48 46 7 57 48 3 94 91 54 62 92 33 40 60 57 96 96 4 4 17 27 71 70 31 34 53 66 27 81 37 5 7 26 35 92 88 86 56
99 69 18 13 81 25 65 68 2 100 68 35 15 45 70 90 76 86 36 40 50 1 100 57 48 98 2 74 63 92 19 76 1 56 42 17 14 23 63 96 12 8 73 92 13 62 51 20 6 7 59 14 67 57 83 97 16 24 40 95 14 52 43 26
61 48 65 49 88 28 86 46 72 23 49 51 58 44 35 25 88 37 98 45 100 40 68 10 5 21 20 85 70 69 22 40 38 70 41 36 7 19 50 56 89 81 83 43 48 9 87 9 73 80 64 55 42 33 85 87 69 90 70 86 41 18 20 88
77 37 41 31 14 24 7 36 96 10 11 86 30 23 66 76 69 37 87 53 88 68 4 90 17 90 66 56 39 87 97 11 49 65 49 66 62 43 37 96 49 71 86 14 50 66 67 1 9 99 42 67 79 54 20 81 20 10 36 8 48 8 81 53
16 27 33 33 10 93 56 20 59 47 6 16 33 88 84 66 17 22 53 81 27 78 64 61 100 33 88 74 30 26 33 93 94 93 77 3 23 33 45 26 31 55 56 4 74 59 44 81 73 58 64 94 51 4 66 66 73 71 46 42 52 64 75 49
29 62 13 42 76 67 46 100 92 33 100 5 14 22 35 98 79 84 63 63 79 77 89 68 12 28 51 83 56 86 32 71 18 91 21 96 82 44 40 36 95 55 55 69 64 2 17 75 34 7 90 28 81 83 93 79 49 73 89 54 91 41 61 84
19 2 65 98 64 91 36 92 47 85 15 30 41 30 10 67 88 28 33 17 94 57 70 42 3 69 34 4 12 48 84 80 48 42 93 72 84 80 44 100 49 13 94 77 40 54 70 1 86 9 29 78 5 76 12 7 19 40 4 63 84 79 55 87
41 23 29 89 75 28 6 62 57 65 50 86 62 30 17 74 59 9 96 79 68 62 79 60 32 71 69 79 10 11 61 4 61 82 22 79 51 30 93 81 86 89 97 48 47 27 71 22 31 45 3 71 79 82 91 22 71 41 47 62 67 3 53 69
60 18 26 20 28 90 80 28 72 27 25 49 10 24 16 13 88 99 35 63 79 48 41 84 15 26 4 66 10 23 17 48 51 27 19 13 97 97 73 16 12 53 76 87 40 13 5 86 64 46 22 15 44 53 79 44 41 62 91 36 96 52 68 54
98 98 91 46 23 10 7 89 58 2 41 83 100 31 84 87 91 22 82 7 61 28 94 96 13 14 4 4 25 49 90 62 28 14 48 23 14 69 86 31 21 67 24 45 95 93 70 26 54 92 78 70 55 21 7 9 86 42 91 18 72 82 31 54
22 87 12 71 13 62 46 61 34 39 49 33 32 56 12 20 32 82 89 26 25 57 32 55 4 32 48 18 49 35 3 48 87 94 21 71 76 86 19 68 89 2 52 58 100 58 21 21 26 47 77 45 48 39 23 74 9 66 87 23 82 1 86 98
52 66 94 20 64 80 73 45 33 5 53 58 23 49 8 84 28 68 53 56 3 79 27 10 54 23 68 46 28 51 92 26 4 67 99 4 45 1 40 86 38 18 52 15 32 88 87 3 53 91 45 67 47 38 59 74 30 39 35 83 62 66 65 92
88 90 88 95 94 44 53 23 70 47 69 70 35 80 33 36 42 55 93 14 76 19 1 19 75 15 12 82 58 8 14 62 8 53 29 19 96 85 38 58 46 88 68 82 14 76 89 52 90 57 89 44 25 70 32 65 21 46 39 47 68 15 81 35
19 39 34 86 39 80 60 29 80 68 34 65 54 68 29 83 22 96 73 66 38 20 96 100 93 89 9 65 49 7 39 78 42 53 71 29 21 94 80 78 4 71 61 49 86 33 60 1 46 24 33 36 69 35 5 84 71 26 92 14 1 74 29 32
80 37 84 64 49 70 24 15 46 81 30 88 44 49 54 13 33 29 9 66 39 38 35 44 58 71 9 20 95 26 89 41 66 86 5 31 33 64 86 53 21 75 6 52 40 19 83 64 75 56 21 20 51 18 62 49 83 32 97 100 48 15 57 81
87 28 10 86 26 77 56 43 69 88 64 65 55 44 51 66 58 80 38 14 43 85 26 67 97 43 75 54 11 67 4 35 24 84 28 72 55 52 60 7 55 88 31 73 17 46 95 71 19 1 10 19 27 86 67 2 45 34 10 69 45 60 61 56
12 5 65 23 53 13 85 67 99 4 17 43 53 20 13 99 25 52 39 60 60 17 57 62 90 97 88 54 21 46 2 33 44 35 83 17 63 60 19 16 80 54 13 54 39 74 42 6 65 56 7 45 70 87 69 26 93 18 72 38 48 19 22 20
72 79 20 94 34 42 85 86 35 61 58 47 21 29 15 51 86 1 80 6 92 79 37 44 2 79 46 99 74 57 57 81 71 72 66 76 85 47 1 73 23 98 10 46 17 48 62 63 22 68 36 22 35 89 67 30 52 23 37 5 58 79 3 14
38 10 28 74 17 9 86 48 29 75 72 58 55 75 17 10 69 100 9 35 82 94 57 73 7 19 95 10 97 50 24 53 96 82 57 15 98 46 92 17 92 59 100 17 72 63 38 60 12 1 42 95 26 45 9 97 89 34 79 52 62 80 48 67
94 39 27 84 39 45 67 22 13 47 30 37 7 11 59 85 91 4 95 15 30 38 21 29 39 28 2 61 66 92 39 65 100 29 53 81 93 46 28 8 80 62 78 55 14 95 38 60 41 36 11 23 99 86 27 67 60 21 54 47 96 15 57 88
77 60 3 62 51 30 21 91 4 92 81 27 10 4 69 30 51 53 52 99 81 72 22 9 10 66 12 11 45 63 27 19 41 1 29 2 46 88 95 86 26 81 53 97 97 5 11 43 100 3 89 46 95 96 70 92 37 74 100 36 48 23 75 72
69 51 95 31 53 25 27 19 37 42 27 25 79 42 56 19 61 67 14 85 33 3 67 56 14 81 91 32 46 27 90 69 97 67 49 27 85 23 95 12 58 42 83 94 99 71 92 10 94 84 100 92 33 44 37 44 73 92 7 53 55 92 97 96
44 4 55 95 29 44 44 26 28 81 54 73 78 93 11 7 54 55 33 59 100 55 44 2 33 2 53 48 30 69 50 14 27 10 25 19 51 92 83 25 48 52 82 18 76 87 65 72 81 42 50 70 53 12 76 12 39 99 14 13 68 62 39 18
17 61 88 42 84 49 19 76 10 42 97 69 92 78 10 35 44 3 3 57 46 72 61 91 94 72 28 100 8 52 15 42 11 98 54 58 38 13 59 17 25 35 74 54 34 65 98 29 99 58 97 39 43 2 19 63 23 64 45 80 27 94 29 84
61 84 80 45 65 55 77 54 33 8 40 88 20 64 13 58 29 53 46 93 49 46 42 20 77 19 64 79 9 24 35 53 42 15 79 72 56 60 44 64 96 32 69 73 67 31 8 61 7 62 84 43 44 29 83 21 29 74 37 39 49 22 48 21
90 48 37 59 76 91 32 59 31 43 20 95 41 71 29 15 93 25 25 69 43 86 60 67 79 92 59 25 11 49 84 68 31 66 96 78 65 20 9 23 85 1 29 27 46 63 94 1 42 36 35 6 75 62 62 91 14 33 80 21 4 8 59 6
10 81 79 88 34 36 43 75 56 63 20 96 26 35 49 33 98 57 93 72 39 83 74 94 79 49 27 30 44 12 85 86 70 66 53 70 71 97 70 37 68 16 97 52 64 56 76 95 62 44 58 5 76 51 11 55 45 93 80 42 82 56 74 97
5 92 40 57 5 18 22 35 38 5 44 57 20 9 17 45 94 75 44 66 1 13 88 49 73 4 99 99 83 76 6 95 71 51 43 31 72 48 99 30 38 37 97 68 27 86 86 41 73 64 78 99 3 62 23 23 78 59 61 66 82 56 57 8
77 39 78 100 11 53 97 22 31 80 8 21 25 28 26 13 76 82 100 4 78 69 95 26 5 53 24 91 92 89 72 64 95 73 45 22 7 8 80 10 69 34 9 12 61 81 77 55 66 30 2 32 29 14 84 46 85 50 61 9 61 82 57 62
80 68 28 75 83 69 45 36 98 24 48 16 56 44 14 72 96 34 24 20 32 58 33 71 7 6 96 78 16 51 85 76 84 33 55 56 4 33 18 70 19 69 58 3 37 86 47 67 45 53 22 60 73 40 56 29 87 38 2 4 53 25 33 40
49 71 10 53 74 79 29 93 59 85 17 55 77 61 79 82 83 4 100 64 77 8 60 47 92 25 65 52 81 75 3 67 68 14 54 66 72 95 32 17 32 81 55 45 16 96 82 59 35 33 47 96 43 22 89 59 87 75 91 34 80 89 1 100
68 90 97 23 51 14 57 93 78 96 82 65 73 32 61 79 19 47 29 40 77 91 52 67 87 57 62 54 70 28 62 89 23 20 100 31 38 47 59 43 30 94 60 91 36 19 50 94 75 82 99 31 27 30 51 8 73 66 16 64 77 67 89 20
73 87 40 56 66 18 93 21 8 40 96 22 74 24 50 56 2 3 26 62 46 36 27 57 40 62 68 39 40 58 16 78 43 35 7 80 10 28 49 56 91 85 49 43 91 52 65 20 89 33 56 41 30 47 52 28 49 30 18 8 65 98 78 59
85 5 11 7 19 55 14 76 48 49 93 90 98 57 60 16 47 92 23 100 14 49 31 99 80 52 13 51 4 62 7 87 6 28 38 27 16 58 40 81 6 9 83 87 52 38 97 38 81 97 74 18 75 6 62 91 4 39 51 100 46 70 99 62
71 68 30 83 30 38 47 75 82 39 91 46 44 35 46 51 19 23 4 69 28 24 51 88 86 24 11 11 91 22 86 83 71 50 6 70 65 77 51 61 84 42 5 62 43 37 97 59 44 74 27 7 66 57 28 18 9 77 89 55 42 59 96 55
51 89 1 37 32 98 4 16 43 11 93 53 93 43 84 65 33 83 70 73 52 69 27 4 86 89 61 93 80 4 93 18 82 1 37 20 16 6 86 52 15 40 75 53 9 61 65 15 17 76 9 31 59 2 15 12 84 17 56 5 88 22 1 16
93 58 45 75 76 79 45 17 13 48 83 19 80 15 2 83 53 44 36 29 99 10 51 8 28 75 12 23 63 23 49 29 68 33 77 9 45 47 62 30 9 79 70 95 69 38 18 54 88 68 59 34 27 24 37 61 33 77 54 99 73 29 27 72
50 21 33 52 30 46 83 45 62 46 98 8 17 74 41 44 27 62 34 3 67 21 64 79 40 95 90 72 89 44 93 66 72 83 57 18 80 90 18 20 57 84 16 76 67 77 91 41 65 97 69 76 57 24 28 37 13 95 9 36 64 74 69 100
25 38 49 40 14 9 77 16 37 58 21 65 40 85 60 36 87 9 16 81 70 29 21 81 71 75 13 1 85 13 13 31 22 34 22 42 61 75 38 97 3 94 91 32 27 9 68 90 37 95 79 66 89 16 3 93 59 59 24 32 48 29 75 26
34 15 2 95 93 34 7 63 75 14 88 17 29 37 35 100 14 10 47 31 4 42 30 58 80 97 44 80 27 32 45 80 26 54 66 61 85 52 58 85 36 2 54 15 22 74 81 100 11 7 50 95 79 6 27 100 59 71 91 51 64 16 41 28
49 82 75 54 54 1 66 36 91 100 51 76 85 31 59 58 7 100 9 67 83 53 48 75 48 89 32 35 79 48 13 75 49 95 35 39 91 63 66 60 67 14 50 98 43 69 83 16 43 99 89 7 64 73 14 78 85 53 82 77 97 9 80 65
55 14 40 72 29 36 64 37 85 79 11 2 23 54 38 84 14 72 5 95 5 36 14 75 37 61 39 73 18 58 90 74 97 58 92 25 8 27 63 47 20 56 37 64 98 36 41 39 73 17 52 62 67 54 98 32 58 72 18 75 17 99 23 50
87 39 17 89 39 21 99 46 73 36 86 8 43 75 2 33 32 28 80 62 49 17 20 54 61 43 15 19 6 13 27 76 100 30 82 46 10 49 4 21 3 35 93 17 11 73 71 50 58 92 16 1 60 31 94 49 81 53 74 60 11 58 82 73
65 66 43 26 82 19 46 65 91 1 46 89 26 12 58 78 44 26 71 72 47 40 38 92 15 46 55 11 89 8 64 33 2 43 67 50 91 51 90 6 9 75 46 10 23 88 9 44 5 5 71 19 99 38 66 32 10 94 70 32 15 79 54 48
90 53 72 21 12 10 34 44 20 92 75 21 38 35 99 9 13 37 59 74 12 95 60 86 11 66 76 7 95 62 58 82 29 49 93 33 94 71 7 79 13 85 2 13 57 7 4 6 34 87 59 56 21 58 31 72 50 53 47 72 49 65 85 34
80 78 10 96 28 54 5 14 95 76 75 100 97 63 99 32 22 17 11 2 6 24 59 46 14 47 40 82 2 4 44 73 59 85 55 43 11 96 25 94 39 87 59 12 89 12 58 30 21 18 72 72 17 28 20 2 19 33 28 47 18 8 73 7
73 37 9 90 83 36 57 95 100 34 32 71 67 1 52 71 100 39 44 42 11 86 58 3 34 54 29 61 4 16 78 76 19 66 66 9 87 30 63 97 63 59 92 79 75 26 21 66 55 62 16 44 91 94 81 80 23 19 17 5 41 80 29 28
20 68 71 92 44 47 33 84 68 32 13 28 30 63 34 64 65 26 56 62 59 25 65 2 69 62 74 15 48 97 32 11 53 96 53 14 13 30 25 11 78 89 93 64 56 29 61 45 75 99 17 31 31 94 14 41 17 81 38 10 54 6 86 8
90 1 86 73 62 3 94 100 13 88 70 50 20 55 3 33 48 14 97 76 28 98 69 4 99 35 56 67 26 95 26 44 90 59 63 51 33 99 96 45 22 19 6 37 90 50 28 15 5 62 82 41 78 75 100 73 38 9 95 47 77 92 54 7
70 11 57 21 40 33 19 75 73 33 40 98 84 64 69 53 61 95 2 22 16 79 44 58 50 18 5 96 87 74 33 61 5 24 59 2 39 93 46 89 25 75 60 53 51 63 56 41 85 62 71 2 19 74 38 12 40 70 81 46 47 28 31 1
59 58 4 8 27 15 99 57 63 84 38 81 90 23 23 12 5 74 52 83 70 30 48 91 72 6 3 55 90 51 76 65 26 74 50 65 8 48 62 53 95 96 30 80 31 30 96 70 4 99 24 55 94 37 76 83 29 20 99 25 19 54 64 19
