198
85 86
92 18 78 69 7 68 4 72 4 35 78 75 2 62 21 15 94 6 71 89 83 21 85 7 2 76 83 31 13 99 10 94 79 40 19 91 37 13 17 44 40 90 47 47 58 22 87 45 81 1 57 92 22 42 36 47 34 65 10 94 43 16 19 77 48 6 44 89 86 20 64 69 22 35 18 71 91 58 4 75 18 24 15 35 34 56
68 88 53 57 7 31 84 24 70 8 2 56 84 59 25 68 59 24 20 27 75 21 24 76 67 8 91 43 37 3 29 60 17 50 87 86 2 24 54 99 96 18 10 50 25 6 66 37 23 8 93 40 53 81 65 53 10 2 83 6 34 51 27 16 54 47 65 33 6 26 48 49 33 60 31 60 5 74 5 7 12 42 97 31 10 76
30 30 35 6 67 45 71 12 94 53 20 76 38 63 85 68 3 14 17 81 57 42 81 46 47 86 53 10 53 5 52 6 16 45 47 63 49 40 32 21 40 64 27 100 22 22 25 16 6 34 55 82 4 100 65 83 39 86 40 79 36 84 8 10 94 72 58 34 60 87 57 59 89 7 55 33 26 40 63 14 17 13 60 23 21 22
21 80 46 15 7 46 90 70 62 1 16 13 12 10 92 31 34 46 39 8 56 15 89 27 91 47 76 87 77 55 11 45 32 14 3 13 55 62 48 49 46 34 79 74 24 69 70 30 74 41 68 58 13 11 43 77 88 39 4 28 23 19 14 51 36 65 30 88 56 4 41 91 47 70 90 22 80 79 41 29 74 45 68 13 20 9
17 64 84 53 96 68 21 78 91 10 23 84 87 12 86 3 93 42 11 76 1 92 34 69 49 53 86 65 37 92 3 20 30 50 29 97 28 11 58 89 69 36 70 35 83 90 88 20 25 72 60 29 76 50 11 91 3 40 78 50 57 53 23 81 70 38 96 17 85 54 93 31 32 95 41 87 1 24 11 35 52 60 11 81 92 63
6 16 34 84 74 24 83 47 47 51 46 20 41 67 98 63 23 41 65 33 83 84 5 83 40 19 14 38 96 87 100 95 17 45 38 20 50 82 20 26 45 83 65 32 8 71 12 36 16 79 75 16 34 73 36 4 60 1 51 18 70 12 33 42 42 33 40 3 1 28 11 6 55 49 63 30 60 2 77 67 4 32 34 87 16 47
13 86 98 68 60 28 39 59 34 36 23 61 91 3 44 7 84 7 54 80 68 82 47 31 95 22 63 5 7 6 38 38 68 60 81 97 36 12 97 45 23 1 30 32 3 39 47 3 75 41 54 100 73 40 71 11 41 60 64 33 89 84 96 49 10 60 36 23 68 30 21 85 100 2 7 75 52 11 98 43 65 25 35 90 29 72
57 30 4 72 56 73 68 15 5 60 90 17 32 3 38 90 47 76 42 29 68 74 75 3 8 92 13 37 49 18 85 94 13 19 51 88 51 36 60 38 99 60 76 91 5 88 24 17 91 49 40 75 64 72 35 15 3 25 91 90 51 79 47 71 66 83 58 63 69 63 78 9 100 73 76 45 95 15 34 17 60 49 58 97 78 70
25 59 65 55 80 97 66 58 21 85 1 33 18 89 30 13 29 37 17 2 47 41 78 84 99 79 47 24 9 49 35 23 64 67 95 38 75 100 22 98 71 97 87 90 61 54 26 75 14 72 10 56 20 70 33 14 51 40 96 29 84 57 27 80 36 83 81 1 48 41 15 64 91 56 10 78 2 78 48 89 27 55 27 82 40 60
42 50 46 54 39 61 15 7 82 44 49 72 30 49 48 62 13 48 67 20 47 32 30 17 29 22 94 2 67 5 62 68 23 27 69 91 28 91 19 85 67 80 44 8 4 57 70 37 19 61 19 35 89 60 15 91 37 35 67 18 20 89 22 48 32 38 34 34 67 64 83 10 15 39 84 16 81 9 54 5 7 44 53 24 22 75
36 49 72 71 92 17 24 69 96 57 95 34 84 82 79 31 43 65 67 67 65 9 62 31 85 6 87 24 11 31 44 69 85 77 9 7 79 1 40 25 9 51 39 88 52 21 9 85 16 4 29 61 44 6 35 21 26 75 4 54 92 11 44 37 31 56 26 2 32 16 48 42 96 83 95 32 40 46 89 94 24 6 45 15 4 82
72 51 81 82 9 77 93 70 94 16 21 71 33 45 13 28 79 48 69 3 64 53 3 73 35 97 6 87 65 45 57 27 64 34 6 98 88 94 37 99 22 50 83 32 47 48 16 16 23 42 21 65 18 32 66 30 51 43 75 27 71 54 44 8 92 58 62 55 63 28 40 98 7 22 86 89 20 42 97 7 14 97 87 51 97 72
8 29 92 51 93 6 52 75 32 48 56 18 92 54 60 64 50 23 18 60 13 53 7 87 70 47 49 97 47 79 44 66 41 98 3 54 63 1 97 60 53 81 8 46 17 25 5 6 8 6 72 29 56 67 2 1 13 63 4 61 62 96 41 97 69 45 12 51 34 90 99 88 63 58 52 56 99 33 66 49 17 35 43 69 56 9
31 53 97 63 78 53 67 49 2 10 93 98 3 23 100 82 57 27 15 47 80 26 17 10 77 82 74 7 23 27 60 22 27 78 91 71 57 10 78 84 16 69 40 62 12 18 35 85 69 2 92 28 71 16 88 85 76 16 69 4 26 92 64 46 58 62 53 27 11 76 87 48 71 29 67 27 26 95 87 8 5 65 67 1 22 23
82 16 5 84 93 23 14 91 40 21 59 49 78 87 33 34 35 49 94 38 24 66 23 86 86 21 3 55 79 10 53 50 6 1 6 13 23 81 76 29 73 19 76 76 79 23 67 45 69 99 47 1 25 100 29 64 38 34 8 69 60 56 32 78 84 62 95 52 73 36 16 45 26 80 15 3 6 56 9 72 18 38 28 46 10 31
93 77 95 13 95 30 2 77 19 59 81 93 22 8 46 34 58 60 4 40 25 45 30 52 10 24 53 10 74 56 13 13 50 44 51 64 18 83 94 38 89 20 44 16 74 79 74 70 14 98 94 35 90 11 87 32 76 13 26 52 57 44 100 81 90 94 16 22 23 64 19 48 7 94 29 21 74 86 17 83 47 54 92 33 62 32
42 29 29 94 65 70 85 42 26 82 83 95 9 55 3 100 21 97 57 24 68 31 83 39 100 67 11 5 38 3 33 65 54 93 78 95 11 37 33 73 48 86 26 90 59 62 14 75 73 27 7 91 42 66 97 78 7 29 40 26 21 75 26 53 75 54 55 17 47 22 55 85 77 72 67 63 9 77 84 99 10 92 49 83 42 78
80 26 80 57 27 74 4 50 74 37 86 95 7 40 5 59 97 51 57 4 38 35 79 31 45 33 60 34 91 99 37 19 71 36 61 23 47 40 95 25 41 41 98 43 72 43 26 86 48 67 25 94 59 74 33 20 96 72 12 4 96 7 74 41 8 48 85 15 98 29 51 62 63 84 15 80 72 19 61 1 31 84 47 6 37 83
48 40 42 58 53 73 45 20 9 60 65 93 49 1 30 81 67 91 12 74 2 97 16 68 74 38 76 15 18 48 34 43 79 20 23 63 95 59 10 22 14 24 23 27 7 33 44 79 23 39 63 45 53 6 100 25 10 27 77 59 23 16 60 37 59 86 83 48 14 65 43 72 70 81 61 99 50 47 32 80 40 34 61 86 59 31
71 70 88 66 36 77 16 82 47 62 31 99 34 1 11 39 55 71 36 80 1 9 55 91 70 47 17 31 22 44 33 48 99 24 4 86 55 49 72 39 17 18 51 83 27 93 85 81 40 90 84 31 93 20 100 97 18 53 98 60 30 57 57 45 38 15 39 47 6 14 31 93 41 44 19 63 48 60 29 71 12 46 95 11 67 17
52 14 59 41 39 40 5 21 34 62 29 10 43 45 67 4 30 65 78 92 80 61 87 60 94 74 40 59 64 33 13 76 79 4 62 32 77 63 6 53 68 55 68 50 87 4 17 40 28 60 5 52 57 99 1 38 64 68 44 24 96 71 96 28 6 13 83 85 55 49 27 65 88 92 67 18 12 16 35 66 49 32 22 17 86 99
53 1 15 14 99 46 5 67 83 97 56 67 62 33 98 86 30 88 17 94 61 71 76 41 78 17 14 83 81 62 12 47 77 11 20 56 31 32 57 28 12 64 9 12 27 52 40 27 84 14 8 95 4 72 10 67 98 54 70 32 17 61 25 94 39 52 78 23 22 34 55 93 89 69 78 7 93 57 96 22 24 61 7 13 2 27
62 51 86 93 89 42 24 2 64 60 12 37 49 85 37 78 52 36 91 3 34 91 61 69 55 88 92 63 24 46 16 45 21 79 40 41 76 67 12 10 6 92 36 34 90 36 64 94 43 92 98 23 45 90 19 83 23 77 62 84 63 44 26 12 22 40 22 94 62 2 10 52 45 76 91 98 84 14 75 22 68 97 26 36 71 43
7 40 79 70 47 13 18 69 63 24 45 51 1 77 39 63 70 2 84 91 57 46 11 9 29 43 47 55 26 11 73 70 85 47 15 13 99 25 87 3 17 44 83 98 81 2 95 10 95 41 72 85 17 17 12 24 7 9 77 98 56 71 98 43 33 57 36 20 34 58 21 73 22 81 35 99 2 72 79 91 43 23 100 70 92 8
86 79 41 47 65 94 6 33 95 14 50 30 25 38 76 65 37 23 7 83 17 1 8 12 34 30 20 12 8 91 74 6 65 41 83 61 100 7 73 1 71 19 57 29 74 42 48 100 46 80 84 72 22 19 46 9 33 39 27 44 76 58 55 56 73 32 5 93 45 70 21 6 62 74 26 30 55 10 48 35 52 54 84 11 85 35
33 4 75 10 76 94 1 48 99 94 63 47 99 92 76 45 53 1 64 48 17 46 85 85 38 66 24 68 93 2 90 96 21 29 88 15 38 82 54 69 37 43 82 38 8 81 13 61 39 97 70 19 9 65 92 7 86 15 20 62 13 58 30 78 66 39 28 47 3 33 51 30 42 56 7 70 65 26 57 15 53 95 35 88 100 15
14 84 66 61 34 61 5 94 7 93 64 50 80 76 45 11 89 1 51 4 41 21 22 63 51 29 8 54 71 68 76 98 37 20 17 6 82 99 13 71 8 17 6 32 23 56 25 55 7 56 73 20 16 20 83 5 83 1 16 59 91 85 42 61 56 55 50 74 43 65 1 20 58 26 61 78 97 25 27 14 21 65 55 23 92 47
4 40 54 85 96 14 98 21 90 82 44 57 78 19 25 95 84 14 63 28 98 11 39 1 83 75 64 98 12 62 58 95 96 91 75 7 34 18 24 98 95 89 87 98 85 46 96 74 4 100 74 95 86 68 44 86 16 31 43 58 27 73 29 6 56 95 2 90 52 91 98 30 27 48 15 46 59 22 21 100 79 67 19 99 36 88
36 30 100 17 74 13 57 79 49 5 68 59 3 53 79 47 75 72 64 60 36 34 87 100 91 27 22 75 7 13 59 25 3 32 29 46 58 94 94 68 27 1 36 64 91 86 11 87 39 64 15 76 68 28 99 95 94 49 97 95 21 39 34 27 94 40 84 98 33 35 98 13 94 49 48 2 58 8 12 6 2 29 68 13 46 61
21 9 43 16 51 100 57 47 14 67 17 18 65 96 90 35 33 46 46 52 48 100 2 71 53 86 37 41 67 34 75 30 54 70 49 91 22 77 92 71 87 41 42 78 91 40 58 90 34 90 8 68 31 62 41 59 8 35 80 51 75 73 76 30 34 95 48 17 32 47 9 45 9 100 35 16 72 36 47 96 70 26 31 32 46 33
98 88 15 18 25 31 78 38 18 92 32 28 8 56 90 9 8 35 7 25 23 76 30 61 12 82 17 58 27 28 97 33 41 7 23 27 98 98 74 46 9 42 58 100 54 87 24 4 62 39 47 79 62 18 82 2 85 6 51 45 72 92 72 85 23 98 12 37 50 18 24 53 3 75 54 68 78 98 49 76 94 56 59 91 69 82
92 85 11 97 84 7 3 40 10 58 99 6 33 88 97 76 100 90 34 14 5 11 26 33 3 44 68 46 48 9 19 60 12 46 77 11 67 53 83 36 77 23 42 11 44 42 48 36 33 62 81 53 95 70 12 48 4 37 61 5 86 4 89 25 81 58 20 41 53 83 5 64 51 29 98 26 31 80 38 47 73 80 65 15 44 37
75 15 29 22 60 61 16 8 77 99 92 73 82 41 30 20 87 52 1 64 65 57 59 49 99 71 86 97 89 88 75 67 51 22 70 8 65 74 52 75 45 88 90 10 53 69 58 45 16 48 15 23 47 18 24 79 60 22 29 41 29 60 17 100 1 74 11 10 20 36 40 82 21 42 72 2 37 43 1 97 97 44 100 42 26 48
93 26 72 26 42 75 77 19 34 5 84 21 83 85 82 3 1 68 51 67 93 84 44 53 55 5 4 53 50 99 32 86 4 39 19 61 20 43 2 86 94 6 85 32 8 96 50 67 23 54 21 45 20 69 100 82 55 89 36 33 79 43 68 74 95 22 14 17 13 94 83 75 65 50 50 60 92 48 4 16 98 27 3 10 12 76
40 14 74 24 89 26 52 1 23 83 79 38 60 72 19 48 13 39 87 78 21 67 96 53 1 71 53 93 31 13 14 62 45 1 20 79 16 22 25 3 24 17 32 72 25 49 27 36 26 63 3 86 70 39 100 30 76 86 54 16 75 50 90 63 74 90 37 77 4 95 70 53 11 12 74 67 38 52 9 95 4 25 26 25 27 3
35 4 74 46 67 85 90 69 56 18 95 31 40 2 97 31 78 36 37 36 21 92 22 37 29 69 75 75 40 7 18 74 23 42 53 4 97 80 33 98 16 76 24 3 79 28 36 4 30 68 64 25 96 3 61 8 62 8 73 91 29 33 30 14 34 85 51 75 51 4 83 17 93 56 22 87 8 81 87 65 27 12 3 43 60 15
3 17 45 7 48 87 49 63 48 66 29 16 79 42 75 18 20 54 64 23 92 25 52 17 17 18 50 68 39 58 73 68 21 68 31 28 28 73 91 44 15 58 52 88 66 55 79 38 80 49 25 80 19 30 3 81 47 11 74 82 38 98 67 59 18 9 58 16 83 59 84 85 67 98 3 65 47 93 49 6 32 30 92 36 26 10
57 41 67 80 58 67 7 63 77 40 59 8 50 14 31 88 60 81 8 10 65 50 38 35 3 89 35 69 1 42 89 74 49 56 88 5 45 82 2 14 41 90 66 14 57 11 31 100 87 21 31 34 11 20 64 95 65 41 81 59 7 24 56 96 80 42 87 86 100 89 88 45 1 10 97 57 41 70 92 3 69 17 59 26 65 26
32 48 61 79 19 2 52 79 92 49 58 9 34 35 75 60 76 18 34 59 32 82 23 60 29 69 13 4 45 58 39 93 90 6 85 38 96 87 66 49 32 6 23 50 96 16 74 76 54 23 20 86 13 22 7 56 6 2 97 74 32 50 97 88 98 9 39 78 84 19 62 46 32 70 23 56 30 6 21 21 23 54 43 99 78 52
85 11 95 74 35 12 64 39 55 84 65 34 57 89 88 81 75 57 85 76 5 73 94 99 27 22 94 66 58 61 63 31 1 81 17 53 44 26 73 7 84 92 6 51 44 77 3 8 95 11 33 30 23 69 3 36 21 80 23 82 86 93 58 5 18 97 67 7 44 47 60 24 9 37 18 33 7 42 53 18 60 44 63 31 95 5
33 46 56 70 11 92 23 42 21 29 58 32 85 73 22 64 48 36 38 11 71 52 60 77 27 78 99 63 4 79 82 33 61 31 97 73 4 83 65 9 35 78 87 33 28 13 75 89 57 13 35 85 87 13 49 93 4 100 60 52 98 5 44 92 50 85 39 12 61 7 76 89 45 74 66 85 23 29 32 92 36 97 15 100 62 82
59 100 60 47 43 68 100 43 12 15 64 11 21 84 15 16 60 31 26 56 34 51 14 15 23 68 60 22 84 7 34 29 46 23 99 69 68 11 39 56 88 25 59 64 74 93 80 94 56 42 78 44 93 64 90 5 52 35 1 31 28 63 93 20 98 16 22 93 74 16 94 73 74 3 56 46 47 82 83 25 73 23 29 74 89 36
14 57 57 2 91 52 92 99 67 21 43 59 88 28 55 32 85 88 79 84 99 44 76 4 93 57 55 62 8 30 59 78 98 69 48 32 91 60 68 56 66 99 44 84 18 68 57 10 76 62 11 97 30 90 49 50 88 38 86 38 30 17 27 50 95 32 3 18 56 17 8 78 44 81 2 82 31 22 12 11 48 55 17 62 19 36
73 21 66 17 50 56 44 13 69 50 40 38 36 7 3 62 11 52 32 33 53 69 35 46 74 3 20 92 83 86 29 14 46 56 95 36 66 75 92 19 81 79 77 46 32 68 11 19 66 39 75 50 69 18 38 49 82 93 28 63 91 70 21 4 14 4 57 40 95 16 44 83 42 52 95 46 10 64 52 61 49 6 92 24 62 29
41 17 59 97 17 25 66 69 13 70 78 53 14 42 97 18 100 2 57 87 60 61 32 48 94 42 52 62 51 15 7 85 7 23 18 73 42 67 68 100 23 92 94 98 38 17 68 50 51 18 46 44 55 11 88 96 34 31 59 22 28 83 57 67 24 52 59 14 71 8 57 66 59 31 1 7 11 36 12 99 84 97 53 24 1 85
11 7 95 48 34 11 80 52 28 42 81 75 98 95 53 3 32 64 28 97 61 26 95 45 28 51 86 46 70 67 100 1 1 74 29 30 100 24 42 79 44 3 89 75 74 89 75 38 63 14 94 83 52 4 98 47 26 71 30 24 12 56 99 44 26 44 85 91 94 66 91 18 29 1 24 86 45 87 9 96 88 91 85 30 43 100
34 81 48 93 58 41 48 12 22 98 61 22 70 33 80 17 49 58 10 77 55 91 53 11 68 61 80 63 58 96 86 12 69 17 75 33 2 52 31 30 74 80 16 71 88 2 2 60 22 20 21 95 80 21 31 61 42 48 51 55 64 55 89 44 42 26 86 2 92 97 34 51 34 4 69 12 4 64 27 56 86 54 60 10 26 90
27 46 38 39 16 83 47 26 43 13 6 76 39 1 50 32 52 14 62 52 69 89 9 98 41 4 67 46 100 34 78 93 80 46 69 49 93 18 15 48 61 3 24 35 20 54 95 93 32 8 63 2 4 69 59 99 82 13 35 14 13 5 54 10 80 84 61 55 68 93 37 7 44 77 4 67 54 76 40 100 73 24 84 36 93 45
71 77 11 62 2 40 10 48 97 33 69 21 85 3 30 60 9 6 41 35 34 40 37 39 91 21 60 28 85 28 30 32 52 95 40 76 62 70 41 50 12 75 76 61 25 70 43 62 21 29 27 23 11 19 69 40 54 40 69 57 39 24 77 3 10 25 33 83 85 22 52 17 97 58 85 46 42 32 66 3 27 8 25 18 10 66
50 67 57 89 56 97 29 31 63 89 45 27 41 86 86 39 96 49 50 23 31 63 39 98 69 8 74 27 14 15 87 42 51 63 59 21 36 32 83 25 60 79 18 73 37 62 58 1 33 35 59 94 4 34 69 74 86 61 7 50 59 44 75 44 13 29 48 62 39 25 5 46 68 48 20 19 45 62 40 52 18 91 74 12 78 60
58 33 90 69 92 89 44 9 49 98 16 93 4 93 19 45 16 66 98 69 68 69 77 47 48 100 85 84 77 27 82 80 48 84 25 61 31 77 73 55 65 30 4 2 40 79 45 36 75 57 92 34 40 80 97 12 74 89 28 79 40 45 32 6 91 94 35 29 84 20 6 70 24 30 97 96 23 94 45 81 59 55 32 58 47 50
21 34 27 27 52 59 29 84 28 60 13 66 67 47 38 83 82 45 69 24 14 8 89 68 94 36 51 96 99 50 54 100 52 24 90 18 61 1 46 46 57 4 24 38 11 22 9 7 2 49 24 35 13 58 31 76 26 71 47 16 48 41 27 31 83 71 24 71 31 72 47 82 97 38 43 77 17 80 41 82 83 57 58 83 84 57
4 73 23 19 23 84 37 20 57 89 90 3 3 88 73 61 50 56 6 7 67 15 46 70 43 18 58 82 82 87 60 10 60 37 90 62 32 62 24 34 64 76 69 55 13 6 100 20 5 15 65 59 71 20 25 35 46 69 54 15 20 5 72 76 43 55 51 56 5 52 38 52 64 71 67 4 50 62 1 16 19 61 74 85 43 87
52 40 46 9 78 53 40 52 90 4 94 99 50 93 50 16 79 2 98 37 26 1 52 90 58 13 33 69 20 17 11 83 93 8 35 57 93 100 59 12 20 37 80 89 14 40 24 52 83 35 6 20 96 67 77 24 31 1 10 35 45 93 56 1 54 52 62 16 48 31 32 38 3 40 98 61 65 73 22 54 22 59 18 47 22 37
53 63 14 85 78 71 39 90 97 38 41 75 11 72 47 67 64 8 19 1 7 35 1 9 56 52 3 8 96 94 100 80 54 70 69 36 57 2 83 31 67 54 31 74 52 60 10 99 1 39 84 67 23 11 47 72 83 37 39 71 63 21 78 44 70 79 97 80 100 70 77 74 8 41 35 65 91 64 12 60 6 43 46 43 62 38
79 57 65 1 79 95 100 68 23 16 64 85 34 29 82 100 73 55 79 92 75 59 23 80 83 57 80 1 96 20 33 82 24 37 17 3 72 18 54 59 24 21 49 16 88 92 11 64 42 47 45 29 97 20 76 24 69 39 73 23 23 87 39 56 68 23 60 1 41 36 97 34 89 62 76 100 67 65 88 51 77 34 84 78 62 42
71 61 39 94 12 19 92 15 12 93 9 68 28 82 45 66 65 45 46 80 13 29 82 3 8 99 91 71 87 25 94 2 87 1 81 49 1 31 28 41 13 35 4 32 68 2 7 20 19 64 43 58 4 95 51 83 95 62 13 55 22 92 89 75 37 73 34 40 93 69 2 21 61 12 61 14 37 82 60 29 50 12 48 85 6 90
92 40 2 74 30 57 33 65 78 55 23 21 28 13 14 71 17 66 72 34 75 90 1 40 4 86 10 87 44 24 18 70 26 3 8 21 13 54 81 30 30 94 48 6 41 49 39 79 80 16 59 59 60 41 42 61 43 6 16 75 76 16 53 59 12 51 21 70 53 33 34 6 18 5 37 66 74 75 49 96 32 69 93 62 50 23
20 29 16 26 39 74 68 69 65 42 12 29 78 36 59 19 38 41 48 20 47 27 47 20 10 94 89 6 42 67 66 31 34 29 1 77 51 34 100 70 61 41 24 33 10 17 63 12 19 51 32 30 95 95 100 27 61 9 99 42 66 14 16 70 68 39 8 44 17 85 39 80 50 42 13 18 77 28 17 19 80 52 52 52 29 92
24 74 55 9 81 7 90 22 92 83 46 77 54 7 28 73 71 62 58 27 87 29 99 97 89 21 70 56 90 25 51 89 100 81 55 62 24 93 33 97 41 23 73 53 91 33 40 61 2 61 19 50 18 5 25 36 34 41 16 43 68 78 67 6 61 10 69 68 89 49 72 27 64 82 64 49 42 78 70 25 57 56 84 57 49 71
98 73 65 40 86 93 76 98 72 42 24 62 49 59 2 15 50 10 14 91 79 40 33 96 93 24 48 36 42 66 62 78 59 16 78 53 32 46 74 98 91 19 96 80 64 99 95 18 3 31 29 91 90 69 90 56 81 4 75 97 99 88 39 35 39 94 21 61 15 14 60 46 43 68 100 45 85 85 38 14 27 58 1 29 14 14
14 25 2 20 21 10 3 39 1 9 66 9 30 11 6 74 65 1 76 5 83 84 36 79 1 49 15 71 12 26 78 82 37 89 17 12 59 84 12 95 36 21 96 22 60 64 89 96 92 12 98 95 42 59 50 42 26 52 86 3 92 45 23 13 30 92 17 5 13 38 100 67 72 19 82 70 89 52 93 22 82 86 82 84 29 74
2 3 23 22 24 32 95 87 64 79 71 71 19 33 27 29 82 65 36 6 67 7 43 46 57 22 43 88 23 33 48 10 80 52 72 37 70 56 23 63 65 84 66 54 1 85 33 24 19 33 61 11 27 71 71 27 65 70 54 73 86 90 23 19 53 83 59 5 63 49 68 90 66 100 32 88 73 97 15 64 49 9 83 53 31 12
40 50 82 32 97 86 53 48 97 28 32 51 3 91 35 9 44 92 20 63 17 49 3 54 8 60 58 34 6 41 74 100 40 8 15 14 90 99 78 81 67 70 73 79 27 51 83 75 13 68 54 42 77 71 53 90 37 1 74 80 74 42 48 86 77 37 48 83 90 35 5 82 86 52 77 89 60 60 58 38 29 55 13 35 32 72
17 19 46 83 4 20 30 13 74 33 81 79 46 71 85 46 72 92 19 59 55 36 62 23 48 8 58 68 47 43 77 32 15 75 31 73 32 56 56 2 30 91 62 53 51 10 7 9 81 34 93 78 67 4 1 67 62 40 61 60 22 67 41 56 61 72 7 48 22 89 2 48 31 23 56 13 18 100 16 88 60 11 51 74 13 81
44 41 75 70 45 90 14 33 24 71 97 5 12 91 15 56 89 80 42 9 17 60 76 37 83 71 99 13 52 15 42 15 33 53 87 54 44 63 9 7 94 95 63 53 100 27 30 23 9 17 65 77 83 29 35 49 9 72 84 75 49 48 45 26 42 70 62 28 4 51 41 83 91 69 89 10 48 87 31 24 53 36 59 39 84 1
18 32 70 98 94 17 42 22 91 26 84 12 25 76 98 73 86 91 54 27 5 87 52 76 94 22 54 40 81 19 62 95 89 14 42 39 6 71 87 32 63 32 38 60 27 34 46 49 30 90 64 25 30 76 60 74 72 49 45 86 45 94 17 40 61 87 5 15 19 89 91 75 17 22 26 50 84 82 60 13 43 72 1 10 17 17
71 68 33 32 28 89 97 86 71 68 53 44 74 3 33 3 52 26 61 9 67 45 69 89 100 34 68 93 85 87 8 34 10 83 15 37 44 22 45 36 95 54 2 39 71 3 72 93 48 34 76 6 52 62 21 1 81 59 62 12 36 84 46 99 17 90 12 87 100 85 20 1 80 14 50 66 50 70 93 23 16 19 21 87 10 76
5 80 8 6 92 19 77 52 96 100 20 62 19 46 10 61 86 83 39 5 23 43 72 53 75 73 76 8 36 30 37 20 79 72 1 67 2 34 38 3 56 42 99 14 49 2 56 99 67 4 36 23 21 28 96 24 63 71 35 73 6 41 100 86 65 7 100 11 16 11 13 3 49 75 90 71 24 15 91 98 16 98 23 39 90 3
92 9 59 94 55 92 90 30 5 53 47 59 37 78 39 35 71 41 27 36 44 96 78 42 3 51 43 51 71 30 88 58 90 99 1 100 14 78 28 36 90 58 67 22 55 83 82 26 15 36 39 42 2 94 91 37 16 9 27 62 38 16 50 76 99 68 13 99 81 26 4 95 32 32 99 71 91 82 70 68 51 89 60 91 92 77
50 89 25 81 1 46 34 56 25 5 59 17 85 13 8 65 83 46 11 60 10 61 66 73 5 42 89 67 90 1 94 28 27 51 63 95 99 37 24 82 36 97 14 37 35 84 35 70 37 91 43 85 29 66 85 90 37 98 43 20 98 99 71 76 98 41 62 74 12 82 92 35 55 32 80 45 75 98 89 87 52 33 79 8 11 41
11 77 58 18 59 60 75 32 81 52 24 13 94 99 29 41 73 31 62 90 72 12 11 61 47 68 58 40 45 52 76 90 23 55 2 44 25 56 41 98 58 65 40 81 67 37 97 94 25 57 18 51 11 3 13 92 78 11 30 76 31 34 68 65 20 47 55 94 63 32 13 72 31 62 26 63 25 17 60 69 90 10 94 59 89 37
44 27 31 13 88 10 98 94 96 2 55 86 76 75 31 71 1 82 44 68 75 74 79 22 90 74 33 57 39 58 66 59 61 82 81 20 97 4 46 59 31 86 68 48 70 30 59 46 12 36 97 75 89 93 14 29 88 69 34 11 79 92 70 5 83 25 51 48 100 87 42 50 34 47 19 76 20 37 77 20 43 58 5 22 87 34
50 2 13 95 64 56 88 2 36 66 26 72 52 53 18 92 92 46 99 2 19 95 86 71 86 82 60 88 9 86 26 76 43 32 58 74 45 15 50 94 66 26 98 19 17 66 81 9 2 48 12 16 2 64 77 36 57 12 82 50 1 18 44 95 85 63 37 12 51 88 92 78 66 59 36 82 98 91 35 67 85 47 89 67 18 20
7 72 32 9 29 80 89 43 92 35 39 36 32 95 79 49 22 88 13 63 39 21 63 9 36 27 21 60 72 52 72 7 43 19 21 33 14 34 41 92 63 72 38 11 83 28 77 43 56 98 50 58 68 17 40 4 14 12 93 94 99 84 24 8 86 45 37 37 44 13 5 74 63 78 51 39 56 64 13 25 58 10 27 57 9 60
68 3 51 77 23 47 38 86 50 79 26 54 32 61 20 67 84 68 11 61 47 65 17 38 7 57 69 94 30 63 80 95 48 7 34 48 33 40 47 69 49 21 58 15 26 68 40 34 3 95 100 62 37 89 57 97 34 71 77 17 80 37 93 47 29 91 100 80 16 83 84 91 6 6 90 94 6 15 30 92 6 51 72 15 32 66
97 43 23 80 40 79 1 63 18 90 80 4 60 25 4 16 65 91 89 45 75 56 2 82 10 43 89 3 10 25 79 44 16 23 86 99 72 12 89 48 57 46 24 1 70 71 93 62 68 61 58 27 44 70 8 4 94 65 67 96 46 29 63 64 90 69 23 86 92 48 40 25 6 54 40 11 35 2 54 6 35 37 89 80 73 30
57 9 24 24 78 45 53 61 40 54 60 25 89 38 97 51 89 49 87 33 87 74 65 2 61 24 65 7 77 35 83 2 85 82 39 63 76 75 50 87 30 33 52 19 58 94 29 49 41 1 54 89 82 65 23 23 20 11 23 7 76 4 5 44 63 99 72 10 70 17 69 74 96 46 33 31 20 31 47 38 100 85 86 73 61 37
74 45 12 59 31 21 84 68 51 54 1 91 82 40 92 44 51 53 36 60 20 85 24 72 12 78 46 60 24 53 80 49 36 16 17 81 79 85 94 19 42 59 77 83 57 15 86 68 18 22 80 100 99 89 2 43 70 61 91 14 71 45 78 66 68 16 86 13 11 15 14 52 9 15 4 86 18 42 23 8 1 44 33 82 13 4
74 76 44 48 50 88 23 13 53 63 6 26 77 82 70 76 39 40 32 14 70 41 39 9 92 93 9 79 35 13 2 100 75 48 66 61 44 50 8 41 19 21 67 88 44 41 92 14 19 94 67 48 27 76 94 25 65 22 32 23 61 21 35 66 2 7 17 90 98 87 79 25 9 28 78 48 84 66 9 62 56 67 15 5 66 74
87 8 38 40 1 68 57 63 39 75 32 44 84 89 65 84 51 77 79 11 43 12 93 88 50 97 3 50 87 5 48 47 45 95 91 26 61 6 73 15 38 45 94 20 3 16 80 44 69 58 68 42 15 58 39 31 66 13 72 48 76 4 38 60 92 74 60 5 3 29 26 80 53 46 75 42 87 53 6 96 35 46 6 62 53 25
25 76 9 88 86 65 81 54 1 41 80 14 96 40 91 93 40 83 95 29 14 51 27 22 10 60 51 66 3 91 29 84 24 95 56 81 31 16 50 7 8 1 58 29 8 4 5 87 39 44 40 93 34 2 91 74 65 79 45 95 28 53 64 77 80 83 77 99 5 26 7 80 66 81 33 53 88 73 2 65 82 66 25 56 44 20
27 57 79 53 71 55 69 10 52 7 73 25 43 100 29 54 89 55 50 8 41 68 16 66 85 48 39 49 81 49 44 73 60 55 64 76 47 52 62 5 68 42 19 32 79 23 79 41 43 81 73 39 15 72 91 76 98 21 72 82 32 52 18 64 62 48 99 93 53 77 2 84 29 18 70 37 11 56 79 94 97 39 19 82 14 44
35 38 66 2 22 77 66 93 34 46 79 52 70 15 95 97 2 31 33 35 81 99 22 3 76 2 52 43 40 40 26 79 18 57 60 9 28 37 68 52 83 70 37 11 63 67 7 34 95 12 55 61 45 99 93 16 40 53 59 3 56 70 99 55 1 16 60 56 36 55 45 57 74 1 43 69 3 72 88 91 31 92 16 28 58 77
31 99 53 82 10 66 94 23 78 31 60 4 91 61 56 50 38 48 71 6 9 6 50 8 95 84 82 13 78 100 52 28 72 100 24 62 78 39 83 4 3 51 63 17 24 3 42 31 45 53 90 98 100 30 32 43 47 13 42 27 19 42 26 73 80 56 76 40 46 68 19 76 4 71 93 90 39 26 44 62 29 13 99 60 87 50
