975
36 15
11 90 29 76 66 50 80 56 20 54 42 63 82 8 69
93 99 45 31 42 21 53 94 5 96 20 49 38 33 48
86 41 5 28 56 9 19 39 71 32 44 9 54 53 34
31 13 60 95 74 79 33 30 74 17 31 37 62 23 2
21 27 42 71 19 16 51 55 77 37 91 55 45 97 16
86 88 32 15 87 69 81 70 93 78 18 28 4 80 73
35 22 31 99 69 37 48 88 69 39 95 42 44 36 7
89 35 30 96 38 44 63 87 2 21 58 43 38 84 11
91 9 4 64 91 6 38 48 89 46 91 80 9 67 5
67 78 94 76 46 30 3 76 51 43 11 76 28 20 46
16 12 4 65 75 55 81 38 62 27 4 99 89 22 2
16 27 52 10 60 63 60 42 93 58 63 99 14 66 96
85 2 29 88 18 71 15 16 57 76 60 71 18 91 22
41 12 77 37 40 47 67 7 58 96 65 14 20 14 57
48 54 30 90 3 22 28 93 17 65 63 20 93 59 91
33 74 74 54 94 32 90 74 98 13 20 12 94 9 20
48 22 69 48 63 9 25 14 32 68 60 45 24 22 28
79 84 43 58 84 28 58 55 70 65 79 40 89 87 78
47 78 56 26 34 92 40 49 87 40 57 68 21 96 10
53 75 63 19 7 38 32 15 18 51 33 34 96 9 1
35 99 8 79 100 24 71 25 69 84 59 89 31 5 28
19 46 6 47 60 85 14 5 37 9 78 44 70 23 14
95 20 21 91 42 61 31 74 99 47 34 43 14 60 82
54 68 45 37 93 2 57 39 24 40 47 91 90 61 21
42 61 95 75 22 76 44 35 73 2 94 91 44 37 71
98 66 68 22 94 33 46 36 90 68 65 14 6 57 62
6 3 33 73 37 53 32 94 80 58 79 73 89 44 13
4 84 58 43 63 21 55 72 49 20 71 91 68 56 19
84 21 20 43 2 17 64 2 97 43 58 96 35 87 44
95 78 94 49 40 2 95 62 7 5 74 31 25 62 71
54 53 62 80 91 81 24 70 48 35 8 2 60 68 26
48 6 54 24 16 39 24 97 24 92 58 63 44 57 20
64 76 83 100 100 7 6 70 34 41 87 22 73 6 7
27 36 27 12 99 49 30 66 99 17 41 88 77 100 72
21 38 81 60 44 53 59 22 34 69 6 75 98 66 15
8 98 11 82 70 62 66 35 16 81 68 51 16 78 63
