516
73 97
14 15 30 15 21 99 13 10 22 47 63 78 15 89 93 47 79 94 79 8 19 15 81 1 63 50 78 71 34 21 64 98 53 46 21 16 28 4 61 9 18 33 27 77 84 21 84 33 3 70 34 64 73 75 17 74 76 62 88 59 1 21 69 40 80 9 58 58 29 82 71 49 27 38 60 100 55 64 57 55 83 34 23 66 19 10 20 76 19 9 2 26 42 5 92 45 87
17 9 33 2 19 9 67 62 17 53 70 85 35 27 89 7 15 50 56 18 86 51 84 48 46 100 28 55 49 24 18 90 49 86 1 65 92 31 84 87 67 38 38 5 69 39 32 82 81 100 44 73 59 29 95 35 10 38 53 2 84 93 43 56 62 42 86 68 72 87 35 22 91 32 94 81 31 63 26 38 43 100 68 22 78 70 84 44 41 85 53 84 3 15 57 71 88
80 12 32 16 59 3 2 34 22 20 79 4 65 64 17 18 22 2 3 47 19 10 54 22 88 80 36 21 7 74 77 30 45 99 16 43 23 58 20 83 12 70 40 1 41 55 24 65 86 85 93 93 83 83 2 6 71 19 100 43 8 96 99 32 59 4 50 91 13 15 53 63 83 27 36 90 45 90 75 81 53 53 72 5 26 58 72 24 71 16 50 64 22 37 85 47 93
13 64 28 95 38 99 6 94 39 47 94 63 72 45 5 98 42 56 90 13 75 40 13 3 57 35 5 82 63 98 3 56 44 91 39 60 6 6 87 13 54 21 62 7 95 28 18 6 88 96 17 99 90 66 84 91 20 35 78 79 85 96 31 10 83 71 40 65 85 80 54 56 20 73 33 15 58 34 8 8 59 18 78 36 71 30 54 40 19 38 82 1 30 81 40 53 80
76 98 57 18 43 29 84 49 24 4 25 16 64 34 44 55 12 52 36 6 31 51 33 32 64 77 32 12 46 78 72 17 18 42 12 66 73 5 100 53 66 63 64 39 70 65 34 40 39 79 8 63 90 38 62 5 40 13 81 90 3 100 20 76 8 56 70 39 32 57 21 9 59 53 93 10 56 44 11 46 67 56 55 26 11 55 100 81 60 27 87 40 51 34 39 72 31
46 64 94 1 23 73 91 99 10 63 29 82 88 18 70 27 71 6 95 90 20 62 68 54 54 51 18 76 85 41 17 75 47 89 7 51 91 62 44 17 95 54 12 59 84 7 6 61 67 19 19 2 82 76 73 58 44 100 32 48 97 52 54 60 49 33 34 4 50 40 41 86 88 10 23 84 33 11 51 7 13 84 60 17 8 83 6 78 77 58 70 92 53 46 65 14 97
49 80 2 68 65 88 11 64 68 42 9 38 9 98 10 32 49 67 49 64 65 70 21 22 9 72 52 46 38 89 32 62 48 99 6 84 47 23 33 88 27 34 6 13 22 37 86 77 20 69 39 26 21 5 62 7 34 23 60 75 89 71 79 40 38 29 32 43 38 84 99 47 79 73 99 75 48 30 50 88 39 76 79 47 88 80 50 47 72 93 99 13 37 49 59 49 88
88 48 100 96 9 92 22 13 88 63 86 33 32 56 92 38 82 44 83 52 65 69 83 60 99 7 8 68 32 8 99 93 78 41 16 67 65 27 81 80 56 63 46 68 98 62 14 75 62 36 33 44 61 71 14 92 78 6 11 78 24 70 90 13 82 53 94 34 87 61 83 89 99 83 62 54 86 93 65 76 7 69 70 72 36 79 29 30 76 41 54 70 97 57 11 1 100
78 43 30 9 86 80 46 95 59 51 2 15 13 14 56 59 16 37 21 23 55 39 94 59 8 38 32 88 80 45 4 11 29 47 94 62 30 82 53 30 47 1 4 37 22 20 28 41 33 59 90 20 93 49 62 10 22 71 92 99 92 98 98 81 42 61 14 46 88 18 5 46 90 75 60 40 87 36 99 89 64 59 55 25 26 86 80 88 21 72 27 32 81 63 55 89 100
18 55 89 98 47 59 94 86 77 87 72 50 33 1 91 72 74 69 100 22 36 51 7 59 98 20 53 71 62 72 63 81 21 59 23 94 46 66 77 81 20 40 17 17 80 34 51 7 79 31 75 88 4 76 62 13 81 71 28 21 39 44 15 7 51 16 40 85 54 74 49 12 20 92 91 69 65 19 85 39 92 17 45 66 60 46 29 79 24 20 24 97 94 60 70 27 27
58 37 47 65 24 77 67 36 90 75 54 99 79 97 57 66 52 1 34 92 85 100 36 7 88 69 97 86 35 2 73 10 28 36 60 31 51 45 21 69 58 15 87 87 91 68 4 67 31 69 73 80 9 83 90 51 43 26 90 63 81 4 97 67 82 66 39 62 19 17 72 27 68 24 62 56 65 96 42 67 2 76 35 62 31 66 91 84 91 25 52 98 70 48 38 39 20
16 73 55 88 41 30 20 37 47 65 59 8 30 53 77 21 10 40 1 22 25 84 5 22 93 22 23 39 91 89 10 87 8 82 36 79 82 100 39 24 94 25 71 45 67 7 82 53 95 79 15 19 44 29 91 35 22 82 25 15 67 94 67 74 100 94 53 7 18 34 14 1 7 74 25 42 17 58 10 13 83 81 81 49 63 6 57 43 72 46 13 54 34 85 43 81 10
37 78 48 10 39 46 53 60 43 76 50 10 47 28 58 98 74 98 72 35 50 92 64 67 67 58 45 58 14 5 89 60 11 38 75 70 45 78 7 95 74 74 85 88 1 8 87 56 94 90 4 58 15 28 36 64 1 53 31 57 85 2 89 69 47 53 19 23 30 95 35 19 69 88 59 45 38 68 16 46 77 75 94 86 39 68 3 17 72 13 56 66 89 50 81 52 54
100 9 43 95 88 89 67 73 16 13 88 56 61 69 14 63 54 17 49 51 24 56 47 39 15 57 1 3 8 13 95 72 15 67 56 92 22 66 13 98 42 11 73 76 86 83 45 27 94 9 65 63 81 95 11 71 87 28 57 59 76 46 13 45 53 11 100 97 36 74 92 96 9 15 8 74 44 37 56 82 13 35 28 42 67 100 91 33 52 100 52 73 95 47 54 88 99
20 65 65 11 27 72 50 18 51 12 74 82 59 25 12 87 22 88 74 13 96 41 63 22 22 13 49 81 1 66 87 56 67 86 13 67 27 21 86 29 2 91 91 14 18 34 1 53 90 4 97 96 86 75 1 3 80 84 42 53 31 93 92 89 87 19 37 31 13 39 58 21 81 33 90 36 65 93 73 3 55 88 72 28 50 79 93 84 17 29 97 76 77 47 96 53 44
95 25 40 5 59 99 66 94 68 28 45 24 48 51 52 94 99 43 100 49 32 17 88 38 88 10 85 87 41 91 57 63 4 81 33 36 43 5 97 48 17 6 17 68 74 64 73 14 47 41 72 49 81 90 53 41 54 97 89 22 13 8 5 94 9 97 63 81 56 11 98 36 12 87 95 47 15 12 97 48 23 88 49 37 76 100 79 56 1 94 76 21 76 13 20 88 26
84 85 29 94 23 48 20 69 14 4 24 79 27 45 23 67 18 75 70 92 67 55 7 18 88 1 68 35 76 55 18 88 7 96 42 18 47 48 51 85 54 71 68 69 49 29 95 68 24 1 86 73 87 29 8 46 57 96 92 64 2 49 90 73 18 3 34 54 28 58 45 6 60 33 65 63 85 84 84 64 50 52 36 31 87 72 42 71 27 2 64 1 35 99 35 10 53
83 25 96 82 93 79 62 68 66 78 97 45 2 35 40 28 27 13 6 33 45 46 63 15 99 4 16 19 60 13 79 72 24 49 35 57 93 24 63 38 85 80 41 43 37 23 68 41 67 23 74 27 99 57 8 20 75 41 15 37 45 45 73 50 17 52 26 40 23 12 71 14 82 89 96 96 58 48 65 27 84 17 39 42 11 40 40 100 56 50 65 7 89 82 34 84 31
89 95 56 71 72 61 59 58 3 66 23 35 43 65 8 65 24 10 85 48 51 78 93 13 15 65 51 21 68 87 58 73 61 61 97 80 59 88 27 49 30 51 82 20 99 18 61 74 50 89 34 67 44 17 96 52 1 53 26 25 76 73 76 92 15 48 27 23 89 30 52 2 89 52 99 29 68 54 18 44 14 13 71 84 33 43 53 93 83 92 28 40 5 83 26 12 39
72 78 91 42 42 95 38 76 31 4 29 67 55 26 55 12 19 81 2 61 51 100 57 49 14 20 67 51 52 20 28 6 53 54 1 23 60 95 84 3 22 95 48 3 84 55 86 85 41 16 17 33 21 57 12 27 15 4 93 39 70 85 8 26 43 58 96 3 40 86 41 23 19 8 71 16 52 95 98 52 13 36 51 80 13 63 93 98 59 50 67 20 40 70 1 26 90
35 5 43 50 82 53 35 52 49 74 71 21 87 87 45 34 33 45 62 7 11 81 13 74 31 93 74 14 79 91 75 10 61 88 34 10 88 99 47 48 92 88 95 34 95 60 73 67 70 2 35 27 82 95 41 53 59 98 10 24 100 1 55 51 20 20 96 52 92 72 83 34 51 6 76 83 66 93 55 14 48 80 16 50 41 28 88 22 77 98 94 90 40 100 57 61 96
74 41 28 38 35 44 4 4 71 98 76 70 43 23 34 71 27 16 98 7 16 48 74 7 6 61 76 97 59 21 17 44 77 14 3 86 93 5 13 72 24 42 69 25 70 21 23 11 84 39 12 19 66 53 66 63 54 100 30 49 95 28 97 21 14 50 23 87 57 91 53 42 25 11 2 76 73 38 41 76 15 90 81 36 27 13 52 70 65 1 48 33 96 5 47 55 28
49 86 42 48 1 12 4 61 74 95 83 29 5 16 13 71 28 43 3 22 86 58 88 88 43 10 1 89 92 73 10 16 36 70 39 57 47 78 20 72 93 53 26 53 67 40 39 1 46 84 52 47 40 2 45 26 6 12 96 11 70 85 22 38 98 37 54 85 89 7 19 63 27 94 40 2 47 69 38 4 94 6 67 8 21 38 72 76 27 63 44 5 70 89 90 73 87
29 15 40 92 83 37 54 61 87 11 40 77 95 98 73 86 27 19 47 87 53 7 58 37 21 59 56 96 27 91 25 80 8 1 5 39 59 74 96 9 49 13 70 5 39 11 27 65 82 2 84 5 94 52 47 100 64 74 87 33 34 2 92 48 45 49 33 87 49 5 94 78 46 7 4 20 55 72 71 32 18 22 80 92 83 16 11 37 46 9 31 11 50 32 23 91 100
11 55 38 74 8 76 72 60 5 95 57 96 47 37 54 69 80 99 39 99 11 44 99 9 72 27 37 43 36 65 74 76 95 8 74 79 25 97 23 22 6 3 28 51 2 80 87 14 91 16 82 58 16 91 98 7 86 56 96 49 29 16 83 31 29 35 55 46 9 33 24 43 64 59 26 2 42 81 56 81 93 43 2 72 85 27 43 78 32 70 18 68 2 68 73 100 25
89 15 89 44 53 31 53 85 72 86 67 39 7 71 18 77 74 93 89 68 82 33 9 10 64 46 100 12 2 21 3 82 62 40 18 17 49 22 31 94 58 88 60 72 87 15 49 82 66 93 53 26 8 64 100 72 7 33 45 23 26 69 76 21 53 22 79 58 36 11 1 3 4 93 99 55 4 21 86 9 58 18 41 83 18 97 71 22 74 9 99 67 67 88 4 82 34
99 83 25 55 69 7 43 6 4 63 70 35 27 22 38 60 95 63 2 79 82 54 20 14 84 95 44 13 38 17 57 55 21 2 83 1 97 73 36 69 69 32 70 43 92 27 4 88 96 60 85 53 70 97 9 86 14 91 25 10 16 32 57 33 15 48 68 99 22 71 16 1 80 50 79 53 4 94 65 3 5 73 66 53 66 100 22 19 61 52 19 55 5 46 16 35 90
57 84 56 68 25 76 21 10 29 88 45 84 96 95 69 51 8 86 22 44 75 75 84 39 3 70 79 21 73 52 27 93 5 70 45 19 39 60 22 42 45 95 90 43 83 23 25 5 39 21 89 99 18 76 30 68 70 26 96 9 43 70 53 56 96 7 58 56 1 100 35 5 6 98 49 53 29 65 52 55 100 15 45 27 42 45 73 82 47 71 78 72 30 62 62 51 66
40 10 18 12 79 33 2 20 66 73 19 84 53 69 94 65 83 100 17 5 61 40 59 21 56 90 42 64 71 82 63 51 18 78 73 90 67 32 17 27 3 7 4 18 10 41 65 33 47 22 84 84 53 100 23 16 75 56 48 87 63 40 91 87 64 25 22 5 22 83 14 67 85 82 64 13 78 99 20 39 57 8 4 72 41 60 40 87 18 83 45 57 56 44 7 74 65
40 52 35 53 82 98 77 23 23 88 3 15 88 55 17 42 42 86 7 25 69 24 88 82 12 17 13 19 76 100 45 16 70 87 50 24 66 56 27 66 46 55 67 38 92 47 66 93 63 29 15 97 83 98 6 34 66 77 79 44 18 65 66 78 84 40 60 50 43 48 86 31 22 9 5 79 34 15 18 44 4 29 31 65 97 31 25 44 30 96 59 7 34 47 67 19 78
54 31 69 64 19 55 71 80 86 93 57 11 24 69 93 56 43 10 92 15 38 97 82 12 42 41 39 25 96 10 7 67 33 74 35 86 20 69 45 71 55 63 14 94 85 15 14 96 90 58 27 50 75 38 25 11 47 61 22 98 82 93 14 28 10 49 57 41 47 59 80 76 39 23 76 64 18 84 45 63 14 58 38 54 46 96 85 15 68 71 26 38 80 75 47 28 12
99 99 100 77 59 71 26 95 1 56 40 55 5 62 18 59 10 49 50 100 88 10 37 24 3 8 1 79 83 87 88 95 18 8 43 97 64 87 82 73 37 86 83 41 36 47 81 94 66 67 39 96 24 20 49 96 9 44 18 10 11 82 23 7 13 86 91 39 38 96 59 83 24 86 60 31 34 83 59 82 90 22 28 38 85 66 10 58 22 61 26 53 14 48 70 97 40
55 36 11 40 6 62 1 100 27 12 93 92 21 85 84 98 60 98 75 16 9 73 48 20 8 36 97 84 41 92 68 72 56 13 38 36 25 55 58 54 34 55 4 32 18 18 19 86 82 37 34 91 9 13 98 100 58 69 8 77 85 6 89 31 49 31 83 81 64 93 18 59 55 12 55 44 66 3 3 34 44 40 87 24 30 63 34 11 61 85 69 13 39 92 22 18 50
5 59 3 77 21 37 65 86 80 14 46 29 47 12 3 85 44 51 85 72 79 10 75 94 83 65 48 36 13 93 21 58 60 21 59 78 74 68 78 79 62 94 60 70 79 51 35 35 92 21 84 6 76 78 74 16 71 2 66 8 30 54 9 95 24 69 39 55 77 25 81 6 3 18 5 58 18 87 91 4 100 37 28 38 59 12 99 13 98 91 20 59 54 83 64 67 36
83 64 38 81 15 5 90 90 22 64 34 42 48 80 61 62 48 85 46 23 86 90 15 52 24 92 28 94 90 52 67 40 52 90 18 27 75 36 76 80 55 23 36 48 55 25 26 8 53 94 75 53 67 38 43 64 6 99 93 77 47 23 75 89 11 38 94 79 71 5 60 41 39 61 76 98 27 65 71 10 56 93 40 92 84 49 73 3 48 26 32 24 48 7 90 43 40
90 99 92 26 24 94 12 49 62 36 40 76 22 23 17 77 49 31 9 28 78 65 81 78 15 94 47 55 83 34 1 32 68 5 47 29 25 82 10 94 6 66 45 75 35 27 81 49 30 66 95 47 29 30 81 33 84 99 13 56 46 77 72 86 54 88 11 63 16 11 54 72 37 87 46 59 87 83 97 43 37 7 63 57 54 37 95 28 76 2 78 33 42 44 36 86 98
87 13 36 61 26 9 18 36 56 27 24 84 43 65 48 32 48 89 31 89 71 92 23 2 29 64 96 30 51 48 57 47 20 36 56 68 91 42 17 45 98 35 62 9 47 31 94 48 85 32 72 18 6 76 91 72 6 4 84 18 25 4 34 48 1 57 88 97 54 66 59 73 80 2 94 94 51 9 60 49 92 49 13 42 98 94 47 29 34 33 98 98 88 9 1 83 51
8 59 21 83 97 86 96 64 57 99 23 34 87 95 64 35 15 40 7 97 3 19 81 13 5 32 10 10 7 82 95 58 44 62 62 69 26 50 55 24 16 54 92 61 34 69 87 24 67 48 78 33 30 47 68 14 96 77 42 16 13 86 96 17 45 43 93 54 85 41 56 30 18 62 49 16 17 25 12 37 96 78 36 91 44 16 62 11 43 82 34 50 56 92 62 90 16
52 3 32 83 37 5 91 96 87 91 39 85 83 97 86 19 44 75 43 88 53 67 82 74 29 71 76 31 97 33 7 53 29 94 84 64 54 4 86 69 57 60 18 90 12 68 25 75 49 9 49 47 99 55 8 4 89 23 45 47 72 53 73 39 40 52 13 51 54 59 65 18 29 85 96 23 23 15 5 30 93 61 85 45 41 62 5 42 34 75 95 52 1 95 24 51 51
80 73 69 79 37 78 79 82 75 74 21 4 96 49 69 36 42 14 13 7 88 93 51 93 28 48 97 12 29 4 25 85 57 38 90 48 6 14 11 96 88 32 23 91 62 86 74 3 78 58 56 5 70 28 20 25 96 81 78 14 28 56 80 31 53 37 21 58 33 65 98 12 98 42 46 97 5 44 13 42 8 51 21 56 38 37 64 50 13 58 100 90 29 30 68 68 15
82 78 52 84 59 50 93 27 92 46 77 41 55 77 31 20 50 97 91 57 17 84 49 26 94 3 4 98 8 58 72 7 41 86 14 58 60 64 71 49 94 18 36 90 90 87 12 54 34 7 50 60 32 76 65 30 27 38 97 41 79 82 16 41 34 77 12 83 35 99 3 83 7 98 53 36 55 83 52 30 65 56 58 9 86 23 34 71 11 62 88 88 98 59 62 45 100
22 87 23 21 97 40 32 16 67 20 95 56 28 16 84 93 52 10 66 51 1 93 44 23 75 41 41 63 98 41 31 1 34 62 7 58 98 94 82 89 77 5 83 42 46 58 68 87 78 50 26 66 44 64 25 23 80 65 62 100 34 38 91 15 64 2 93 58 63 41 68 82 83 93 48 24 50 33 50 71 23 35 49 80 5 74 6 62 57 15 85 79 60 71 33 74 41
18 10 1 44 50 6 2 54 7 71 92 12 54 78 89 50 64 58 73 35 68 27 74 59 55 37 66 24 19 50 32 65 30 46 34 84 20 60 47 97 51 62 96 23 99 52 33 100 13 47 29 68 96 80 13 82 62 14 37 65 86 12 28 11 74 30 79 79 8 14 27 25 10 66 30 36 67 53 54 48 6 7 36 36 61 69 88 57 22 44 34 79 9 44 85 27 95
48 90 59 37 65 47 62 43 96 20 95 94 11 21 83 12 58 85 56 31 50 27 29 38 51 36 91 15 83 84 39 16 90 28 33 19 55 27 67 55 58 31 31 37 4 54 96 42 56 38 72 71 59 78 45 19 63 58 9 28 47 57 40 5 42 20 76 66 49 74 45 96 62 30 100 19 26 29 88 53 53 57 83 4 17 72 30 55 4 53 68 1 42 20 37 7 26
68 14 83 55 50 71 28 47 87 51 88 23 42 35 47 6 43 81 83 90 99 79 45 62 9 97 81 83 44 72 48 61 70 35 69 34 65 29 58 20 8 88 57 86 4 16 71 29 31 80 18 64 65 98 69 62 17 44 8 69 23 65 63 63 99 16 52 28 56 13 35 19 38 6 97 54 52 56 82 7 31 54 23 1 63 64 52 90 7 84 19 54 99 9 65 15 31
25 21 59 75 53 90 83 89 26 40 21 6 14 18 24 17 63 98 55 73 63 25 99 9 13 13 65 69 3 48 35 10 85 95 1 62 53 63 12 45 23 50 58 74 31 26 29 34 96 41 52 62 23 4 10 24 20 82 18 17 89 47 70 16 45 50 76 76 30 6 10 89 98 84 53 48 82 30 100 34 96 46 74 48 7 14 5 56 21 78 9 46 12 11 68 32 12
63 55 62 36 84 77 47 42 93 78 76 20 71 19 1 33 68 16 5 92 22 38 13 15 54 82 82 30 67 5 15 83 33 90 56 98 4 81 41 36 90 17 89 37 28 65 91 28 88 22 58 26 76 56 39 31 17 65 31 71 51 30 53 77 24 16 6 84 19 18 36 56 82 6 76 64 61 81 95 67 17 51 51 63 37 74 13 52 8 66 26 39 79 85 74 7 60
19 20 40 28 89 96 93 5 29 9 41 10 77 43 22 27 13 51 66 40 6 52 55 58 13 47 9 48 11 42 73 62 66 90 11 39 88 88 72 23 87 80 17 92 64 65 25 19 99 44 73 1 31 76 72 95 78 97 65 93 52 88 2 77 37 91 24 8 12 18 100 29 26 68 80 35 14 29 62 19 49 32 93 13 97 41 58 43 86 34 68 34 49 49 11 82 33
24 41 100 22 28 82 10 79 39 58 9 35 41 12 53 20 76 77 46 44 7 61 87 7 96 82 32 40 66 71 44 64 73 34 90 12 27 9 46 27 79 85 100 67 8 77 5 14 84 86 19 84 37 51 38 31 48 78 26 31 44 83 31 27 10 84 70 40 63 30 82 96 57 8 3 46 5 17 86 84 56 15 25 25 28 89 36 92 38 73 68 60 66 66 35 34 23
7 5 32 19 53 89 32 1 73 27 44 49 50 72 70 7 41 70 43 17 30 86 12 66 18 87 97 79 1 13 46 91 66 74 78 85 73 31 61 54 40 54 97 88 81 31 21 43 75 69 42 41 47 15 89 87 10 26 77 2 24 80 37 43 26 65 1 15 46 5 93 14 43 50 5 10 45 60 3 86 74 54 62 43 75 15 9 43 16 1 68 56 26 12 100 31 62
14 88 2 86 98 87 99 83 23 5 70 27 50 34 13 30 98 76 2 36 74 71 60 13 77 69 33 27 18 76 91 91 66 29 78 26 62 47 46 43 91 95 98 10 57 12 88 14 84 50 97 14 73 55 19 17 96 14 93 68 97 88 79 69 13 75 75 61 41 64 79 40 53 72 52 28 26 51 26 35 76 58 13 78 20 25 88 19 13 34 36 81 45 71 71 23 89
46 60 41 76 76 74 5 50 69 33 9 36 14 65 76 83 30 6 28 53 29 86 15 57 25 93 89 87 51 30 57 8 90 75 74 35 38 62 4 71 81 45 6 23 12 91 94 24 4 64 79 38 27 55 79 6 51 37 37 38 95 5 52 29 27 94 57 12 18 61 13 81 71 91 59 19 7 17 88 27 42 82 12 34 63 85 56 15 73 40 65 14 55 64 92 88 38
30 82 1 37 5 81 24 33 49 35 53 10 35 63 5 46 90 58 97 97 25 33 48 17 14 64 87 99 31 100 66 69 63 60 21 25 83 100 86 94 61 91 13 77 28 67 9 11 22 78 12 37 39 68 50 44 71 22 30 43 45 13 90 1 12 95 84 67 7 97 69 45 44 6 81 84 66 83 39 1 47 88 54 7 47 97 44 78 94 80 38 87 4 34 97 14 67
49 67 95 36 13 84 12 82 85 71 87 67 8 4 76 5 59 32 16 88 29 63 12 36 6 72 79 54 80 1 85 82 71 41 58 56 91 20 18 95 24 22 26 76 41 59 64 71 87 76 50 87 12 85 32 21 55 50 47 96 71 32 92 22 72 2 50 65 52 12 87 42 74 34 21 85 91 36 93 59 30 20 15 57 69 100 96 73 44 91 7 86 70 62 9 15 18
11 85 88 56 36 71 16 11 72 45 42 41 47 87 51 29 20 29 95 29 44 58 56 8 68 83 63 45 5 47 60 65 23 89 97 2 20 58 49 4 59 48 82 80 49 70 64 23 26 30 52 63 95 4 66 12 87 56 89 42 91 9 99 62 54 76 55 30 29 69 73 9 80 31 91 7 73 66 22 33 52 100 35 84 11 85 74 8 15 16 10 10 59 5 2 13 81
100 12 57 46 54 60 41 81 47 43 23 67 31 17 82 42 9 99 43 27 21 49 7 12 73 59 40 94 38 46 45 43 39 30 39 28 30 14 41 40 94 31 44 52 86 40 72 30 4 89 65 92 28 3 74 3 49 24 98 59 12 11 79 8 84 34 71 9 14 78 69 93 54 35 85 99 49 61 71 14 17 69 18 97 53 44 36 35 18 45 56 26 31 13 58 37 71
64 58 39 88 1 12 70 58 54 7 21 41 10 32 53 28 23 9 78 14 19 73 24 2 45 27 84 63 72 83 21 24 80 76 78 66 63 14 65 17 42 9 72 15 60 3 4 1 55 19 51 90 82 27 7 39 73 99 59 8 75 10 76 47 93 75 28 94 84 12 65 61 37 68 58 86 50 19 46 80 20 35 9 94 19 60 54 80 62 67 62 34 83 90 50 24 72
50 71 86 52 62 87 69 32 63 26 69 26 73 91 25 63 54 23 68 19 92 96 29 61 63 46 73 56 59 52 59 38 67 3 16 26 15 6 33 7 83 69 14 66 53 75 80 12 79 42 93 10 36 22 70 77 33 41 21 62 50 49 68 61 31 26 30 67 76 30 61 58 92 90 68 56 29 35 37 83 87 61 9 88 92 54 3 37 90 58 10 32 15 6 51 1 89
26 71 75 44 91 45 4 57 69 42 46 36 30 36 80 29 16 61 20 19 3 8 16 61 17 69 8 65 13 25 4 98 94 11 18 72 50 25 18 59 35 18 60 32 16 2 58 63 27 19 75 1 82 53 79 8 51 24 96 69 60 52 68 17 7 26 32 72 66 89 56 13 59 71 92 94 46 5 59 54 55 92 25 80 57 50 14 3 3 37 73 50 95 13 46 51 80
20 24 79 88 77 30 12 89 77 36 61 31 66 77 76 7 85 82 17 31 27 89 91 29 66 87 61 24 37 10 75 41 65 8 21 31 41 72 55 53 12 26 93 11 90 61 9 99 69 22 3 61 97 28 60 62 5 22 74 57 35 84 6 66 97 94 47 99 18 98 15 60 53 96 12 23 28 78 72 96 79 28 16 37 54 42 33 81 41 97 20 58 98 80 36 72 88
67 65 96 58 11 39 89 2 19 92 62 15 86 62 4 53 18 24 42 71 96 15 74 65 37 20 85 40 61 96 90 38 15 6 19 63 36 48 73 100 2 33 20 69 23 79 78 90 14 56 84 77 39 77 10 99 34 85 64 16 13 59 60 48 93 27 95 15 49 70 50 19 91 92 18 53 18 34 11 58 9 96 40 10 40 4 67 30 20 52 78 65 6 36 71 16 94
8 40 80 14 8 38 28 100 84 3 19 83 75 49 20 27 51 41 28 90 83 4 78 59 48 72 45 97 16 18 44 83 15 7 36 78 39 1 29 46 83 51 26 54 27 43 78 35 54 51 2 32 11 22 95 55 90 85 95 29 26 45 26 90 79 35 49 47 10 13 92 85 14 98 24 51 22 94 95 35 60 58 83 61 92 35 97 11 85 53 67 100 67 5 60 83 50
96 30 43 14 28 15 73 99 45 40 77 31 41 32 61 18 83 13 26 5 2 68 72 66 72 65 60 15 65 40 4 37 90 7 39 82 42 100 38 50 19 19 98 99 8 83 22 95 6 7 31 99 92 92 50 89 99 41 10 85 33 64 27 39 10 87 67 87 29 10 75 67 41 19 88 45 27 77 62 20 65 1 96 69 19 13 25 65 21 28 42 33 66 55 30 13 79
32 7 41 47 8 85 73 94 81 47 98 75 74 92 81 66 11 96 80 77 16 49 99 19 76 96 61 95 73 95 38 14 17 94 95 91 92 72 52 90 65 97 26 75 31 98 17 72 69 61 71 38 75 77 86 99 50 4 34 100 9 39 87 58 62 17 14 6 57 8 77 1 44 77 68 59 38 30 97 76 23 5 59 48 71 34 43 35 98 45 35 70 21 17 55 19 44
16 29 79 31 37 12 96 72 42 8 8 20 45 76 64 69 61 32 69 13 80 45 23 17 56 14 71 64 87 59 65 45 87 49 10 38 2 44 2 86 73 36 9 98 3 3 86 55 53 49 73 12 79 93 90 85 93 31 18 26 75 79 25 74 78 25 43 6 88 50 11 43 2 45 66 27 100 49 18 42 84 14 10 39 67 10 23 64 96 55 64 28 14 78 90 79 21
78 35 23 79 1 76 42 13 78 24 58 31 43 31 4 20 73 42 72 11 78 41 65 93 58 15 56 68 49 12 33 3 39 85 50 63 54 76 34 9 8 6 13 70 5 93 70 71 7 9 82 53 66 85 11 31 91 50 27 9 39 72 50 65 13 74 5 68 28 51 89 52 58 16 7 51 78 96 81 70 43 25 72 3 4 29 12 47 7 25 25 76 21 77 64 35 12
88 77 85 28 74 86 48 50 35 92 83 62 65 27 73 11 24 84 74 44 73 91 94 37 45 3 79 58 99 21 25 19 33 87 48 22 39 92 30 20 53 15 78 50 83 82 52 51 45 17 13 97 79 88 9 50 57 71 64 71 35 55 66 63 53 53 91 61 77 53 82 41 9 94 83 58 94 1 98 8 73 7 10 96 69 91 91 25 53 47 80 68 44 45 48 43 6
29 83 93 37 100 7 93 16 40 84 89 74 87 92 6 39 22 19 33 98 36 51 79 38 9 79 52 14 50 73 32 30 29 32 56 37 9 95 99 68 66 31 76 92 26 67 36 51 30 97 55 75 11 88 71 27 71 16 16 30 52 70 13 37 3 49 75 88 76 88 56 4 18 85 39 76 89 72 34 61 27 76 34 10 16 55 3 48 75 53 7 99 74 15 75 53 33
16 1 95 10 83 32 36 37 38 21 16 92 50 10 2 46 52 3 5 3 60 44 70 99 48 66 61 60 76 14 48 33 79 44 88 69 64 69 29 3 17 58 2 35 24 45 49 17 93 46 92 4 27 76 12 18 66 56 16 66 68 97 5 50 27 68 65 94 98 54 54 89 28 75 45 34 73 66 90 1 6 42 94 36 3 55 34 40 11 34 93 68 64 5 17 28 16
62 50 41 43 45 28 1 1 92 22 21 26 35 58 27 96 92 99 61 86 76 8 73 19 7 15 86 24 21 87 11 37 10 89 51 5 39 77 48 13 44 3 8 3 88 64 21 75 56 55 28 62 40 87 21 29 16 99 92 56 70 67 75 56 79 100 10 13 11 43 67 4 100 54 92 76 42 60 77 59 81 39 98 36 91 98 56 23 85 59 75 92 83 17 64 35 98
87 20 51 73 46 97 54 80 3 83 33 13 83 85 96 43 22 81 32 80 50 50 11 97 2 1 84 69 42 50 79 86 52 35 19 79 44 73 10 94 1 42 53 28 76 3 41 71 4 39 61 63 26 3 10 93 97 23 67 7 61 41 24 20 93 57 4 59 83 65 94 49 68 46 65 88 63 54 84 21 46 15 89 74 58 51 75 72 74 42 98 86 35 10 14 99 34
69 48 45 78 40 24 35 80 85 54 68 77 26 83 4 3 64 66 50 18 63 96 55 24 72 89 66 2 59 24 48 29 3 45 82 62 98 93 5 10 1 89 17 65 6 3 57 91 28 29 37 63 37 31 57 35 15 68 50 84 93 39 47 92 6 8 54 10 39 28 66 25 16 93 90 51 80 43 39 90 98 70 91 88 39 77 79 55 82 18 47 77 81 8 3 98 76
73 16 74 26 63 51 21 36 9 84 35 35 5 35 41 42 65 72 1 31 66 17 93 36 9 8 19 57 85 8 20 28 23 32 86 26 60 47 54 48 100 3 2 19 63 84 43 84 77 79 27 79 2 54 89 91 31 90 32 91 94 88 21 54 36 44 91 64 29 71 45 87 15 58 39 53 58 87 61 24 24 56 93 9 89 66 37 6 57 56 48 78 29 80 97 66 2
